#
 0,               UCB,40,  0.06,  0.03,   *                 |                   ,  0.00,  1.00
 0,                PI,40,  0.06,  0.03,   *                 |                   ,  0.00,  1.00
 0,                EI,40,  0.06,  0.03,   *                 |                   ,  0.00,  1.00
 0,              rand,40,  0.06,  0.02,   *                 |                   ,  0.00,  1.00
#
 1,       progressive,40,  0.08,  0.03,   -*                |                   ,  0.00,  1.00
 1,    ExpProgressive,40,  0.08,  0.04,   -*                |                   ,  0.00,  1.00
 1,              bonr,40,  0.08,  0.04,   -*                |                   ,  0.00,  1.00
 1,              rand,15,  0.08,  0.02,   -*                |                   ,  0.00,  1.00
 1,    ExpProgressive,15,  0.08,  0.04,   -*                |                   ,  0.00,  1.00
 1,                PI,15,  0.08,  0.03,   -*                |                   ,  0.00,  1.00
#
 2,                EI,15,  0.08,  0.03,   -*                |                   ,  0.00,  1.00
 2,               UCB,15,  0.08,  0.03,   -*                |                   ,  0.00,  1.00
 2,                 EI,9,  0.08,  0.04,   -*                |                   ,  0.00,  1.00
 2,                UCB,9,  0.08,  0.04,   -*                |                   ,  0.00,  1.00
 2,                 PI,9,  0.08,  0.04,   -*                |                   ,  0.00,  1.00
 2,               rand,9,  0.09,  0.05,   -*                |                   ,  0.00,  1.00
 2,              bonr,15,  0.09,  0.04,   -*                |                   ,  0.00,  1.00
 2,       progressive,15,  0.09,  0.04,   -*                |                   ,  0.00,  1.00
 2,      SimAnnealing,40,  0.09,  0.05,   -*                |                   ,  0.00,  1.00
 2,      SimAnnealing,15,  0.09,  0.05,   -*                |                   ,  0.00,  1.00
 2,               bonr,9,  0.09,  0.04,   -*                |                   ,  0.00,  1.00
 2,        progressive,9,  0.09,  0.04,   -*                |                   ,  0.00,  1.00
 2,     ExpProgressive,9,  0.09,  0.04,   -*                |                   ,  0.00,  1.00
#
 3,       SimAnnealing,9,  0.09,  0.05,   -*                |                   ,  0.00,  1.00
 3,                b2,15,  0.11,  0.05,    -*               |                   ,  0.00,  1.00
 3,                b2,40,  0.11,  0.05,    -*               |                   ,  0.00,  1.00
 3,                 b2,9,  0.11,  0.05,    -*               |                   ,  0.00,  1.00
#
 4,            base,1512,  0.27,  0.26,      -----*----     |                   ,  0.00,  1.00
