#
 0,    ExpProgressive,40,  0.00,  0.00, *                   |                   ,  0.00,  1.00
 0,              bonr,40,  0.00,  0.00, *                   |                   ,  0.00,  1.00
#
 1,      SimAnnealing,40,  0.00,  0.00, *                   |                   ,  0.00,  1.00
 1,               UCB,40,  0.00,  0.00, *                   |                   ,  0.00,  1.00
 1,                PI,40,  0.00,  0.00, *                   |                   ,  0.00,  1.00
 1,                EI,40,  0.00,  0.00, *                   |                   ,  0.00,  1.00
 1,    ExpProgressive,15,  0.00,  0.00, *                   |                   ,  0.00,  1.00
#
 2,              rand,40,  0.00,  0.00, *                   |                   ,  0.00,  1.00
 2,                b2,40,  0.00,  0.01, *                   |                   ,  0.00,  1.00
 2,              bonr,15,  0.00,  0.01, *                   |                   ,  0.00,  1.00
 2,              rand,15,  0.00,  0.01, *                   |                   ,  0.00,  1.00
 2,               bonr,9,  0.01,  0.05, *-                  |                   ,  0.00,  1.00
 2,                b2,15,  0.01,  0.06, *-                  |                   ,  0.00,  1.00
 2,     ExpProgressive,9,  0.01,  0.01, *                   |                   ,  0.00,  1.00
 2,                PI,15,  0.01,  0.01, *                   |                   ,  0.00,  1.00
 2,                EI,15,  0.01,  0.01, *                   |                   ,  0.00,  1.00
 2,               UCB,15,  0.01,  0.01, *                   |                   ,  0.00,  1.00
 2,      SimAnnealing,15,  0.01,  0.01, *                   |                   ,  0.00,  1.00
 2,                 EI,9,  0.01,  0.01, *                   |                   ,  0.00,  1.00
 2,                UCB,9,  0.01,  0.01, *                   |                   ,  0.00,  1.00
#
 3,                 PI,9,  0.01,  0.01, *                   |                   ,  0.00,  1.00
 3,               rand,9,  0.01,  0.06, *-                  |                   ,  0.00,  1.00
 3,       SimAnnealing,9,  0.01,  0.06, *-                  |                   ,  0.00,  1.00
 3,                 b2,9,  0.05,  0.20, --*-----            |                   ,  0.00,  1.00
#
 4,             base,196,  0.26,  0.19,       ----*--       |                   ,  0.00,  1.00
