ExpProgressive,40 0.0013320035796287003 0.000245546702168144 0.016795161682611682 0.0005185573956688374 0.000245546702168144 0.0 0.00013429426270238648 0.017905125874687393 0.015661922921610085 0.0017930727900505887 0.0 0.0017930727900505887 0.0014078786743271043 0.013782966972222963 0.000245546702168144 0.010257568017018364 0.0062582988384826356 0.014755611207635917 0.0007827237529776899 0.004042327131048625

SimAnnealing,15 0.002144053289453013 0.011316560903146373 0.020381307262712853 0.002144053289453013 0.022506508151335897 0.0 0.019853905530852183 0.006744039091965966 0.015661922921610085 0.006727281402339325 0.004042327131048625 0.0005185573956688374 0.016800049342086124 0.013782966972222963 0.011573977635466718 0.010257568017018364 0.009836298319459749 0.033821905326035975 0.004328604328837074 0.023805461843089838

PI,15 0.002144053289453013 0.014779118522251066 0.015370758064347198 0.015792260507595073 0.0013494595063231188 0.007850046607324275 0.012273611177378982 0.0036987944937024817 0.01623889948528291 0.00837535362798162 0.013020724839900053 0.0061586836834798256 0.025076253306443447 0.013421512916803886 0.017084464574360497 0.011783681501488986 0.009954998620981788 0.0022634518280428314 0.0151917766293071 0.013664499416390183

rand,9 0.002144053289453013 0.017036751708062427 0.018085271038173784 0.002144053289453013 0.017767107680956858 0.0028532294046248892 0.012506589612327144 0.04092064884843251 0.015661922921610085 0.013438968843498308 0.009862365836656745 0.007814203771178405 0.01421005531201305 0.013782966972222963 0.011573977635466718 0.010257568017018364 0.03100777719720658 0.004328604328837074 0.015195500560335246 0.0075393311121636376

ExpProgressive,15 0.002144053289453013 0.01993257357382169 0.020381307262712853 0.002144053289453013 0.01913053192863551 0.0 0.019853905530852183 0.027375082479253625 0.015661922921610085 0.03293700621547363 0.004042327131048625 0.014899448043597918 0.01981340778092113 0.013782966972222963 0.011573977635466718 0.010257568017018364 0.01965281325533249 0.043453387438947895 0.010257568017018364 0.008596229287088314

bonr,9 0.002144053289453013 0.012212631806793148 0.027753759715677864 0.002144053289453013 0.02038479844805174 0.001062251325777634 0.019853905530852183 0.02755708960825409 0.015661922921610085 0.03293700621547363 0.013773889890341867 0.015474562641756668 0.01981340778092113 0.013782966972222963 0.011573977635466718 0.010257568017018364 0.043592336615435455 0.02755708960825409 0.013887004295321692 0.023805461843089838

rand,40 0.002144053289453013 0.014091122264801753 0.0038382091615685654 0.002144053289453013 0.006182423743784235 0.0023521279356504736 3.0024193914399596e-05 0.013401962278906138 0.0061938282825579226 0.0 0.007303094237565855 0.007814203771178405 0.00034562734854947047 0.0037057768643802493 0.005267965930686005 0.008577609631947605 0.006616028962873574 0.0005185573956688374 0.0007617766409443879 0.0075393311121636376

b2,15 0.0013494595063231188 0.022284236018093647 0.0032575086668676055 0.0013320035796287003 0.017767107680956858 0.0028532294046248892 0.019853905530852183 0.01083524281775896 0.015661922921610085 0.017729868370675434 0.013773889890341867 0.005359434986564754 0.0013494595063231188 0.013782966972222963 0.006038121416443714 0.010257568017018364 0.0444602452906819 0.000245546702168144 0.014470032246915242 0.005064778943962982

EI,9 0.002144053289453013 0.0048946418451147255 0.024004924898784714 0.021839226260230625 0.023527563490114704 0.021410508700615727 0.0012272680194621935 0.022278417375862173 0.015445934921977825 0.022208360923395246 0.020757657042244505 0.021597636234779886 0.017819242715350857 0.0008481252916594429 0.04201897575604527 0.012273611177378982 0.007303094237565855 0.023822452278405737 0.013997093006341155 0.00848707155882589

progressive,9 0.002144053289453013 0.025076253306443447 0.027753759715677864 0.002144053289453013 0.02038479844805174 0.0 0.019853905530852183 0.05490703555306776 0.015661922921610085 0.03293700621547363 0.013773889890341867 0.015474562641756668 0.01981340778092113 0.013782966972222963 0.011573977635466718 0.010257568017018364 0.04896690007180203 0.043453387438947895 0.013887004295321692 0.023805461843089838

base,3456 0.0 3.0024193914399596e-05 0.00011171793084427426 0.00013429426270238648 0.000245546702168144 0.00033492104684356273 0.0003430671459676236 0.00034562734854947047 0.0005185573956688374 0.0007389675633970157 0.0007617766409443879 0.0007827237529776899 0.0008481252916594429 0.001062251325777634 0.0011837445755707792 0.0012272680194621935 0.0012714897004213878 0.0013313053425609235 0.0013320035796287003 0.0013494595063231188 0.0013964741355534166 0.0014078786743271043 0.0016220047084452953 0.0016841478074774215 0.001745127178063254 0.0017930727900505887 0.002144053289453013 0.0022634518280428314 0.0023521279356504736 0.0024550015303029067 0.0024743194225113952 0.002487818672488413 0.0026304917800041207 0.002669127564421098 0.0028532294046248892 0.0032575086668676055 0.0035475097956841973 0.003563336502553802 0.0036987944937024817 0.0037057768643802493 0.0038382091615685654 0.00395178905792691 0.004042327131048625 0.0040667654284208075 0.004136589135198478 0.004328604328837074 0.004407039626117324 0.004552971173282656 0.004584391841332609 0.004616743492139595 0.0046570084963813855 0.004830636780568526 0.004879047883934381 0.0048946418451147255 0.004950268064847605 0.004953293758807968 0.004980525004451261 0.005064778943962982 0.005267965930686005 0.005276112029810066 0.005306368969413726 0.00534756495641255 0.005359434986564754 0.00538340779255842 0.005559829025016671 0.005560760007773704 0.005612196805099922 0.0056182481930206534 0.005636169611093591 0.005640359033500252 0.005798393356507044 0.005854019576239922 0.005878923364990625 0.0058926553606569 0.005974349097586775 0.005976443808790105 0.006038121416443714 0.0061191169163058124 0.0061586836834798256 0.006167993511050183 0.006169389985185737 0.006182423743784235 0.006185682183433859 0.0061938282825579226 0.006222688748026025 0.006243868605748585 0.006243868605748585 0.0062582988384826356 0.006302753265131087 0.006327424308192532 0.006352793588321751 0.006382352290857631 0.0064538052174601184 0.006508267708746697 0.006545041527649607 0.006616028962873574 0.006727281402339325 0.006735660247152646 0.006740547906627086 0.006744039091965966 0.006862273902109492 0.006879264337425393 0.0069151071735712635 0.006943036656282326 0.00694862255282454 0.007218607552364873 0.007272139060894418 0.007303094237565855 0.0075393311121636376 0.007563303918157307 0.007572846491416921 0.007590767909489856 0.007601939702574284 0.007625679762878693 0.0076917795386282194 0.007759508534202559 0.0077683528703944 0.0077844123229532615 0.0077902309651847355 0.007814203771178405 0.007850046607324275 0.007983875378648142 0.00799574540880035 0.008052768102668775 0.008154477968874918 0.008209638697229276 0.008333692149604275 0.00837535362798162 0.008428885136511164 0.008429117882200425 0.00847915820539109 0.00848707155882589 0.008539439338909141 0.008577609631947605 0.008596229287088314 0.008625322498245677 0.008687232851588544 0.008700732101565564 0.008734712972197361 0.008749608696309929 0.00903798060530171 0.009083831506085716 0.009095236044859404 0.009105476855186798 0.009304939910881677 0.009395245238314125 0.009408278996912628 0.009530004992395032 0.009634042315493762 0.00964125743186079 0.009683849892995167 0.009773922474738362 0.009836298319459749 0.009862365836656745 0.009949878215818093 0.009954998620981788 0.009983626340760637 0.00998455732351767 0.009996892845048391 0.010050191607888684 0.010106748810378596 0.010179830956805889 0.010257568017018364 0.010308772068655322 0.01032855545224233 0.010379526758190028 0.010691871473175473 0.010717706244683215 0.010745170236015764 0.010789857408353476 0.010798003507477536 0.010812433740211585 0.010815459434171951 0.01083524281775896 0.010893429240073686 0.010962554709783578 0.011149914989636998 0.011218342222279111 0.011244875230854627 0.011303527144547873 0.011316560903146373 0.011335646049665603 0.011340068217761522 0.011396858165940695 0.011504386674378305 0.011566064282031911 0.011573977635466718 0.011602605355245562 0.011642404868108832 0.011705478949897999 0.01171804721711798 0.011750864359303483 0.011783681501488986 0.011791129363545273 0.01182604121693411 0.011894933940954745 0.01191774301850212 0.011927751083140247 0.011968947070139077 0.011984308285630166 0.012040399996741558 0.012066467513938554 0.012071355173412995 0.012114645871615152 0.012123257462117726 0.012132567289688086 0.012185400561149853 0.012212631806793148 0.012214726517996476 0.012220079668849429 0.012273611177378982 0.0123878893108051 0.012395104427172126 0.012411862116798768 0.012429318043493183 0.012506589612327144 0.01257245664238741 0.01257664606479407 0.012701863245615362 0.01291575653404429 0.012946711710715727 0.013008156572680079 0.013020724839900053 0.013037715275215956 0.013063317301034438 0.013135002973326178 0.013221584369730494 0.01324322971883157 0.01331049322302739 0.013380084184115803 0.013401962278906138 0.013421512916803886 0.013434081184023868 0.013438968843498308 0.013596072183748064 0.013664499416390183 0.013721289364569355 0.013728271735247124 0.01373455586885711 0.013773889890341867 0.013782966972222963 0.013786923648940363 0.013812060183380324 0.013887004295321692 0.013903529239259074 0.013920519674574975 0.013939604821094204 0.013954966036585291 0.013978706096889702 0.013997093006341155 0.014010126764939651 0.014086234605327312 0.014091122264801753 0.014123473915608743 0.014136973165585756 0.0141576875319298 0.014187013488776422 0.01421005531201305 0.014249854824876321 0.014255673467107795 0.014275224105005544 0.014328988359224349 0.014430930971119752 0.014464213604683775 0.014470032246915242 0.014504245863236306 0.014506806065818152 0.014526822195094415 0.014596180410493568 0.014633885212153511 0.014669728048299382 0.014755611207635917 0.014779118522251066 0.014863372461762787 0.014899448043597918 0.01492039515563122 0.015008838517549602 0.015054456672644352 0.015085411849315783 0.015177811887951566 0.0151917766293071 0.015195500560335246 0.015248333831797018 0.015277427042954381 0.015288598836038803 0.01536889609883313 0.015370758064347198 0.015386817516906065 0.015441745499571164 0.015445934921977825 0.015474562641756668 0.015519948051162158 0.015633527947520504 0.015661922921610085 0.01569869674051299 0.01570335165429817 0.01573291035683405 0.015745013132675515 0.015745478624054034 0.01575874512834179 0.015770149667115475 0.015792260507595073 0.01580715623170764 0.015809250942910972 0.015830430800633528 0.01587884190399938 0.015882100343649008 0.015901650981546757 0.015919106908241172 0.015925158296161906 0.015960302895240003 0.016152550834567854 0.016193979567255937 0.01623889948528291 0.016240063213729204 0.016271018390400634 0.016298482381733186 0.016306162989478727 0.016380874355730837 0.016449534334062217 0.016463033584039232 0.016577544463154608 0.01661082709671863 0.016676694126778906 0.016737673497364738 0.016750707255963233 0.016795161682611682 0.016796558156747236 0.016799118359329082 0.016800049342086124 0.01681075564379203 0.016824487639458305 0.016824720385147564 0.01683426295840718 0.016857770273022328 0.016875458945406003 0.016877320910920077 0.016996719449509895 0.017012313410690236 0.017036751708062427 0.017072361798519037 0.017082835354535683 0.017084464574360497 0.01710610992346158 0.01711425602258564 0.01712449683291303 0.017126358798427103 0.017147538656149663 0.017155452009584467 0.017203863112950316 0.017246688319773953 0.017336062664449377 0.017343510526505658 0.017406119116916304 0.017418221892757765 0.017478037534897302 0.01748804559953544 0.01750526878054059 0.017551817918392377 0.01757369601318271 0.01759254841401268 0.01760907335795007 0.017619779659655978 0.017620012405345237 0.01769681848280067 0.017715205392252128 0.017729868370675434 0.017733126810325062 0.017767107680956858 0.017769900629227967 0.017771297103363518 0.01780341600848125 0.017807139939509397 0.017819242715350857 0.017881618560072244 0.01789604879280629 0.017901634689348505 0.017905125874687393 0.01796354504269138 0.017981466460764314 0.017987052357306528 0.01799473296505207 0.01801125790898945 0.01802359343052017 0.018066651383033067 0.018085271038173784 0.01809551184850117 0.01809970127090783 0.018112269538127813 0.018224685706039863 0.0182635542361461 0.01827076935251313 0.01827914819732645 0.01830754317141603 0.018329421266206375 0.018532142761550872 0.01857101129165711 0.01867365214062029 0.018674350377688068 0.018749294489629434 0.01880631718349786 0.01892245728243806 0.01895038676514912 0.01895434344186652 0.018980643704752782 0.019005082002124966 0.019077000420105968 0.01908235357095892 0.01913053192863551 0.01919919190696689 0.019289962725777862 0.019293453911116747 0.01930974610936487 0.019311608074878944 0.0193537350446348 0.01936071741531257 0.019363743109272934 0.019377940596317728 0.01941005950143546 0.019470806126332032 0.019488029307337187 0.019547379458098205 0.019564602639103368 0.01962907319502808 0.01965281325533249 0.01978873673785969 0.019798512056808562 0.019810847578339286 0.01981340778092113 0.019843431974835533 0.019853905530852183 0.01987834382822437 0.01988602443596991 0.019898359957500635 0.019910928224720615 0.01993257357382169 0.019955382651369067 0.019994716672853824 0.02002893028917488 0.020078970612365545 0.020142044694154704 0.020160198857916898 0.02018440440959983 0.02021605782333904 0.020230255310383832 0.020233746495722713 0.020235608461236787 0.020260977741366003 0.020294493120619286 0.020381307262712853 0.02038479844805174 0.020479060452201596 0.020504895223709334 0.020577744624447374 0.02058845092615328 0.020593105839938463 0.02061847512006768 0.02066758446050131 0.02067549781393611 0.020746019757781557 0.020757657042244505 0.02087868480065913 0.020905217809234645 0.021011815334915224 0.021096534765805464 0.021121904045934687 0.021129817399369488 0.021153557459673896 0.021205459748378636 0.021232690994021926 0.021253638106055225 0.02127109403274964 0.021302049209421078 0.021312522765437724 0.02137094193344171 0.021410508700615727 0.021424938933349777 0.02144355858849049 0.02145449763588566 0.02147335003671563 0.021475677493608222 0.02147730671343303 0.02157436166585399 0.021596472506333585 0.021597636234779886 0.021716569281991185 0.021718663993194512 0.02178057434653738 0.021787556717215145 0.021821304842157687 0.021839226260230625 0.02186925045414502 0.021886240889460923 0.021962814221227103 0.021985390553085217 0.0219979588203052 0.022107349294256885 0.022125503458019072 0.022132020337318325 0.02214202840195646 0.02220533522943488 0.022208360923395246 0.02221790349665486 0.02222139468199374 0.022244203759541118 0.022258866737964424 0.022278417375862173 0.022282606798268833 0.022284236018093647 0.022292614862906967 0.022315656686143596 0.0223366037981769 0.02240223808254791 0.02242574539716306 0.02243249502215157 0.022443434069546735 0.022486957513438155 0.022491612427223327 0.022506508151335897 0.02250860286253923 0.022545143935752878 0.02255282454349842 0.022572840672774687 0.022603795849446117 0.02260868350892056 0.02263219082353571 0.02268386036655118 0.02279208711205657 0.022875410068811258 0.022880763219664212 0.022883090676556805 0.023062304857286157 0.023093492779646854 0.023102337115838686 0.02310838850375942 0.023141205645944924 0.023147722525244177 0.02315330842178639 0.02316168726659971 0.02318915125793226 0.023190780477757075 0.02319543539154225 0.023199159322570398 0.02321591701219703 0.023254320050924756 0.023273637943133245 0.023274568925890277 0.023278758348296937 0.023323678266323908 0.02333159161975871 0.02337232211537902 0.02338023546881382 0.023380700960192333 0.023419336744609318 0.023440982093710393 0.023444473279049274 0.02345261937817334 0.023470773541935528 0.023485436520358845 0.023490324179833277 0.023500332244471414 0.023509409326352513 0.023527563490114704 0.023527563490114704 0.023540131757334683 0.02358784462363276 0.02358831011501128 0.023592266791728683 0.023652547925246733 0.023655340873517842 0.023663486972641902 0.023689088998460384 0.02369909706309852 0.023700959028612585 0.02370282099412666 0.023708872382047393 0.023731215968216243 0.023737732847515496 0.023754490537142136 0.02377124822676878 0.023788704153463194 0.023805461843089838 0.023808720282739462 0.023822452278405737 0.02383897722234312 0.02384270115337126 0.023845261355953107 0.023845726847331626 0.023872725347285656 0.02389832737310414 0.023904611506714125 0.023960470472136265 0.023980719347101786 0.024004924898784714 0.024009347066880637 0.02401865689445099 0.02411408262704714 0.024187164773474434 0.024191354195881094 0.02426280712248358 0.024316571376702387 0.024333096320639767 0.024349155773198627 0.02437475779901711 0.024388955286061907 0.024411997109298537 0.024440624829077377 0.024467390583342154 0.02448205356176546 0.02448507925572583 0.02452976642806354 0.024655449100263346 0.024674534246782582 0.024678956414878495 0.024744357953560246 0.024882143401601522 0.02495592378509659 0.024963837138531397 0.02496965578076287 0.025069503681454934 0.025076253306443447 0.025092080013313048 0.025173773750242923 0.0252124095346599 0.025265941043189452 0.025275716362138326 0.02532901512497861 0.025337859461170453 0.02538045192230483 0.025388132530050372 0.02539627862917444 0.025489609650567253 0.02550147968071946 0.025507065577261675 0.02551241872811463 0.025526848960848676 0.02553103838325534 0.02554756332719272 0.025555476680627527 0.025589923042637845 0.025636704926178883 0.025640661602896284 0.025641127094274803 0.025648807702020344 0.025664168917511433 0.02568790897781584 0.025706761378645807 0.025710718055363214 0.025728872219125412 0.025793110029360862 0.02582336696896452 0.02588318261110406 0.025896681861081072 0.025901104029176995 0.025944161981689893 0.026001184675558325 0.026013287451399785 0.02603516554619012 0.026047501067720847 0.02606798268837563 0.02608753332627338 0.02613128951585405 0.026166201369242886 0.026188544955411744 0.026197156545914323 0.026205535390727636 0.026214845218297998 0.026238119787223887 0.02623881802429166 0.026241145481184253 0.026249291580308316 0.026251386291511643 0.026255575713918303 0.02633470924826633 0.02633936416205151 0.026348906735311126 0.026360776765463327 0.026368457373208875 0.02639475763609513 0.02645876270064133 0.026459460937709102 0.026463184868737243 0.026501820653154227 0.026537430743610837 0.026548137045316743 0.026548369791006002 0.026564196497875614 0.02659119499782964 0.026599341096953704 0.026668932058042116 0.026671957752002484 0.02668289679939765 0.0266854570019795 0.026699188997645774 0.026699654489024293 0.026776926057858245 0.026784373919914534 0.026791123544903043 0.026795080221620443 0.02687398101027921 0.026915875234345812 0.026939848040339477 0.026976156367863866 0.026983371484230894 0.02703527377293563 0.02706995288063521 0.02707437504873112 0.027127208320192893 0.02716188742789247 0.027168171561502464 0.02718539474250762 0.02724683960447197 0.027267321225126755 0.0272777947811434 0.02728105322079303 0.027292690505255977 0.02729338874232375 0.02729338874232375 0.027305957009543733 0.027313404871600017 0.027318292531074453 0.02735739380686995 0.027375082479253625 0.027383461324066945 0.027385788780959538 0.027405106673168027 0.027415347483495417 0.02745747445325128 0.02749378278077567 0.027530556599678575 0.027539866427248927 0.027547779780683734 0.027548012526372987 0.02754847801775151 0.027554994897050756 0.02755708960825409 0.027624120366760648 0.027636223142602116 0.02770069369852683 0.027706512340758303 0.027710934508854226 0.02773327809502308 0.027734907314847894 0.027735372806226406 0.027742587922593435 0.027743518905350466 0.027753759715677864 0.02775585442688119 0.027795188448365947 0.027853840362059193 0.027861986461183253 0.027874321982713973 0.027878976896499156 0.027886657504244697 0.027902949702492817 0.027926689762797226 0.02792831898262204 0.0280083834997271 0.028018158818675976 0.02802002078419005 0.0280293306117604 0.0280332872884778 0.028086818797007355 0.028121963396085446 0.028160133689123908 0.028178055107196842 0.02818061530977869 0.028192252594241633 0.028214596180410487 0.028226931701941207 0.02823554329244379 0.028266032977736704 0.028286281852702235 0.028309556421628124 0.028380776602541343 0.028386129753394298 0.02842057611540462 0.028466194270499366 0.028487374128221922 0.02851553635662225 0.028518329304893356 0.028565343934123653 0.028624461339195415 0.028625857813330966 0.028635167640901328 0.028643779231403904 0.028647968653810564 0.028685207964091994 0.02871569764938491 0.028746187334677827 0.028747351063124118 0.02875177323122004 0.028757359127762255 0.02875898834758706 0.028773884071699635 0.02879995158889663 0.028820665955240674 0.028837656390556576 0.028905385386130914 0.02900383681268743 0.029005233286822984 0.02901826704542148 0.029076918959114725 0.02911392552370689 0.029119744165938363 0.02915628523915201 0.029177697842563827 0.02920725654509971 0.029257995105358148 0.029310130139752148 0.029323862135418422 0.029324560372486194 0.029352024363818747 0.029367851070688355 0.029368549307756127 0.029381117574976107 0.0293822813034224 0.029396944281845715 0.02940229743269867 0.029424175527489004 0.029424641018867527 0.02943395084643788 0.029436511049019728 0.029448381079171936 0.0294514067731323 0.029461414837770428 0.02956196097553028 0.02962480231163018 0.029635974104714607 0.029643887458149415 0.029680195785673796 0.029696022492543404 0.029722555501118922 0.02972860688903965 0.029761889522603672 0.02976584619932108 0.029837066380234298 0.029842186785397993 0.029851496612968355 0.02986522860863463 0.029867556065527216 0.029959723358473744 0.03002093547474883 0.030023495677330685 0.0300290815738729 0.030080052879820598 0.030090293690147984 0.030151505806423076 0.03022505344422889 0.03026112902606402 0.03028021417258325 0.030417301383556743 0.030422421788720445 0.030450584017120766 0.03047990997396739 0.030502253560136243 0.03051226162477438 0.03051761477562733 0.03053623443076804 0.030563465676411338 0.03056881882726429 0.030576266689320578 0.030576964926388353 0.030582318077241304 0.030584180042755378 0.030585343771201673 0.030590929667743887 0.03062397955561865 0.03063608233146011 0.0306644773055497 0.03070916447788741 0.03080063353376616 0.03081715847770354 0.03084299324921128 0.03091700637839561 0.030944703115417423 0.03096821043003257 0.03100777719720658 0.03101126838254547 0.03101964722735879 0.03103943061094579 0.031041525322149124 0.031042921796284678 0.03104338728766319 0.031045481998866524 0.031063636162628718 0.0310671273479676 0.031102737438424215 0.03110413391255977 0.031157199929710794 0.031177448804676322 0.031196068459817032 0.031205843778765906 0.03130662266221501 0.03133222468803349 0.031365041830218994 0.03141065998531374 0.03143719299388926 0.03145604539471923 0.03145976932574737 0.03148397487743029 0.03149049175672955 0.03149607765327176 0.0315507728902476 0.03157497844193053 0.031612915989279726 0.03164689685991153 0.0316957734546559 0.03174511554077879 0.031768390109704676 0.03183123144580458 0.03194364761371663 0.03197018062229214 0.03204279727734092 0.03209702702293825 0.032127051216852644 0.032132637113394855 0.03215451520818519 0.032156609919388526 0.03216522150989111 0.032191521772777364 0.0322303903028836 0.03225366487180949 0.032264836664893916 0.03228066337176352 0.032322092104451604 0.03233419488029307 0.03234397019924194 0.03236072788886859 0.032367477513857094 0.0323691067336819 0.03238632991468706 0.032391683065540015 0.03240494956982778 0.032461739518006946 0.0324852468326221 0.03253668362994832 0.0325401748152872 0.032584861987624905 0.03259463730657378 0.03264560861252148 0.03264723783234629 0.03265980609956628 0.03267563280643588 0.03268773558227734 0.03270519150897176 0.03274359454769948 0.03274499102183503 0.03275453359509464 0.03275453359509464 0.03277594619850647 0.03278432504331979 0.032788281720037185 0.03282738299583268 0.03283087418117157 0.03283506360357823 0.03285950190095042 0.03287044094834558 0.03287463037075224 0.032876026844887794 0.03288161274143001 0.03288463843539037 0.03289627571985332 0.03290907673276256 0.0329128006637907 0.03291722283188662 0.03292909286203882 0.03293211855599919 0.03293700621547363 0.03294259211201584 0.032950738211139904 0.03296191000422433 0.03298774477573207 0.032994494400720574 0.03300194226277686 0.03301264856448277 0.03302288937481016 0.03304616394373605 0.03305826671957751 0.033072929698000825 0.03307386068075786 0.03310155741777967 0.03311505666775669 0.03312227178412371 0.0331546234349307 0.033161605805608466 0.033162071296986985 0.03318022546074918 0.03318697508573769 0.033195121184861745 0.03320024159002545 0.03320489650381062 0.03321443907707024 0.03322049046499097 0.03322281792188356 0.03322281792188356 0.033231662258075396 0.03325144564166241 0.03325703153820462 0.03326122096061128 0.033267039602842746 0.0332723927536957 0.03329590006831086 0.033323131313954146 0.03336293082681742 0.03336479279233149 0.03337410261990185 0.03340319583105921 0.03344509005512581 0.033496992343830544 0.0335193359299994 0.03353330067135493 0.033539119313586406 0.03353981755065418 0.03354400697306084 0.033552618563563424 0.033580082554895974 0.033594047296251504 0.03364501860219921 0.03365293195563401 0.03369855011072876 0.03371042014088096 0.03371391132621984 0.03373020352446797 0.033743004537377205 0.03375161612787979 0.03376325341234273 0.03377745089938752 0.03378047659334789 0.03378489876144381 0.03378652798126862 0.033821905326035975 0.03384867108030075 0.03385332599408593 0.033881720968175516 0.033940372881868755 0.033947355252546524 0.03394991545512837 0.03397668120939314 0.03399041320505942 0.0340108948257142 0.034025325058448255 0.034049996101509696 0.034055116506673394 0.03405884043770154 0.034070012230785963 0.03408886463161594 0.034125638450518844 0.0341258711962081 0.0341309916013718 0.034145189088416586 0.03415170596771584 0.03421454730381574 0.03427017352354862 0.0343218430665641 0.034340462721704816 0.03436210807080589 0.03444612926462835 0.03447010207062202 0.034484532303356075 0.034504082941253816 0.0345585454325404 0.034581121764398516 0.03464093740653806 0.03465466940220433 0.03467515102285911 0.034697727354717225 0.03472123466933238 0.03475172435462529 0.03482154806140296 0.034836676531204785 0.0348473828329107 0.03490556925522543 0.034962824694783116 0.03496352293185089 0.03501472698348785 0.03506104337565037 0.03507663733683072 0.03507780106527701 0.03507826655665553 0.03508292147044071 0.03509223129801107 0.0351220227462362 0.035139245927241367 0.03515018497463653 0.03515251243152912 0.035194173909906465 0.035200225297827195 0.03520557844868015 0.03521837946158939 0.03524933463826082 0.035266092327887466 0.03531101224591444 0.03532241678468812 0.03534755331912808 0.03543553118966795 0.035483011310276764 0.035493252120604155 0.03551117353867709 0.0355270002455467 0.035548412848958516 0.03555423149118998 0.03556028287911072 0.03556074837048924 0.03559263452991771 0.03559263452991771 0.03559635846094585 0.03561940028418248 0.035678052197875725 0.03569806832715199 0.03572227387883491 0.035725997809863054 0.03574694492189636 0.035773245184782615 0.03580932076661775 0.0358305006243403 0.03583655201226104 0.035875886033745794 0.03589660040008983 0.03590078982249649 0.035908935921620554 0.03593221049054645 0.035942684046563096 0.035970148037895645 0.035971544512031196 0.03598178532235859 0.035987836710279324 0.03602111934384335 0.036055100214475146 0.036059289636881806 0.03606091885670662 0.03606510827911328 0.03608023674891511 0.03608768461097139 0.03612818236090244 0.036129811580727256 0.036154482623788696 0.03619660959354456 0.03621592748575305 0.036236641852097094 0.036255726998616324 0.03630111240802181 0.036320663045919556 0.036329972873489914 0.03634137741226359 0.036347661545873586 0.036383969873397974 0.036388857532872416 0.03639677088630722 0.03640445149405276 0.0364053824768098 0.03641003739059497 0.036425165860396805 0.03644122531295567 0.03645937947671786 0.03649010190770004 0.03649475682148521 0.0364970842783778 0.036506626851637414 0.03651733315334333 0.036536185554173296 0.0365503830412181 0.03659088079114914 0.03659809590751617 0.03662416342471317 0.036662566463440883 0.03668863398063788 0.03672913173056893 0.036735881355557436 0.03677149144601405 0.03679336954080439 0.03680593780802436 0.036824557463165083 0.03684969399760504 0.03685085772605134 0.03685597813121503 0.036868080907056504 0.03688763154495424 0.03697584216118337 0.03698096256634706 0.03699469456201334 0.037027977195577357 0.03705171725588177 0.03706102708345212 0.037080577721349865 0.03711828252300982 0.037126428622133875 0.03713038529885127 0.037145513768653105 0.03716948657464677 0.03719764880304711 0.03720579490217116 0.03721370825560596 0.037247689126237764 0.03725164580295517 0.03726281759603959 0.037282600979626594 0.037288186876168805 0.03731053046233766 0.03732007303559728 0.03734916624675464 0.03742620506989934 0.037515579414574764 0.037588894306691316 0.03768199258239487 0.03771224952199853 0.03775111805210477 0.03775298001761884 0.03779580522444249 0.037796037970131736 0.037814657625272446 0.0378761024872368 0.03788983448290308 0.037902402750123056 0.03795127934486743 0.038014586172345856 0.03804554134901728 0.038049963517113206 0.03805973883606207 0.038076962017067235 0.038101167568750156 0.0381202527152694 0.03814701846953416 0.03815144063763008 0.038175878935002266 0.038206368620295195 0.0382408149823055 0.03825966738313548 0.0382680462279488 0.03827689056414064 0.03828759686584655 0.03829737218479541 0.03830621652098726 0.038326698141642045 0.038342059357133126 0.038383953581199726 0.038385815546713796 0.03848031029655291 0.038516851369766555 0.03851894608096989 0.03854105692144949 0.03855548715418355 0.038558047356765386 0.03856898640416056 0.038569684641228334 0.03857876172310943 0.03858807155067979 0.038588769787747564 0.03860017432652124 0.03860622571444198 0.03869257436515704 0.038706306360823305 0.038710961274608484 0.0387188746280433 0.038725158761653285 0.038742381942658444 0.038747036856443616 0.038791025791713556 0.0387975426710128 0.03883385099853719 0.03883850591232236 0.038848281231271244 0.03886108224418048 0.03887039207175083 0.03888668426999895 0.03888808074413451 0.03890064901135449 0.03890995883892485 0.03892345808890186 0.03892601829148371 0.03894463794662442 0.0389753603776066 0.038993281795679534 0.03901120321375247 0.039017254601673206 0.039027960903379115 0.039058683334361285 0.0390840526144905 0.03920461488152662 0.03920670959272994 0.039252327747824695 0.03926163757539505 0.03928677410983502 0.03931842752357422 0.03932168596322385 0.039334486976133086 0.03934170209250012 0.03934682249766381 0.039348218971799354 0.03937894140278153 0.03938476004501301 0.03941082756221 0.039462264359536224 0.03948646991121916 0.03951672685082281 0.03952254549305428 0.03953069159217835 0.0395427943680198 0.039552569686968686 0.03956513795418866 0.039580033678301235 0.03960098079033453 0.03962029868254302 0.039632168712695225 0.03963915108337299 0.039667546057462574 0.03966964076866591 0.03972410325995249 0.039735740544415435 0.03976948866935797 0.03981813251841308 0.03986235419937227 0.03990494666050665 0.039907739608777755 0.04002294872496091 0.04006693766023085 0.04006763589729863 0.04010906462998671 0.04011092659550079 0.04011953818600337 0.04012070191444966 0.04013583038425149 0.040142114517861475 0.040147700414403686 0.04016026868162367 0.040167716543679954 0.040184241487617345 0.04021100724188212 0.04023102337115838 0.04023311808236171 0.040235678284943566 0.04024266065562132 0.04024452262113539 0.04031085514257418 0.04031411358222381 0.04032668184944378 0.04033366422012156 0.04035740428042596 0.040383239051933695 0.04040744460361664 0.040446545879412134 0.040449338827683236 0.040459812383699875 0.04046097611214617 0.04046912221127024 0.04050961996120128 0.04051055094395832 0.04051101643533685 0.04057827993953266 0.04059410664640226 0.04059480488347005 0.04060853687913632 0.04063832832736146 0.04064996561182441 0.040662533879044394 0.04070931576258542 0.04074143466770316 0.04076494198231831 0.04085129063303336 0.04087363421920221 0.04088946092607181 0.040919019628607695 0.04092064884843251 0.04093298436996323 0.040956724430267634 0.04097534408540836 0.04104004738702232 0.0411166207187885 0.041202503878125046 0.041248587524598306 0.04130723943829155 0.04131003238656265 0.04132795380463559 0.041333539701177806 0.04136402938647071 0.04139707927434548 0.04140359615364473 0.041480867722478686 0.041482264196614244 0.041489712058670525 0.04150972818794679 0.04151508133879974 0.04163098869205069 0.04164681539892029 0.04169592473935392 0.04172804364447164 0.04172897462722868 0.04174503407978754 0.041751550959086794 0.041760162549589364 0.041765282954753076 0.0417662139375101 0.041781342407311926 0.04178320437282601 0.04178390260989378 0.04182160741155372 0.041839063338248134 0.04184558021754739 0.04188514698472141 0.04196684072165128 0.04197475407508608 0.041995235695740867 0.042009200437096404 0.04201548457070639 0.04201897575604527 0.04203503520860414 0.04205272388098781 0.0420601717430441 0.04206389567407223 0.04208949769989072 0.042102065967110705 0.04211928914811586 0.04213255565240361 0.042161648863560976 0.04220191386780277 0.04221215467813016 0.0422391531780842 0.04228965899265338 0.0423047874624552 0.04236181015632364 0.04237647313474695 0.042404169871768746 0.04243093562603353 0.04243721975964353 0.042451417246688314 0.04245444294064867 0.04246910591907199 0.04246933866476125 0.042469571410450505 0.04247422632423569 0.042507974449178226 0.0425205427163982 0.04252636135862968 0.04254986867324483 0.04255522182409778 0.04255871300943667 0.0426157357033051 0.042623649056739904 0.042650647556693934 0.04268835235835387 0.042718376552268275 0.042719074789336044 0.042781916125435956 0.04278633829353188 0.042828930754666254 0.04286174789685175 0.042866635556326194 0.04289526327610504 0.04290084917264725 0.042925985707087215 0.04298929253456563 0.043002791784542645 0.04300977415522042 0.043035608926728156 0.04303630716379593 0.04309332985766436 0.04313243113345986 0.043142439198097994 0.04324135611603303 0.04325811380565967 0.04326579441340522 0.04328464681423518 0.043289534473709625 0.04333538537449363 0.04336890075374691 0.04342964737864347 0.04343569876656421 0.04344687055964864 0.043453387438947895 0.043494350680257456 0.04349947108542115 0.043529728025024805 0.043537874124148876 0.0435411325637985 0.043546951206029964 0.043592336615435455 0.04360048271455952 0.04362957592571688 0.043658436391184975 0.04369195177043826 0.04369753766698047 0.04371150240833601 0.043713131628160824 0.043778533166842576 0.04383695233484656 0.04383741782622508 0.04388722540372648 0.04388908736924056 0.043933774541578256 0.04393889494674197 0.043977763476848196 0.043997779606124464 0.0440038309940452 0.044015468278508135 0.04401733024402221 0.04406899978703768 0.044098325743884316 0.04410204967491245 0.04411275597661836 0.044136728782612024 0.04413952173088313 0.044185372631667136 0.044187700088559725 0.0441974754075086 0.04422587038159819 0.04427800541599219 0.04436412132101798 0.044369241726181674 0.0444001969028531 0.0444602452906819 0.04452541408367439 0.044567308307741 0.04458290226892135 0.044622469036095354 0.04463270984642275 0.044644579876574955 0.04464644184208902 0.044671578376528985 0.04467623329031416 0.044691129014426734 0.044740005609171095 0.04476374566947551 0.04477491746255994 0.04477771041083105 0.04482984544522504 0.04484055174693095 0.04484218096675576 0.044888031867539764 0.044888031867539764 0.04492387470368563 0.0449608812682778 0.044966467164820015 0.04497554424670111 0.04498764702254258 0.0449948621389096 0.04501255081129328 0.04502023141903882 0.04504722991899286 0.0450577034750095 0.04505956544052358 0.04507678862152873 0.04509377905684464 0.045100528681833146 0.04510774379820017 0.0451110022378498 0.04511868284559534 0.04514544859986011 0.04515126724209159 0.04516779218602897 0.04518152418169525 0.04520084207390373 0.045201074819593 0.04526228693586808 0.045318378646979476 0.04533304162540278 0.0453346708452276 0.04533536908229538 0.04539239177616382 0.04543987189677262 0.04545383663812815 0.045460586263116665 0.0454615172458737 0.045474551004472195 0.04548199886652849 0.04552249661645953 0.04553366840954396 0.04555019335348135 0.04562955963351863 0.04563747298695344 0.04564352437487416 0.04568076368515559 0.04576175918501769 0.045793878090135416 0.04582599699525315 0.045854159223653476 0.045863003559845315 0.0458732443701727 0.045906294258047466 0.045906294258047466 0.045909087206318575 0.04592956882697336 0.04593562021489408 0.04594469729677519 0.04595726556399516 0.04596587715449775 0.045966575391565526 0.046000556262197324 0.04602732201646209 0.046045243434535026 0.04605315678796984 0.046054320516416135 0.04605850993882279 0.04606875074915017 0.04607433664569239 0.04610808477063494 0.04612437696888306 0.04624517198160843 0.0462651881108847 0.04628171305482207 0.046285669731539476 0.04629102288239244 0.04632127982199609 0.04632593473578127 0.046357588149520484 0.0463592173693453 0.04636340679175195 0.04637690604172896 0.0463829574296497 0.04638342292102822 0.04639133627446302 0.046401344339101154 0.04645185015367033 0.04645929801572661 0.04647628845104252 0.04648094336482769 0.04648280533034176 0.04648746024412695 0.04655030158022685 0.04655612022245833 0.04657008496381385 0.04658009302845199 0.046581256756898275 0.046587540890508275 0.046592195804293454 0.04659289404136122 0.04659847993790344 0.04661104820512343 0.046642003381794854 0.046658528325732244 0.04669995705842033 0.04670763766616586 0.046726257321306586 0.046731610472159534 0.04678048706690391 0.04684216467455752 0.046887084592584484 0.04689662716584409 0.0469294443080296 0.046943641795074396 0.04694759847179179 0.04695644280798363 0.04697296775192102 0.046978088157084714 0.04699019093292617 0.04699600957515765 0.04711843380770784 0.047127743635278184 0.04714077739387669 0.0471554403723 0.04716149176022073 0.04716405196280257 0.04718406809207884 0.04719384341102771 0.047220376419603236 0.04726785654021205 0.04728647619535276 0.0473111472384142 0.04731417293237456 0.04736467874694376 0.04736654071245782 0.04736933366072893 0.04740261629429296 0.04743264048820735 0.047445208755427334 0.04746266468212175 0.047488033962250965 0.04751712717340833 0.04753365211734572 0.047548780587147545 0.04757321888451972 0.04757694281554787 0.047589511082767856 0.04759020931983563 0.047593002268106734 0.04760696700946227 0.04760719975515153 0.04765118869042146 0.047668179125737356 0.04767120481969773 0.04769983253947657 0.047704021961883225 0.047714728263589135 0.0477461489316391 0.04776895800918646 0.04786345275902558 0.04787346082366371 0.047919544470136965 0.04820954559895357 0.04832638393496154 0.04844624796492987 0.04852165756824976 0.04852980366737381 0.048550285288028606 0.04868853622744839 0.048690165447273205 0.048757661697158276 0.04877022996437826 0.04881677910223004 0.04882003754187967 0.048857044106471834 0.04888450809780438 0.04888776653745401 0.04891988544257173 0.048932686455480975 0.04896690007180203 0.04898621796401052 0.04899436406313459 0.04902438825704898 0.04903206886479453 0.04905697265354523 0.04907070464921151 0.049077919765578536 0.04907954898540335 0.04909351372675888 0.04910724572242515 0.04911352985603515 0.04916380292491506 0.049189404950733547 0.04920220596364279 0.04922338582136535 0.04923665232565311 0.0492457294075342 0.04926551279112121 0.04930926898070188 0.049328819618599626 0.04936815364008439 0.04937955817885807 0.04939352292021361 0.04940516020467656 0.049427271045156145 0.049451942088217585 0.04946218289854499 0.04953200660532265 0.0495527209716667 0.04955528117424854 0.04955970334234446 0.04956924591560408 0.0496863169973013 0.04971308275156608 0.04973868477738456 0.049764054057513774 0.04976451954889229 0.049790819811778554 0.049834110509980704 0.049845515048754396 0.04986157450131327 0.04990649441934023 0.0499344239020513 0.04998632619075604 0.0500352027855004 0.05004637457858483 0.05005265871219482 0.05006057206562962 0.05008431212593403 0.05008431212593403 0.05011177611726658 0.05015227386719763 0.0501881167033435 0.05020929656106606 0.05022070109983974 0.05027260338854448 0.050288197349724825 0.050288662841103345 0.05033614296171216 0.05034871122893214 0.05036221047890915 0.05037408050906137 0.05038595053921357 0.05040573392280057 0.05041271629347835 0.05044483519859607 0.050452981297720134 0.050462989362358254 0.05046648054769715 0.050482540000256 0.050489755116623035 0.05050534907780338 0.05051931381915892 0.05054794153893776 0.05055399292685849 0.050558647840643664 0.05061217934917322 0.05063824686637022 0.050746473611875606 0.050773472111829636 0.05081187515055736 0.050851441917731374 0.05097340065890304 0.05107604150786621 0.051083256624233235 0.05108954075784323 0.051197534757659355 0.0512245332576134 0.051225231494681174 0.051230351899844866 0.051252229994635204 0.05128085771441404 0.051302270317825874 0.05133066529191545 0.05141072980902051 0.051410962554709776 0.05141585021418422 0.05144005576586714 0.051440288511556395 0.05144843461068046 0.05146193386065748 0.05147496761925597 0.05148334646406929 0.051490096089057795 0.05149195805457188 0.05149963866231741 0.05150685377868444 0.051508017507130736 0.05151802557176887 0.05157039335185212 0.05162252838624612 0.051637424110358696 0.05165162159740348 0.051659767696527546 0.05167466342064011 0.05169072287319898 0.051724005506762996 0.05173936672225409 0.051754727937745174 0.051768692679100704 0.051768692679100704 0.05177497681271069 0.05178219192907772 0.051790338028201786 0.05179801863594734 0.05182478439021211 0.051853412109990955 0.05185527407550502 0.051856670549640584 0.05190694361852049 0.051913460497819745 0.05191555520902308 0.0519211411055653 0.0519239340538364 0.05193277839002824 0.05194674313138376 0.05194720862276228 0.05198002576494779 0.05198328420459742 0.05199748169164221 0.052018428803675514 0.052060788519120625 0.05208639054493911 0.052140387544847185 0.05214131852760421 0.05215062835517457 0.052167153299111944 0.05218298000598156 0.0522313911093474 0.052259786083436996 0.0522846898721877 0.05230284403594989 0.0523214636910906 0.05232984253590392 0.052334497449689106 0.05234147982036687 0.05236289242377868 0.052383141298744204 0.05242317355729674 0.05250766024249772 0.05251487535886475 0.05255188192345692 0.05258353533719613 0.052604947940607945 0.0526154214966246 0.052617516207827925 0.05262542956126274 0.05263357566038679 0.05263892881123975 0.052664298091368966 0.05267919381548154 0.05269525326804039 0.05269851170769002 0.05277578327652398 0.05279044625494728 0.05281558278938725 0.052850261897086824 0.052858873487589414 0.05287051077205236 0.052893319849599725 0.05290449164268415 0.052970591418433674 0.05300806347440436 0.0530781199268713 0.05311675571128828 0.05317168369395338 0.05320682829303147 0.05328619457306876 0.053289918504096895 0.05329946107735651 0.05330202127993836 0.0533958177927097 0.053460753840012934 0.05347541681843625 0.053516612805435064 0.05352964656403357 0.05356642038293647 0.053661380624154105 0.05367464712844187 0.05367627634826668 0.053680000279294815 0.05371770508095476 0.05372073077491512 0.053763555981738764 0.053828492029042 0.0538873766884245 0.05391600440820334 0.053971165136557704 0.05402702410197985 0.05406752185191089 0.05413338888197116 0.05415643070520779 0.05419855767496365 0.054237658950759146 0.054301431269616084 0.054351937084185266 0.05437241870484005 0.05442036431682739 0.054429441398708485 0.05443409631249366 0.05445108674780957 0.05446830992881472 0.05449670490290431 0.05450997140719207 0.054599811243246 0.05464612763540852 0.054647756855233334 0.0546835996913792 0.05468406518275772 0.054689418333610684 0.054707572497372875 0.05472805411802766 0.054731778049055796 0.05473713119990876 0.05478903348861349 0.05480602392392939 0.05481254080322864 0.0548546677729845 0.054860253669526717 0.05487491664795002 0.0548784078332889 0.05489283806602296 0.05490703555306776 0.054961963535732856 0.054981979665009124 0.05499594440636466 0.055016658772708706 0.05504784669506939 0.055068328315724176 0.0551186013846041 0.05512744572079594 0.05515304774661441 0.055158168151778104 0.05522519891028467 0.05523148304389467 0.055248938970589086 0.055281523367085326 0.05536763927211112 0.05538369872466999 0.05541209369875957 0.055413024681516605 0.055434437284928424 0.0554362992504425 0.055437462978888796 0.05555755975454638 0.05556500761660268 0.05558292903467561 0.055650425284560684 0.0556702086681477 0.055673932599175836 0.055735842952518704 0.05573677393527575 0.05574980769387424 0.05575306613352387 0.055777969922274566 0.0557879779869127 0.055797055068793795 0.05580752862481045 0.0558219588575445 0.055822657094612274 0.055831035939425594 0.05583406163338597 0.05586036189627223 0.05586548230143592 0.05586734426694999 0.055881541753994776 0.05592553068926471 0.056013508559804574 0.05605121336146453 0.05610008995620889 0.05611964059410664 0.05615897461559139 0.05617293935694692 0.056219023003420195 0.056224608899962406 0.05622716910254425 0.05623089303357239 0.05625556407663384 0.05627697668004565 0.05628279532227713 0.05630257870586414 0.05638101400314438 0.056381712240212156 0.05643826944270207 0.05647457777022646 0.05647853444694386 0.056489008002960514 0.05653392792098748 0.05653881558046192 0.05660770830448255 0.05661678538636366 0.05667567004574616 0.05668660909314132 0.05674828670079494 0.05678831895934746 0.056830213183414066 0.05686163385146402 0.05693564698064835 0.05701384953223934 0.057048063148560396 0.05705527826492742 0.05705667473906298 0.05706947575197222 0.05707506164851444 0.05708902638986997 0.05709437954072292 0.05712370549756955 0.057128360411354724 0.057175142294895766 0.05718491761384464 0.05718724507073722 0.05719795137244313 0.05725264660941898 0.057299893984338525 0.05737181240231953 0.05738158772126841 0.05740253483330171 0.057404396798815774 0.05743372275566241 0.05754567343219594 0.05755172482011667 0.0575589399364837 0.05756638779853998 0.057592222570047716 0.05759408453556178 0.05762224676396212 0.05762341049240841 0.05763853896221024 0.05767647650955944 0.057722792901721956 0.057761428686138934 0.05777702264731928 0.057800297216245175 0.05783986398341919 0.057887344104027995 0.05789246450919171 0.057895024711773546 0.05789967962555873 0.05791294612984648 0.05794622876341051 0.05796205547028011 0.05796484841855122 0.058007440879685596 0.05801116481071374 0.05803862880204629 0.0580414217503174 0.05807191143561031 0.05808029028042363 0.05815383791822945 0.05816012205183944 0.05817013011647757 0.058209929629340844 0.05823855734911969 0.05824367775428338 0.058256711512881885 0.058278124116293704 0.05832164756018512 0.05835027527996396 0.05835586117650618 0.05846804459872896 0.058483405814220055 0.05853623908568182 0.05854438518480589 0.0585748748700988 0.0585890723571436 0.05862887187000687 0.058725461331049306 0.05877945833095738 0.0588257747231199 0.05882600746880916 0.05883322258517618 0.05896193095133635 0.058974266472867076 0.05898171433492337 0.05898380904612669 0.05899358436507557 0.059002428701267415 0.05902174659347589 0.05905712393824324 0.05905852041237881 0.059089708334739505 0.05910879348125873 0.05911903429158612 0.05915697183893532 0.05915743733031384 0.05923284693363372 0.05942416389020454 0.059433939209153415 0.05951377098056921 0.05964876348033938 0.059650392700164194 0.05972161288107742 0.05978445421717732 0.0597930658076799 0.059796789738708035 0.059843106130870564 0.05985357968688722 0.05987708700150236 0.05987731974719162 0.05990478373852417 0.05993038576434265 0.05994737619965854 0.05997507293668036 0.06000323516508069 0.06001929461763955 0.060030233665034724 0.06008702361321389 0.06016755362169748 0.06017383775530746 0.060174535992375246 0.06017500148375375 0.06025855718619771 0.06030883025507763 0.06031325242317354 0.06034606956535905 0.06035095722483349 0.06035142271621201 0.06035235369896904 0.06036259450929644 0.06037143884548827 0.060403092259227485 0.06045941671602814 0.06050084544871623 0.06053436082796951 0.06060465002612569 0.0606141925993853 0.06061442534507457 0.06061745103903493 0.060659810754480056 0.06066772410791486 0.06066958607342892 0.060705894400953316 0.06071124755180627 0.06072800524143292 0.06075709845259028 0.060772226922392106 0.060799225422346136 0.06083320629297794 0.06084484357744089 0.06085019672829383 0.060930261245398895 0.06093677812469815 0.06098891315909214 0.06100148142631213 0.061049892529677977 0.06105547842622019 0.06109434695632643 0.06111296661146714 0.061129957046783034 0.061162541443279275 0.06116393791741484 0.06117510971049927 0.061179066387216666 0.06119186740012591 0.06122491728800067 0.06125145029657618 0.06125494148191507 0.06129637021460316 0.061304050822348695 0.06130474905941648 0.06133733345591272 0.06133896267573753 0.06136572843000231 0.06136921961534119 0.061376434731708215 0.06143252644281961 0.061449516878135504 0.06158567310635197 0.06158706958048752 0.061597543136504174 0.06165293661054779 0.061705769882009556 0.06173486309316692 0.06176488728708132 0.061820513506814195 0.06183447824816973 0.06185030495503935 0.06192780926956255 0.06194689441608178 0.062010201243560215 0.06201276144614205 0.06210167029943896 0.06236094899727337 0.062372586281736316 0.06242658328164439 0.06248895912636577 0.06251339742373796 0.06260044431152077 0.0626179002382152 0.06265164836315774 0.06279385597929493 0.06289579859119032 0.06298284547897316 0.06300705103065608 0.06304033366422011 0.06316508535366289 0.06331287886634229 0.06334383404301372 0.06336198820677592 0.0634141232411699 0.06350210111170977 0.06355377065472524 0.06359589762448112 0.06364291225371141 0.06365501502955287 0.06369667650793022 0.06370528809843279 0.06373763974923978 0.06380536874481413 0.0638570382878296 0.06397713506348719 0.06399668570138495 0.06405114819267152 0.06405324290387486 0.0640597597831741 0.06411771345979957 0.06412446308478807 0.06416216788644802 0.06417217595108615 0.06417333967953245 0.06420732055016426 0.06421546664928832 0.0642189578346272 0.0642324570846042 0.06432392614048296 0.06433044301978222 0.06433253773098553 0.06433695989908146 0.06434533874389478 0.0643611654507644 0.06439305161019286 0.06439910299811358 0.06442912719202798 0.06443215288598834 0.06443541132563797 0.06445938413163164 0.06450942445482231 0.06452804410996302 0.06459088544606292 0.06463231417875101 0.06464069302356433 0.0646884058898624 0.06489764426450614 0.06495839088940272 0.0650752292254107 0.06507662569954625 0.06513830330719987 0.06518834363039053 0.06518974010452608 0.0652190660613727 0.06524536632425895 0.06526026204837153 0.06536895428525544 0.06546135432389122 0.0654897492979808 0.06554397904357813 0.06572854637516044 0.06573645972859525 0.0657853363233396 0.0657888275086785 0.06582816153016326 0.06587564165077206 0.0658947267972913 0.06591544116363535 0.06592102706017755 0.0659422069179001 0.06595547342218787 0.0659587318618375 0.06597502406008561 0.06598596310748078 0.06601994397811257 0.06606579487889658 0.06606672586165363 0.06609442259867543 0.06609512083574322 0.06610093947797469 0.0661025686977995 0.06611048205123429 0.06618309870628307 0.0661835641976616 0.06620567503814119 0.06620823524072304 0.06623174255533819 0.06624500905962595 0.0662464055337615 0.06626153400356333 0.06626362871476665 0.06626595617165924 0.06627805894750072 0.06639489728350868 0.0664514544859986 0.0664609970592582 0.06653477744275328 0.06654850943841956 0.06655200062375843 0.06655875024874694 0.06659249837368948 0.06660041172712429 0.06662368629605017 0.0666332288693098 0.0666371855460272 0.06670421630453376 0.06670421630453376 0.06671119867521152 0.06672818911052743 0.06672842185621669 0.06674355032601852 0.06674494680015407 0.06675239466221036 0.06681221030434989 0.06681337403279618 0.06685200981721316 0.06689413678696902 0.06690973074814938 0.0670228451531292 0.06707404920476615 0.06710686634695166 0.06719600794593782 0.06719856814851967 0.06727188304063622 0.06727886541131398 0.06729329564404804 0.06740222062662121 0.0674061773033386 0.06742409872141154 0.067442485630863 0.06745645037221853 0.06746319999720704 0.06752487760486064 0.06752604133330695 0.06753558390656655 0.0675444282427584 0.06759260660043499 0.0677953280957795 0.067802077720768 0.06793939767743075 0.0679612757722211 0.06808509647890683 0.06814910154345302 0.06822776958642254 0.06823801039674993 0.06831714393109795 0.06840442356457004 0.06845516212482848 0.06861831685299898 0.06865299596069856 0.06870187255544292 0.06870955316318847 0.0688543209819075 0.0688645617922349 0.06892088624903554 0.0690400520419361 0.06922042995111176 0.06925441082174356 0.06928071108462981 0.06936566326120931 0.06948971671358431 0.06954953235572385 0.06956279886001161 0.0695979434590897 0.06960236562718561 0.06962982961851817 0.0696375102262637 0.06967428404516662 0.0696817319072229 0.0696947656658214 0.0697666840838024 0.0697757611656835 0.06981835362681788 0.06995776829468396 0.0699717330360395 0.06998174110067763 0.06999454211358686 0.07012022478578668 0.0701393099323059 0.07037903799224259 0.07044909444470951 0.07045305112142691 0.07045514583263024 0.0704728345050139 0.07051682344028384 0.07053032269026085 0.0705419599747238 0.07055196803936194 0.07057012220312413 0.0706008446341063 0.07060107737979555 0.07060293934530965 0.0706173695780437 0.07062761038837108 0.07064995397453994 0.07066019478486733 0.07068672779344284 0.07069929606066283 0.07071442453046466 0.07073816459076906 0.07075562051746348 0.07078564471137787 0.07081147948288562 0.07083894347421817 0.07097952187053054 0.07098278031018017 0.07100256369376717 0.07102723473682862 0.07105702618505375 0.07112056575822144 0.07114128012456548 0.0711733990296832 0.07120481969773317 0.07133026962424371 0.0713444671112885 0.0713507512448985 0.07142080769736543 0.0714499009085228 0.07146921880073127 0.07157395436089778 0.07159280676172775 0.07182601794236518 0.07193773587320945 0.07201407645928637 0.07205759990317778 0.0720592291230026 0.07222587503651197 0.07235644536818621 0.0724658358421379 0.07247444743264048 0.0729862552033208 0.07308400839280954 0.07326485179336371 0.07326927396145963 0.07335608810355321 0.07349410629728373 0.07349783022831187 0.07353530228428255 0.07356881766353583 0.07359535067211134 0.07365260611166904 0.07366726909009236 0.07372429178396078 0.0737457043873726 0.07375291950373963 0.07376409129682406 0.07384182835703654 0.07384811249064652 0.07386044801217724 0.07395680472753043 0.07400731054209961 0.07410925315399501 0.07417581842112306 0.0742253932529352 0.07425378822702479 0.07437365225699312 0.07439739231729753 0.07442299434311601 0.07460011381264203 0.07467691989009746 0.0747050821184978 0.07478281917871028 0.07482867007949429 0.0749038469371249 0.07494760312670558 0.07495062882066594 0.07504116689378766 0.07516335838064858 0.07518802942371003 0.0751903568806026 0.07523015639346588 0.0752657664839225 0.07528112769941359 0.07531627229849168 0.07557648197908312 0.07559370516008829 0.07561162657816123 0.07563885782380451 0.07575057575464879 0.07580108156921797 0.07583203674588941 0.0758632246682501 0.07591861814229373 0.07595399548706107 0.07599798442233101 0.07609061720665604 0.0760971340859553 0.07613274417641192 0.07616230287894779 0.07629008026235093 0.07632173367609013 0.07636362790015674 0.07642414177936405 0.0765246879171239 0.0766017267402686 0.07660917460232489 0.07665432726604111 0.07671856507627657 0.07673602100297099 0.07674183964520245 0.07676441597706057 0.07678885427443276 0.07679397467959645 0.07679490566235349 0.07680118979596347 0.07680747392957347 0.07681538728300828 0.0768158527743868 0.07683773086917713 0.07689708101993815 0.07691407145525404 0.07694875056295362 0.07698901556719541 0.07714099850228148 0.07716497130827515 0.07729926557097754 0.07731602326060416 0.0773402288122871 0.07735140060537153 0.0773532625708856 0.07744007671297916 0.07747964348015318 0.0775231669240446 0.07763860878591701 0.07764256546263441 0.07774008590643389 0.0778341151648945 0.07785087285452112 0.07794001445350729 0.07803008703525048 0.07812597825922515 0.07815274401348993 0.07818975057808208 0.07820208609961281 0.07823862717282647 0.07828471081929973 0.07829308966411305 0.07837501614673217 0.07838851539670919 0.07856656584899226 0.07858890943516111 0.07864057897817658 0.07869015380998874 0.078762304973659 0.07886378209417588 0.0789326748181965 0.07897596551639866 0.07899598164567492 0.07902065268873637 0.07924967444696714 0.07927434549002858 0.07943982767509165 0.07944378435180907 0.07948870426983604 0.07954758892921852 0.07961066301100769 0.07974612100215638 0.07978126560123447 0.07980407467878185 0.07983084043304661 0.07986645052350323 0.07989461275190356 0.07995373015697532 0.07997723747159047 0.08000633068274783 0.0800144767818719 0.08003612213097297 0.08008755892829918 0.08017670052728536 0.08029912475983553 0.08031564970377292 0.08033752779856325 0.08035102704854026 0.08038221497090096 0.08039641245794575 0.08041689407860053 0.08058749666882731 0.08060658181534654 0.08061728811705245 0.08062357225066244 0.0806605788152546 0.08068455162124827 0.08090915121138312 0.08094545953890751 0.08116703343508198 0.08118192915919455 0.08127432919783033 0.08134531663305429 0.08138465065453905 0.08143934589151489 0.08168698730488637 0.08173609664532 0.08184315966237908 0.08263891717395527 0.08286724069511826 0.08289400644938304 0.08301899088451507 0.0830760135783835 0.0830862543887109 0.0831218644791675 0.08321054058677514 0.08332528421157978 0.08350822232333728 0.08355756440946016 0.08373421838760767 0.08373701133587878 0.08379799070646461 0.083854082417576 0.08391785473643294 0.08401560792592169 0.08427372289530981 0.08429001509355794 0.08439661261923852 0.08471081929973803 0.08502735343713014 0.08504131817848566 0.0850655237301686 0.0851441917731381 0.085167466342064 0.08520400741527764 0.08522960944109613 0.08524124672555908 0.08525684068673942 0.08526126285483533 0.0853299228331667 0.085331086561613 0.08533201754437005 0.08535366289347113 0.08535668858743148 0.08536413644948776 0.08539090220375255 0.08542977073385878 0.08543233093644062 0.08548679342772722 0.08552030880698049 0.08560107156115333 0.08563644890592069 0.08563668165160994 0.08571185850924057 0.08573280562127387 0.08580774973321524 0.08613219722404215 0.08638938121067324 0.08639473436152618 0.08647549711569903 0.08651087446046639 0.08651343466304824 0.08662212689993214 0.08663399693008435 0.0866970710118735 0.08669986396014462 0.08682019348149146 0.08683276174871145 0.08690072348997505 0.08690747311496355 0.08699009783465048 0.0871700102524476 0.0872226107782201 0.08727288384710004 0.0872940637048226 0.0873070974634211 0.08731361434272034 0.08750074187688449 0.08750958621307633 0.08752587841132446 0.08760827038532211 0.08784543824267693 0.08784590373405544 0.08788384128140465 0.08812217286720576 0.08813124994908686 0.08827113010833146 0.08851714230187813 0.08852040074152775 0.0885478647328603 0.0886067493922428 0.08866935798265345 0.0886747111335064 0.08874616406010888 0.08887650164609387 0.08890396563742642 0.08918326046453712 0.08923865393858073 0.08956682536043578 0.08972648890326738 0.08972904910584924 0.08982866426085204 0.08989965169607601 0.0899126854546745 0.08991571114863488 0.09010795908796272 0.0901188981353579 0.09013356111378121 0.09022921959206662 0.09027134656182247 0.09027832893250025 0.09032930023844794 0.09046522372097514 0.09079874829368315 0.09097912620285879 0.09113297110345893 0.09116951217667259 0.09121047541798215 0.09133243415915382 0.09133964927552084 0.09141645535297628 0.09141668809866553 0.09157239496477974 0.09223595292485688 0.09247661196755058 0.09251315304076423 0.09253107445883715 0.09260415660526446 0.09281781714800413 0.09309385353546519 0.09430226915409741 0.09452896345543559 0.0946353282354269 0.09463649196387319 0.0947826562567278 0.09490577872634576 0.09497001653658121 0.0951331712647517 0.0951438775664576 0.09527002573003593 0.09538290738932649 0.095441792048709 0.09550370240205186 0.09551161575548668 0.09554559662611847 0.09563334175096908 0.09570153623792194 0.09570223447498971 0.095801384138614 0.09590867990136236 0.09593870409527676 0.09595336707370007 0.09620054299569303 0.09626291884041442 0.09629620147397842 0.09636183575834945 0.09639116171519606 0.09644446047803636 0.09654104993907879 0.09665951749491157 0.09673958201201666 0.09682220673170357 0.09685828231353869 0.09688621179624976 0.09689063396434568 0.09702772117531916 0.09711569904585904 0.09723556307582737 0.09732121348947463 0.09735519436010645 0.09739150268763082 0.09740081251520119 0.09746947249353256 0.09762145542861864 0.09764054057513787 0.09778461015678913 0.09798267673834846 0.09810998863037305 0.09823055089740917 0.09826848844475837 0.09846562404356066 0.09847214092285991 0.0987525994784169 0.09880682922401421 0.09884523226274193 0.09895276077117957 0.09896067412461436 0.09905214318049309 0.09909589937007376 0.09922716793881581 0.09930886167574568 0.10026823940687087 0.1005279835960838 0.10100790520733566 0.1012490297414079 0.10125810682328899 0.10127509725860488 0.10131396578871113 0.10139775423684433 0.10151342884440599 0.101703116581152 0.10174547629659711 0.10194749955487385 0.10197636002034197 0.10206992378742402 0.10218513290360719 0.10389115880587495 0.10393282028425228 0.10403383191339065 0.10452981297720139 0.10456612130472577 0.1053849206395386 0.10544333980754257 0.10568353335885777 0.10586670421630451 0.10591534806535963 0.1059595697463188 0.10604545290565535 0.1060910710607501 0.10614134412963003 0.10618696228472478 0.10634476386204231 0.1064348364437855 0.10653096041344942 0.10656424304701345 0.10660916296504042 0.10673112170621209 0.10677022298200758 0.10681584113710232 0.10688659582663704 0.10695735051617174 0.10729902118800379 0.10736675018357815 0.10740049830852068 0.10740794617057697 0.10763370948915811 0.10765419110981289 0.1079411665446691 0.1079802678204646 0.10845972394033795 0.10865104089690877 0.1087092273192235 0.10882443643540667 0.10896966974550419 0.10897711760756049 0.109036002266943 0.1091945020813283 0.10970002571839864 0.1100005004032319 0.11128129993122363 0.11139115589655382 0.11140395690946307 0.1115545433704136 0.11157479224537911 0.11162064314616311 0.11163833181854678 0.11203795616700434 0.11225324592956881 0.11414360641772961 0.11479273414507268 0.11485720470099742 0.11547421352322275 0.11551284930763975 0.11568484837200207 0.11575048265637307 0.11624576548311602 0.1162555408020649 0.11656462707740073 0.1165692819911859 0.11672754905988197 0.11677852036582966 0.11690094459837982 0.11742811358455127 0.1174788521448097 0.11748141234739154 0.11839703388893605 0.11858788535412837 0.11889301495274679 0.11889580790101789 0.11898215655173293 0.1191415873488753 0.11999553128276622 0.12165570628424999 0.12191940715018028 0.12247194541648092 0.12287459545889882 0.12410116524129323 0.12483128846849845 0.1256361230619557 0.1263799782848272 0.12686292559003937 0.12826219267386393 0.12893971537529655 0.12912288623274332 0.12969497513694173 0.13294666516157785 0.13956967649512916 0.1396471808096524 0.15174832743129052 0.15257178167988852 0.15289762564485102 0.15392636159137532 0.15406391429372737 0.15440605045693795 0.15508636610664173 0.15600897001886402 0.15615443607465082 0.1561700300358312 0.15644420445777812 0.15712591658161748 0.1573842642966949 0.15768380799877105 0.15780460301149643 0.15913730482819294 0.15993818274493282 0.16002266943013377 0.16059615480846773 0.16063967825235914 0.16207455542664026 0.16220163457297562 0.16438944405200934 0.164466482875154 0.16514749676192556 0.1662137047644206 0.1665467638457501 0.1666764031946673 0.16704739982334596 0.16788458606761025 0.16870105794553047 0.1687520292514782 0.17332734401092972 0.17508085003380627 0.1768834653971165 0.17856063083391613 0.2305753357065635 0.2311013409642886 0.23152959303252496 0.2323465304018237 0.23272357841842317 0.23283529634926745 0.23296097902146726 0.23330311518467783 0.233687145571955 0.2336964553995254 0.2345529595359981 0.2350836197075084 0.23545368535343011 0.23568410358579642 0.23585633539584802 0.23666163548068384 0.23691998319576119 0.2378486384959042 0.23870048771859181 0.23950578780342757 0.24000851849222682 0.24093950124926242 0.24197521956646456 0.24214279646273096 0.2421567612040865 0.2430411948232703 0.24333212693484393 0.24412811719210942 0.24464714007915675 0.24574802718935138 0.2471421738680122 0.24723527214371574 0.24730975076427864 0.24747267274675983 0.24758904559138928 0.2485642500293841 0.24859916188277292 0.24958134869144552 0.2496046232603714 0.24966280968268612 0.25108954075784323 0.2523393851091635 0.25603305919770225 0.25873523664999815 0.2599757711737481 0.2600130104840295 0.26021317177679215 0.2604203154402326 0.30885236591811766 0.3091875197106505 0.3094202653999094 0.31041176203615234 0.3106794195788001 0.311359036991436 0.3114195508706433 0.3118827147922686 0.3122853648346865 0.31252043798083795 0.31252509289462316 0.3131977279365814 0.3134421109103032 0.3134909875050476 0.31396811616802833 0.31424741099513903 0.3148781518130307 0.3151062425885044 0.3155694065101296 0.3165376285774466 0.3169402786198645 0.3178828986613631 0.3188697403838208 0.3201126023644634 0.32051292494998873 0.32113435594031 0.32213516240412327 0.322402819946771 0.3229730468854553 0.32394126895277237 0.32425547563327184 0.32435322882276063 0.32466045313258235 0.3248536320546672 0.32487457916670054 0.32519111330409267 0.3261523530007319 0.32754184476560755 0.32798871648898464 0.32858687291038 0.3286753162722984 0.32974361898599674 0.32979249558074114 0.32983671726170033 0.33005782566649633 0.3312750856213204 0.3316893729482012 0.33193608337881564 0.33221537820592634 0.3325202750588555 0.33324644160934325 0.333565303203628 0.33913258009070096 0.33916749194408974 0.34203957374954463 0.34220482318891843 0.34336389672142775 0.3435291461608016 0.34504432059787704 0.3456890261571242 0.3871573256123829 0.38796029824032613 0.3881115829383444 0.38901929112645417 0.3896849437977346 0.3897012359959827 0.39059963435652206 0.3906066167271998 0.39099064711447706 0.3914468286654245 0.3915562191393762 0.39204731254371245 0.39205196745749765 0.39225445620715294 0.3922730758622936 0.3925500432325117 0.3925872825427931 0.39264779642200043 0.3932622450416439 0.3933204314639587 0.3934181846534474 0.39477043710804166 0.3957293493477883 0.39582477508038444 0.3967348107253868 0.39869452942894673 0.3987503883943689 0.40045874175352925 0.4021601127420118 0.4022485561039302 0.40263025903431476 0.4039057054114536 0.4041361236438199 0.4042618063160197 0.4045783404534118 0.404610924849908 0.4047226427807523 0.4048576352805225 0.40545811915881047 0.40638677445895344 0.40655900626900504 0.40713156066458195 0.40792056855116965 0.4080718532491879 0.40835813044697633 0.40838140501590225 0.4086350978171945 0.41016656445251803 0.4103900003142066 0.4110859099250907 0.4112604691920349 0.412256620742063 0.4129827872925508 0.41299442457701374 0.4130758855682543 0.4130805404820395 0.4134599159555315 0.4141674628508786 0.4148214782376961 0.4154964407365469 0.4155429898743987 0.41676955965679313 0.41951828624694076 0.42374494796388246 0.42424767865268165 0.4243943084369148 0.4261049892529677 0.42628420343369705 0.4269894228721516 0.4271593272253105 0.42806005304274247 0.4301407995047171 0.465955706167877 0.4661395752623916 0.46707754039010496 0.467887495388726 0.4681411881900181 0.4686439188788174 0.46880451340440604 0.4694236169378347 0.46996358693691537 0.47001013607476716 0.47006134012640405 0.47029408581566295 0.47072001042700684 0.47075259482350307 0.47081078124581777 0.4708247459871733 0.47119946654688016 0.4712972197363689 0.4718930487008717 0.47201407645928634 0.47204200594199736 0.4721583787866268 0.4725261169756559 0.4729101473629331 0.4731382381384068 0.4732453011554659 0.4748093521872857 0.47535397710015154 0.47691337321818617 0.47859845200842066 0.4807629869185284 0.4808304831684135 0.4826063327774589 0.4832836227332024 0.48346283691393177 0.48353033316381683 0.483863159499457 0.48450553760181164 0.4849873211785775 0.4850361977733219 0.4860114022113167 0.4862045811334016 0.48637215802966804 0.48646292884847897 0.48659093897757133 0.4866980019946304 0.48771044574290673 0.48820386660413556 0.48849247125881656 0.4890208039734343 0.4893489753952894 0.4910573287544497 0.4912342154782865 0.49205813521826297 0.4929169668116284 0.49309850844925024 0.49344995444003126 0.49387587905137503 0.4941412091371301 0.4944461059900593 0.4945857534036147 0.4948836678858661 0.49561448935013896 0.49571456999652036 0.49592636857374595 0.49604739633216055 0.49605205124594576 0.4963825501246934 0.496645552753556 0.49717854038195886 0.49803271706153907 0.5001367380924395 0.5055434204539239 0.5056318638158422 0.5072657385544398 0.5080617288117051 0.5082362880786493 0.508487653423049 0.508736691310556 0.5088228072155817 0.5094791500592919 0.5101704047563909 0.510661498160727 0.5112177603580559 0.5447913260336527 0.5459457446523767 0.5460225507298322 0.54622736693638 0.5474539367187744 0.548068385338418 0.5484058665878433 0.548538531630721 0.5493205571466308 0.5493810710258381 0.5496813129649821 0.5498302702061078 0.5501491318003926 0.550293434127733 0.5504028246016847 0.55054247201524 0.5505517818428105 0.5507728902476065 0.550786854988962 0.551443197832672 0.5516270669271865 0.5519692030903971 0.5524765886929816 0.5535402364928947 0.5608624158769798 0.5619842500992077 0.5633295201831242 0.5634691675966795 0.5640999084145711 0.5650425284560697 0.5650937325077068 0.5653800097054951 0.5653846646192804 0.5662341863850753 0.5669277685390668 0.566999919702737 0.5672326653919959 0.5673024890987737 0.5675794564689918 0.5682451091402723 0.5688362831909899 0.5699953567234992 0.5714872565916488 0.5726672772361914 0.572851146330706 0.5737588545188156 0.5749365477064657 0.5750575754648803 0.5755556512398944 0.5757721047309051 0.5762282862818525 0.5763632787816227 0.5766705030914445 0.577024276539118 0.5770266039960107 0.577047551108044 0.5771778886940289 0.5775805387364468 0.5779552592961537 0.5792865646387145 0.586017569972082 0.5867716660052809 0.5871440591080951 0.5888500850103628 0.5894854807420397 0.5902884533699829 0.5904886146627455 0.5915545899195513 0.5919339653930433 0.5925693611247201 0.5933048375027782 0.5950876694825015 0.6238177973646205 0.6245090520617194 0.6245532737426785 0.6249140295610299 0.6257379493010065 0.6270925292124931 0.6279420509782881 0.628316771537995 0.6286309782184946 0.6287333863217685 0.6287985551147609 0.6293245603724861 0.6293990389930489 0.6295223942083561 0.6297225555011188 0.6298947873111703 0.6300996035177182 0.6301484801124626 0.6311073923522093 0.6315821935582974 0.6436198006067679 0.6436686772015123 0.6437315185376122 0.643947972028623 0.644327347502115 0.6444367379760666 0.6449045568114771 0.6451047181042397 0.6473972631434399 0.6479977470217279 0.64831428115912 0.6485679739604121 0.649242936459263 0.6493034503384704 0.6507231990429496 0.6544704046400179 0.654759009294699 0.6558319669221825 0.6560321282149452 0.6561903952836412 0.6565697707571332 0.6568560479549217 0.6569258716616994 0.6574588592901023 0.6574984260572763 0.6585108698055525 0.6593440993730993 0.6595233135538288 0.6601470720010425 0.6614946695418515 0.6690938162961547 0.6702598721993419 0.6713933437060328 0.6731715207719707 0.6741350879255027 0.6741653448651063 0.6744423122353244 0.6744586044335725 0.6760319652929626 0.6765114214128359 0.7035075939099762 0.7036356040390686 0.7036542236942093 0.7038636948145423 0.706119000543461 0.7062027889915943 0.7068707691197673 0.7072734191621852 0.7077598576527363 0.7077808047647697 0.708209056833006 0.7083300845914206 0.7098289668302479 0.7100547301488291 0.7103991937689323 0.7105132391566691 0.7216361556463521 0.7219666545250998 0.7220946646541921 0.7234073503416123 0.7255136988294054 0.727373336886584 0.7283043196436196 0.7283904355486455 0.7304967840364386 0.7309925323545601 0.7321097116630026 0.7321260038612508 0.735789421010186 0.7366017034656995 0.73680884712914 0.7368507413532065 0.7372929581627985 0.7377910339378125 0.738875628849759 0.7391828531595808 0.7393155182024583 0.7393225005731362 0.7395692110037506 0.740874914320493 0.7497029583140832 0.7515742336557247 0.7528636447742191 0.7538481590397842 0.7541856402892096 0.7547861241674977 0.7555076358042002 0.7564991324404431 0.7821337426554187 0.7825829418356883 0.7826667302838216 0.7849453105816663 0.7852083132105288 0.7853339958827287 0.7862161020450199 0.7862300667863754 0.7865535832944452 0.7881944404037206 0.7897235795821514 0.789986582211014 0.8006859015462457 0.800951231632001 0.8020288441732698 0.8074331990778614 0.8076589623964425 0.80909500329917 0.812299911440265 0.8126187730345499 0.8133565768695005 0.8174668657418127 0.8184886193176593 0.8187120551793479 0.8192031485836841 0.8192636624628914 0.8199013856514609 0.8212420008215922 0.821577154614125 0.8225989081899715 0.8346016033850532 0.8348273667036342 0.8351671754099522 0.8357257650641736 0.8373200730355971 0.8386025017834137 0.861197453296668 0.8616745819596487 0.8638856660076083 0.8640858273003709 0.8647863918250402 0.8652402459190951 0.8685545445341419 0.8686988468614824 0.8827101373548684 0.8831337345093195 0.8892968403608953 0.8927019097947531 0.8939447717753956 0.8964235133660029 0.9011901450820252 0.9017999387878836 0.9018045937016687 0.9019186390894056 0.9032964935698183 0.9057426507639293 0.9167212649262718 0.9180502428119401 0.9187508073366095 0.9198982435846559 0.9407080356612945 0.9427864546663762 0.9437104550527342 0.9485515653893194 0.9627606897185755 0.9698524508702941 0.9770210180994684 0.9806634881363704 0.9839708043807391 0.9870430474789569 0.9990294504757904 1.0

UCB,40 0.002144053289453013 0.002487818672488413 0.006744039091965966 0.0012272680194621935 0.006302753265131087 0.007272139060894418 0.005974349097586775 0.002487818672488413 0.0061191169163058124 0.008749608696309929 0.0014078786743271043 0.009395245238314125 0.007218607552364873 0.008429117882200425 0.004879047883934381 0.007590767909489856 0.0017930727900505887 0.001062251325777634 0.011149914989636998 0.0022634518280428314

UCB,9 0.002144053289453013 0.0048946418451147255 0.024004924898784714 0.021839226260230625 0.023527563490114704 0.021410508700615727 0.0012272680194621935 0.022278417375862173 0.015445934921977825 0.022208360923395246 0.020757657042244505 0.021597636234779886 0.017819242715350857 0.0008481252916594429 0.04201897575604527 0.012273611177378982 0.007303094237565855 0.023822452278405737 0.013997093006341155 0.00848707155882589

PI,9 0.002144053289453013 0.0048946418451147255 0.024004924898784714 0.021839226260230625 0.023527563490114704 0.021410508700615727 0.0012272680194621935 0.022278417375862173 0.015445934921977825 0.022208360923395246 0.020757657042244505 0.021597636234779886 0.017819242715350857 0.0008481252916594429 0.04201897575604527 0.012273611177378982 0.007303094237565855 0.023822452278405737 0.013997093006341155 0.00848707155882589

EI,15 0.002144053289453013 0.014779118522251066 0.015370758064347198 0.015792260507595073 0.0013494595063231188 0.007850046607324275 0.012273611177378982 0.0036987944937024817 0.01623889948528291 0.00837535362798162 0.013020724839900053 0.0061586836834798256 0.025076253306443447 0.013421512916803886 0.017084464574360497 0.011783681501488986 0.009954998620981788 0.0022634518280428314 0.0151917766293071 0.013664499416390183

b2,40 0.0013494595063231188 0.014430930971119752 0.0032575086668676055 0.0005185573956688374 0.006169389985185737 0.0007389675633970157 0.0003430671459676236 0.0013494595063231188 0.003563336502553802 0.00011171793084427426 0.0013494595063231188 0.0013313053425609235 0.0013494595063231188 0.00033492104684356273 0.00013429426270238648 0.0023521279356504736 0.00011171793084427426 3.0024193914399596e-05 0.0023521279356504736 0.00011171793084427426

progressive,40 0.0011837445755707792 0.005064778943962982 0.017478037534897302 0.0005185573956688374 3.0024193914399596e-05 0.0 0.00011171793084427426 0.017203863112950316 0.0123878893108051 0.00033492104684356273 0.0 0.0 3.0024193914399596e-05 0.009983626340760637 0.0023521279356504736 0.010257568017018364 0.0003430671459676236 0.023527563490114704 0.0005185573956688374 0.004042327131048625

progressive,15 0.002144053289453013 0.01331049322302739 0.021424938933349777 0.002144053289453013 0.01913053192863551 0.0 0.019853905530852183 0.03084299324921128 0.015661922921610085 0.032132637113394855 0.004042327131048625 0.014899448043597918 0.01981340778092113 0.013782966972222963 0.011573977635466718 0.010257568017018364 0.01965281325533249 0.043453387438947895 0.010257568017018364 0.008596229287088314

rand,15 0.002144053289453013 0.01661082709671863 0.0038382091615685654 0.002144053289453013 0.017767107680956858 0.0028532294046248892 0.012506589612327144 0.03976948866935797 0.015661922921610085 0.013438968843498308 0.009862365836656745 0.007814203771178405 0.01421005531201305 0.013782966972222963 0.006169389985185737 0.008577609631947605 0.01930974610936487 0.004328604328837074 0.015195500560335246 0.0075393311121636376

UCB,15 0.002144053289453013 0.014779118522251066 0.015370758064347198 0.015792260507595073 0.0013494595063231188 0.007850046607324275 0.012273611177378982 0.0036987944937024817 0.01623889948528291 0.00837535362798162 0.013020724839900053 0.0061586836834798256 0.025076253306443447 0.013421512916803886 0.017084464574360497 0.011783681501488986 0.009954998620981788 0.0022634518280428314 0.0151917766293071 0.013664499416390183

SimAnnealing,40 0.001745127178063254 0.0026304917800041207 0.017478037534897302 0.0012714897004213878 0.0023521279356504736 0.0 0.012506589612327144 0.0007389675633970157 0.00034562734854947047 0.0007617766409443879 0.0 0.00033492104684356273 0.00011171793084427426 0.0013320035796287003 0.005878923364990625 0.0016841478074774215 0.0028532294046248892 0.001745127178063254 0.004328604328837074 0.0005185573956688374

bonr,15 0.002144053289453013 0.012212631806793148 0.027753759715677864 0.002144053289453013 0.01913053192863551 0.001062251325777634 0.019853905530852183 0.017343510526505658 0.015661922921610085 0.01802359343052017 0.013773889890341867 0.014899448043597918 0.01981340778092113 0.013782966972222963 0.011573977635466718 0.010257568017018364 0.011218342222279111 0.02755708960825409 0.013887004295321692 0.008596229287088314

ExpProgressive,9 0.002144053289453013 0.025076253306443447 0.027753759715677864 0.002144053289453013 0.02038479844805174 0.0 0.019853905530852183 0.05490703555306776 0.015661922921610085 0.03293700621547363 0.013773889890341867 0.015474562641756668 0.01981340778092113 0.013782966972222963 0.011573977635466718 0.010257568017018364 0.04896690007180203 0.043453387438947895 0.013887004295321692 0.023805461843089838

PI,40 0.002144053289453013 0.002487818672488413 0.006744039091965966 0.0012272680194621935 0.006302753265131087 0.007272139060894418 0.005974349097586775 0.002487818672488413 0.0061191169163058124 0.008749608696309929 0.0014078786743271043 0.009395245238314125 0.007218607552364873 0.008429117882200425 0.004879047883934381 0.007590767909489856 0.0017930727900505887 0.001062251325777634 0.011149914989636998 0.0022634518280428314

EI,40 0.002144053289453013 0.002487818672488413 0.006744039091965966 0.0012272680194621935 0.006302753265131087 0.007272139060894418 0.005974349097586775 0.002487818672488413 0.0061191169163058124 0.008749608696309929 0.0014078786743271043 0.009395245238314125 0.007218607552364873 0.008429117882200425 0.004879047883934381 0.007590767909489856 0.0017930727900505887 0.001062251325777634 0.011149914989636998 0.0022634518280428314

SimAnnealing,9 0.002144053289453013 0.012212631806793148 0.027753759715677864 0.002144053289453013 0.022506508151335897 0.0 0.019853905530852183 0.007272139060894418 0.015661922921610085 0.03293700621547363 0.013773889890341867 0.011968947070139077 0.01981340778092113 0.013782966972222963 0.011573977635466718 0.010257568017018364 0.009836298319459749 0.033821905326035975 0.004328604328837074 0.023805461843089838

bonr,40 0.00034562734854947047 0.0017930727900505887 0.021839226260230625 0.0013494595063231188 0.000245546702168144 0.001062251325777634 0.012506589612327144 0.004042327131048625 0.015661922921610085 0.006545041527649607 0.009083831506085716 0.0017930727900505887 0.004407039626117324 0.005974349097586775 0.011573977635466718 0.010257568017018364 0.0062582988384826356 0.0023521279356504736 0.004950268064847605 0.001062251325777634

b2,9 0.0016220047084452953 0.031365041830218994 0.027753759715677864 0.002144053289453013 0.034070012230785963 0.0028532294046248892 0.019853905530852183 0.05041271629347835 0.015661922921610085 0.02144355858849049 0.013773889890341867 0.006167993511050183 0.0013494595063231188 0.013782966972222963 0.011573977635466718 0.010257568017018364 0.050489755116623035 0.0013320035796287003 0.016824720385147564 0.023805461843089838

