ExpProgressive,40 0.04676013781338881 0.048217994753259455 0.04543155545936544 0.11593168854764471 0.04964861738524388 0.10806206167431495 0.5379814665451271 0.051226986091041815 0.04533922766868109 0.11763514561391918 0.04961276919043492 0.04298024379442113 0.05362696703290642 0.07043169342536894 0.0546118818672181 0.1111758260384888 0.06902292531245656 0.1111758260384888 0.06170198782355915 0.15534759090615208

SimAnnealing,15 0.13556760511599988 0.04825888049478234 0.06756557881465328 0.3540313164138481 0.05609494574309158 0.12092053318289943 0.07306087368186084 0.07171947397786643 0.05918760292315086 0.1854096517402438 0.05659795357846678 0.05286014250624541 0.053313918899637894 0.07043169342536894 0.0546118818672181 0.11137463911918767 0.04871144364976033 0.1368451366049685 0.06170198782355915 0.15900449225317242

PI,15 0.07396059814962724 0.13322969386532418 0.05362696703290642 0.14311752577407447 0.07136287406479322 0.07232381790589006 0.05152516156599115 0.052672847765902274 0.06588378598413867 0.06645212928530048 0.12893543331871643 0.14610083995092607 0.06657968763916992 0.06072948719269651 0.06704878540216663 0.04825888049478234 0.04676013781338881 0.06787274998949858 0.11763514561391918 0.04543155545936544

rand,9 0.15186212436139426 0.056708883337065766 0.06787274998949858 0.3606256473781755 0.05615843954461865 0.12399731007952834 0.20352027813966678 0.07171947397786643 0.06060380690834019 0.1553962874076851 0.05659795357846678 0.13494624498037672 0.053313918899637894 0.07043169342536894 0.0546118818672181 0.12231744486348488 0.06902292531245656 0.1582661003766085 0.06170198782355915 0.055315832975760856

ExpProgressive,15 0.13556760511599988 0.04825888049478234 0.06787274998949858 0.34773971243878316 0.05704643452558394 0.10806206167431495 0.5379814665451271 0.07171947397786643 0.04533922766868109 0.1854096517402438 0.07179966860275057 0.05286014250624541 0.054289601152776534 0.07043169342536894 0.0546118818672181 0.11137463911918767 0.14610083995092607 0.1368451366049685 0.06170198782355915 0.15534759090615208

bonr,9 0.15186212436139426 0.056708883337065766 0.11609253987640486 0.154555945944607 0.05609494574309158 0.12399731007952834 0.5379814665451271 0.07171947397786643 0.05918760292315086 0.1854096517402438 0.05659795357846678 0.05286014250624541 0.053313918899637894 0.07043169342536894 0.0546118818672181 0.12231744486348488 0.14610083995092607 0.1368451366049685 0.06170198782355915 0.055315832975760856

rand,40 0.04543155545936544 0.04961276919043492 0.05709471654955374 0.06597466781320047 0.05195185190266409 0.0610561141609876 0.07721978541176039 0.053804011831139247 0.05918760292315086 0.06890516154958735 0.05659795357846678 0.08535582589044896 0.04298024379442113 0.0611566917361593 0.0546118818672181 0.05149295955949777 0.04871144364976033 0.06890516154958735 0.05670834827056447 0.055315832975760856

b2,15 0.06603672710610742 0.06060380690834019 0.05362696703290642 0.13693714448831731 0.06448401275752544 0.0675557227208114 0.07306087368186084 0.05609494574309158 0.05329995846103068 0.053313918899637894 0.05997546631811482 0.05670834827056447 0.052672847765902274 0.07043169342536894 0.0546118818672181 0.07345278850850108 0.05609494574309158 0.1391337636105916 0.06170198782355915 0.055315832975760856

EI,9 0.07396059814962724 0.0631128625680192 0.06704878540216663 0.15239565740030064 0.1569587262580036 0.1736692445090314 0.14413476247915097 0.051014010991202154 0.17858321140610697 0.1855371138590219 0.41671693648124 0.06756557881465328 0.21557293647681686 0.1898266597909633 0.07264351328759679 0.18720745699770253 0.04961276919043492 0.16069258055328314 0.04961276919043492 0.19093926296158775

progressive,9 0.15186212436139426 0.056708883337065766 0.11609253987640486 0.34773971243878316 0.05609494574309158 0.10806206167431495 0.5379814665451271 0.053171829388631 0.05918760292315086 0.1854096517402438 0.05659795357846678 0.05286014250624541 0.053313918899637894 0.07043169342536894 0.0546118818672181 0.12231744486348488 0.14610083995092607 0.1368451366049685 0.06170198782355915 0.44135840406914617

base,2736 0.04298024379442113 0.0430331643274017 0.04533922766868109 0.04543155545936544 0.04676013781338881 0.048217994753259455 0.04825888049478234 0.04871144364976033 0.049328108907620065 0.04961276919043492 0.04964861738524388 0.051014010991202154 0.051226986091041815 0.05149295955949777 0.05152516156599115 0.05189668540087182 0.05195185190266409 0.052672847765902274 0.05286014250624541 0.053171829388631 0.0532334502968656 0.05329995846103068 0.053313918899637894 0.05344535179741811 0.05348575967669729 0.05362696703290642 0.053804011831139247 0.05404166319632414 0.0541906451548301 0.054289601152776534 0.0546118818672181 0.05469625102999373 0.054746981284295136 0.05475349994129675 0.05497099378792974 0.05498167107883546 0.055315832975760856 0.0554882606559042 0.055670668538164145 0.055751003108875374 0.05582276304829288 0.05609494574309158 0.05615843954461865 0.05636008650051332 0.05639130761560659 0.056531991444880705 0.05659795357846678 0.05661013967380326 0.056707300376908513 0.05670834827056447 0.056708883337065766 0.05699288290183211 0.05704643452558394 0.05709471654955374 0.05727467290473973 0.0573891518795014 0.05843053130668382 0.058496525701644826 0.058599449759392803 0.05880821373614647 0.05892948753235146 0.05909864546253833 0.05918760292315086 0.059476352755183905 0.05984737275842883 0.05997546631811482 0.06018344101072944 0.06060380690834019 0.060618753925901374 0.06072948719269651 0.06089338475735712 0.06099864642363648 0.0610561141609876 0.0611566917361593 0.06119919218560229 0.0612097918912284 0.06131135377587985 0.06170198782355915 0.06182314704412362 0.06203080247053379 0.062150728838942286 0.062190070733062625 0.06229061788300803 0.06263140604474125 0.0627881263361135 0.0631128625680192 0.06320438893708434 0.06326524083991795 0.06341875203702642 0.0634373025801904 0.06362425463621374 0.06373928498122816 0.06374280930697462 0.0637981070006513 0.06383943242210245 0.06417260899261552 0.06417722076603907 0.06418635844691456 0.06448401275752544 0.0647196931508405 0.06487593915368037 0.06507740578327037 0.06534726401336355 0.06586512723127533 0.06588378598413867 0.06597466781320047 0.06603672710610742 0.06612703624454229 0.06623853259698746 0.06628036723945674 0.06636192495106868 0.06645212928530048 0.06657968763916992 0.0666662411839432 0.06670882200436572 0.06676675634143248 0.06687190686586258 0.06704878540216663 0.06745436151425843 0.0675557227208114 0.06756557881465328 0.06765648633798758 0.06785962204918247 0.06787274998949858 0.06790478346420047 0.06793561700464054 0.06801944249753866 0.06802339020430807 0.06802507581530665 0.06817584945610193 0.0686331482743402 0.06887223418249998 0.06890516154958735 0.06897182022545108 0.06902292531245656 0.06914233698104873 0.06921032993048239 0.06928996062318836 0.06939657789265202 0.0694493094470918 0.06950887787890944 0.06962270410469186 0.06973074711713867 0.06991592602147052 0.07023008539752387 0.07023576638490416 0.07032028998257187 0.07040288069983978 0.07043169342536894 0.07072907090231076 0.07074992826257998 0.07082779371645827 0.07129007625153783 0.07136287406479322 0.07150428790136669 0.07158330578442708 0.07168877932788864 0.07171947397786643 0.07176702094272619 0.07179966860275057 0.07182880407954434 0.07205661187709554 0.07219887253511699 0.07232381790589006 0.07239094902072668 0.07264351328759679 0.07269195099467991 0.07282844708628988 0.07300262857737161 0.07306047466615491 0.07306087368186084 0.07316029303104589 0.07345278850850108 0.07363536515133606 0.07372229249463601 0.07386585100803537 0.07389173766221409 0.07396059814962724 0.07397869887256688 0.074051586359147 0.07405304061006134 0.07406895618613724 0.07426291052720253 0.0744817823354525 0.07490707735926362 0.07493381095767547 0.07584554789990065 0.0759356983302162 0.07637476475287987 0.07647600416061276 0.07673599711578463 0.07682083947361529 0.07683241449423066 0.07688628973377794 0.07716331273928802 0.07721978541176039 0.07730069670035447 0.07739506487450806 0.07745781960844236 0.07750843079570277 0.0777446660397592 0.0780463986443471 0.07835432017052808 0.07860981479815057 0.07895362964621083 0.07929233941520328 0.07939593890970946 0.0795077687074655 0.07968631139237273 0.07978737482545428 0.07992317506049168 0.08051678565849392 0.08088100771667324 0.08126540753449836 0.08134662930231312 0.0815452506371542 0.08165111239825656 0.08165235411332018 0.08183873325005914 0.08231536884744495 0.08244594538220515 0.08315717570246146 0.08349462980875066 0.08533737854223203 0.08535582589044896 0.08615552966308271 0.08673604101360717 0.08697317709187137 0.09536543872399146 0.09757019367455483 0.10316914976664421 0.10651180166195218 0.10806206167431495 0.10848208564209548 0.10921861256980704 0.1095409363395905 0.11001866010227324 0.1111758260384888 0.11137463911918767 0.1115989062948387 0.11318450080805814 0.1138418590628978 0.1147759779477653 0.11534966904810959 0.11586402490856354 0.11593168854764471 0.11608429963242911 0.11609253987640486 0.11654099735069336 0.11763514561391918 0.11847879526122017 0.11854601290551899 0.11872741747530322 0.11903283521135857 0.119070751413408 0.11930454441563548 0.119642760613687 0.1198772274809799 0.12026301592871079 0.1205599604691554 0.12074974627407671 0.12091679694037621 0.12092053318289943 0.12128829612145156 0.12133232077849138 0.12178175513973988 0.12231744486348488 0.12262673633149715 0.12262784557975687 0.12271212225960566 0.12309429649810052 0.12316066822426565 0.12344578168206995 0.12361022452956805 0.12399731007952834 0.12409533245552118 0.12418476324567355 0.12424443098710751 0.12432214324782018 0.12451737351763865 0.12496280958685337 0.12533232784275797 0.1261907741375812 0.12632777756798563 0.12655398956285044 0.12656666539483383 0.12694082046237162 0.12708309601911433 0.12797362559144076 0.1279786190393046 0.1280640114885092 0.12862787787935587 0.12893543331871643 0.12895105042019506 0.12910237090723795 0.1293496879016961 0.1293874031447151 0.12947601359827293 0.1296507289767589 0.13026837350706302 0.130369386499527 0.13082845309254526 0.1309352766752796 0.13147749750134097 0.13163599653327243 0.1318285651549729 0.1319546650013468 0.13232613281892033 0.13240491864147366 0.13241619983272643 0.13254110986133824 0.1326019624861482 0.13263435218857517 0.13296456811946594 0.13322969386532418 0.13349690875365755 0.13353853030197207 0.1339274690804683 0.13426981048586642 0.13438501654251866 0.13439708948052814 0.13492078250504302 0.13494624498037672 0.13521868989336464 0.13526931230229358 0.13556760511599988 0.135733046911109 0.13577344080422887 0.13605262854336728 0.1361845968451037 0.1365525940903203 0.13683172362129611 0.13683222041032478 0.1368451366049685 0.13691691945792464 0.13693714448831731 0.13708424120189536 0.13722197475375866 0.13734428075774208 0.13740978280592994 0.13778329963255168 0.13831749126234585 0.13851567156223304 0.138656142117069 0.13900792808105122 0.13905848451434955 0.1391337636105916 0.13924171116156286 0.13954483431720976 0.13960598655219195 0.13962368882175688 0.13969174982986632 0.13984401288603004 0.13987328176573385 0.14008113375238093 0.14031583780224804 0.1406715955715791 0.14073366554270356 0.14110640354267315 0.14113125586939915 0.1412964485807304 0.14148684062374725 0.1415347061026425 0.1416210045342528 0.1418930374867303 0.14200445479602672 0.142086114061548 0.14217779980946402 0.14222384907133298 0.14238796925805283 0.1424155825131748 0.14269925658355612 0.14286964923686848 0.14311752577407447 0.14317962860990274 0.14327751947171888 0.14369085797914144 0.14385699768067683 0.14388020428238676 0.14399521124223516 0.14400708845578508 0.1440379048892854 0.14413476247915097 0.1445533513712003 0.1447987580384964 0.14480170928129493 0.14482093834194834 0.14483375348228358 0.14486874368283717 0.1449270111555059 0.1450844781869533 0.14514460870429777 0.14531161620891767 0.14543491664385744 0.1454845441333403 0.14568381413309003 0.14574897887450594 0.14582690652301272 0.14610083995092607 0.14629502928668897 0.1464668459493968 0.14654279320481073 0.14672937803180142 0.1470334556503265 0.1470506977764416 0.14731610390695507 0.1473510195732674 0.14749806190468764 0.14768856704482794 0.14774947062894497 0.14796396074721518 0.14879882743434225 0.1488913247543575 0.14889244652045364 0.14896739298664982 0.14912578512756686 0.14921735851947746 0.14956095713661438 0.14958931608529327 0.14990854399918663 0.15033584481630094 0.15036914131865053 0.1503907643278562 0.15044579605862476 0.15049632669222146 0.15050125715907822 0.15050416762958738 0.15058758151307383 0.1507372832343269 0.1508966212339834 0.1509559148261244 0.15103539649020856 0.15104363893947806 0.15134948104300758 0.15168124201554598 0.15168954939679782 0.15171961781371332 0.15186212436139426 0.15190464413965551 0.15212729919894288 0.15216108967550526 0.15230895712548612 0.15239565740030064 0.15249388608449319 0.15255503597268835 0.1525607790216049 0.1529634635346437 0.15303047381777818 0.1533416379679021 0.1536469918286904 0.1537196999350706 0.15372329345850858 0.15397579433004244 0.15406456925031714 0.1541124948919411 0.15442467813654498 0.154555945944607 0.15464855037087777 0.15516547876121825 0.1553221115392985 0.15534759090615208 0.1553745563824056 0.1553962874076851 0.15542501459879224 0.15552012845070115 0.15558440242417218 0.15562661816718523 0.15563693031419057 0.15620750221605054 0.15625338386322024 0.15628715013413838 0.15658082275417473 0.15666545245162994 0.1569587262580036 0.1569748429194247 0.15710640162561348 0.15756490593738776 0.15761839091613872 0.15774084191224408 0.1578162360560606 0.15792361176102576 0.15796873700621952 0.1582661003766085 0.1585383865068773 0.15862020364823498 0.15890829246948318 0.15896010700575489 0.15896161213364682 0.15900449225317242 0.1592840344976152 0.1593631770399859 0.15951201363866335 0.15961039689073836 0.1599714648312186 0.16027481233134616 0.16037896578819005 0.16040060572235254 0.1604161898744328 0.16069258055328314 0.16074582534142987 0.16085319570337434 0.1609087745032979 0.16097781197909888 0.16123467702700384 0.1613406243379416 0.16179500524904017 0.16180043444902611 0.16211077473860416 0.16232776991671138 0.1627128608788428 0.1628233855210787 0.16309016366762932 0.1632598668402564 0.16340979073791126 0.16341393520407432 0.16342040584879125 0.16344849255489996 0.16390653126029983 0.16440326338529532 0.1645132067933479 0.16452200685987226 0.16462063590912587 0.16478250591105278 0.16512805282232587 0.1656338122481496 0.16576930835231798 0.16577791686651225 0.16659711967920912 0.16688736583441288 0.16705640940018948 0.16737686364808915 0.16762247662691473 0.16823402410531763 0.1683023765691813 0.16869886864511838 0.16870530650416327 0.1688887849009199 0.1689905882276188 0.16900346707166478 0.1692580900658017 0.1692652933463606 0.16978389721417908 0.17002418429584612 0.17028506401989216 0.17050934350895897 0.1709933979292354 0.17125474253519357 0.1713725719312491 0.1716146434234447 0.1723666648762359 0.1724785702695419 0.17291509685336606 0.17292352639625183 0.17314541118030924 0.17329157562950606 0.17329812769950717 0.17353320540080636 0.1736692445090314 0.17373045120108419 0.17383425836083397 0.17383666023930233 0.1738861136703422 0.17402936761979237 0.17429138425541169 0.17511033744704363 0.17527282152253218 0.1755260330495325 0.17599288847859118 0.17603665117555725 0.17615227633808644 0.17618779362082712 0.17630253247268887 0.17634664615359222 0.17638686062982836 0.17657725771301797 0.17676859107666024 0.17696896020087785 0.17705021654219946 0.17714569962850155 0.17722791645259314 0.17723118761358256 0.17755319163294114 0.17759219238327215 0.1776014503651802 0.17764137701308969 0.1780085380773864 0.17825668381136653 0.1784629456361119 0.17847285262649526 0.17858321140610697 0.17859779252647207 0.17869068659556678 0.17882598593971674 0.17902545737383307 0.17904266184411197 0.17905057633800625 0.1793496058476188 0.17940546655913794 0.17952417083280114 0.17968247678173416 0.1796868452331654 0.17972082453426969 0.1798052829004185 0.1798309459666211 0.18005398825676439 0.18015012166057703 0.18017146502844233 0.18017307925531764 0.18042299640672824 0.18061416423131346 0.1808825040229907 0.18088931712101672 0.1809037410876828 0.18133132395596693 0.18137013761755688 0.1814162844998199 0.18157045443665099 0.18180439331092596 0.18187857019383674 0.1820671867760336 0.18213389768337587 0.1821385389731672 0.18229885375434887 0.18233983371366705 0.1825007746997195 0.1825794668461186 0.18286570598716528 0.1831857729643571 0.18319391432752705 0.18329622904451562 0.18350372488598382 0.18357806694927412 0.18378269145522197 0.1838133466097121 0.183849385430259 0.18423788225990598 0.1842395703910011 0.18454814696423935 0.184614320321582 0.18489550388751516 0.18495423862776952 0.18498879880056654 0.18500246188846012 0.18502998101354623 0.1851316947754543 0.18513810741695624 0.18517487850236028 0.18520324351498052 0.18526040998324514 0.18540678842220554 0.1854096517402438 0.18544618893874437 0.18547201457680856 0.1855371138590219 0.1855405522244769 0.18560936645287732 0.18580181009806898 0.18588742874427874 0.18595180086519034 0.18616895080178014 0.18623871237932021 0.1862778400879549 0.1864613757738222 0.1868790311899157 0.18695057184122724 0.18701955687904348 0.18711356132527712 0.18720745699770253 0.18723180088345132 0.18724463912998923 0.18739423024904656 0.18764026029244582 0.18767146228549803 0.18787437143851293 0.18801723002807283 0.18806125193385625 0.18809494087120174 0.1881093618905821 0.18811111792971766 0.18848068068316012 0.18878373586961417 0.18889763126163056 0.18894277752831787 0.18904686404475407 0.18915889893885063 0.18920556015476325 0.1892769162268464 0.18935077415974091 0.18937555346177223 0.18952358725153404 0.18962552676274713 0.1897036487730513 0.1898266597909633 0.19007316936612728 0.19020817465977538 0.1902291094776914 0.1902380447340486 0.19025876608086836 0.1903826096464809 0.19057740291050856 0.19060933666623828 0.1907576614111798 0.19085174402004396 0.19086394539323398 0.19087848512164013 0.1909005036740419 0.19093926296158775 0.19108509077486935 0.19113307482837202 0.19155903246508516 0.1916631147222199 0.19169455864634563 0.1917841906770413 0.19199050184525282 0.19204491069557147 0.19209403090387808 0.19222324671798577 0.19224365803824528 0.19258075319536191 0.19260088635584466 0.19263497610991848 0.19279440732001918 0.1928642759582769 0.1928978832205505 0.19362269752289119 0.19397003810509586 0.19400979377674252 0.1940166860581484 0.19432478614299037 0.19446884511449244 0.19458076555002426 0.19462192056018465 0.1948600078773591 0.1948798867531669 0.194943676335925 0.19495543163064788 0.1950746171687664 0.19511232565157025 0.19519625646799374 0.1954223172471022 0.1954645385855966 0.1955283566154797 0.1955386820701692 0.19565491353034256 0.19569672413218464 0.1958098020071075 0.19585806606601236 0.19593307461435697 0.19615449734485202 0.19619887424680357 0.19626181891533065 0.1963057442355869 0.19664203678829353 0.19671849365833013 0.19709449416306205 0.1972767032655228 0.19730041157552758 0.19761252110021085 0.19767550552893215 0.19776915567166753 0.19780816708972554 0.19785119137649973 0.19813870871884676 0.19829107455641928 0.19843407791375 0.19851885817316636 0.19868514471778545 0.1987292208850356 0.19922211520427252 0.19930638472195633 0.20026354762734425 0.2004798442643686 0.20069941082893838 0.20076820828055988 0.20077132009697896 0.20085002366780833 0.20098659703842253 0.20101083110846044 0.20103171851344026 0.20105052689249087 0.2011906634356644 0.2013113713821701 0.20141881768449377 0.20150185843828994 0.2015076980618339 0.20158188060643517 0.20165032863629076 0.20166663401909646 0.20170271048777091 0.20198570846761355 0.20209640999130807 0.2021742778614892 0.2021754783270905 0.20219826806282698 0.20252244246231035 0.20255686792660596 0.2027194106563569 0.20325788671773334 0.2033410892809996 0.20335093849459587 0.20346173175993745 0.20352027813966678 0.2035250297792257 0.20371024630990062 0.20379725007470764 0.20386263374948618 0.2040516058026178 0.20409544387333886 0.2041627170798081 0.2046248602071506 0.20467702728023515 0.2048092524922195 0.20504087593596787 0.20506989893596553 0.20534705530977299 0.20556007184922465 0.20556566365483608 0.20570256166465856 0.20575161536840467 0.20608488568909789 0.20610187730960025 0.20619346337764025 0.2062750411129188 0.20634528349458797 0.20643437215610805 0.20683546671396325 0.2068597573746368 0.20714874014606685 0.2073663326547017 0.20744439241455814 0.20754455957232415 0.20760815876382935 0.20777886059120432 0.20784949650418738 0.20790914159841226 0.20803756307397167 0.2082564638648619 0.2087921041325381 0.20879882236630892 0.2088011460355007 0.20886533516415723 0.20889032312202965 0.20930263715872882 0.20939832896945065 0.20952161229599306 0.20967352356849472 0.20969415973293648 0.2098835153655555 0.20989307322139 0.20989772224270717 0.21024205344555352 0.21027409414871387 0.21039286800438858 0.21044499544403222 0.21062443796637517 0.21073501023596877 0.21111336732879943 0.21116692148161537 0.21128067279404628 0.21129994163767263 0.21152623192941566 0.2116713887792213 0.21182216266158574 0.21199099280462966 0.21219272440198705 0.21245132159296778 0.21284439820777534 0.2128570694816424 0.21451122462406982 0.21465569782578486 0.21470782415454473 0.2150319276973882 0.2152192098360698 0.21543666916554394 0.21557293647681686 0.21559659292671438 0.2160526286298287 0.21614120941416737 0.21637680424681222 0.21666924167017668 0.21696584023329293 0.21702506077763237 0.2175459160187516 0.21772753874095668 0.21795217269441192 0.21817867380623424 0.21845866061904343 0.21849638175335084 0.21858113488556588 0.2187628655504974 0.2188438840547736 0.21931996222171005 0.21953829716952683 0.2197186293015891 0.2209475646017371 0.22137057037825286 0.22157625751517004 0.22162843964767656 0.22183489069706694 0.22241362584898375 0.22288842560658229 0.22334380198773637 0.22346447921827997 0.22366300519054774 0.22389748284150499 0.2250985124661451 0.2251660664982636 0.22522034623364415 0.22553280883809648 0.22578165261689603 0.22788597380128234 0.23647212052865593 0.34773971243878316 0.34857029767190306 0.3488238549517431 0.3509039460956585 0.3509899684396604 0.3519943269838891 0.3521134264518088 0.35372846491265686 0.3540313164138481 0.3540839578038561 0.355066567090634 0.35529117473422134 0.3555577227979991 0.3556936940748824 0.3558400328467958 0.3561099451364965 0.3561934393323805 0.35631702538664345 0.35645999317545896 0.35651348308415287 0.3566156097554203 0.356844406970692 0.35702219409793495 0.35721986948007095 0.3574778668728464 0.3576198262865403 0.3577414466683416 0.35809538237420097 0.3584156006329281 0.3591772052228127 0.3591860199448864 0.35919262069821567 0.3592426905040213 0.35940756528462064 0.35947249694933264 0.3598554644671535 0.3598746143617856 0.3600678516645344 0.36010479235950227 0.3601087869091756 0.3601772514466916 0.3602338230200548 0.36033238479582647 0.3604359108134226 0.3604731583283563 0.3606256473781755 0.3607377072750429 0.36166522875937723 0.3619138312139067 0.3622626581522338 0.36335731680817124 0.36403968610155774 0.36420967743325605 0.36447450559670663 0.3874712069357528 0.3899407740855627 0.39085930359583704 0.39325447942392155 0.39422540588467253 0.3943505975214228 0.3947526548136998 0.39521470409807324 0.3965031595168634 0.3975663511903541 0.39795578495889966 0.3980477085455777 0.3987869346854213 0.3992047131757896 0.3992757423267757 0.399303454102295 0.3995222944473463 0.39989731851874444 0.4002808906729061 0.4006263679786184 0.40114763941012593 0.4014555459382817 0.40186391158346146 0.40239486639505145 0.40240392985970236 0.40277675420962294 0.40279476407033227 0.4028431391999625 0.40286768580348503 0.4028818860094235 0.40317666724232876 0.40329454755486827 0.40345658442750504 0.4034755307005903 0.40351468559918435 0.4036343002145958 0.4037201439837284 0.4037279114480995 0.40396537827218293 0.4040830109742331 0.40441116876362376 0.4046260760300684 0.40489031734118525 0.4049664932158582 0.4050189462699659 0.40521192186407984 0.4052136075437986 0.40524458561174603 0.4052520511907541 0.40550895558257344 0.40553969431270537 0.40553980977734405 0.4055681143236352 0.4056358991427645 0.40592328840530806 0.40626827407345095 0.40640074973140783 0.40713289973698663 0.4071673827782039 0.40720852659463036 0.4072107199275135 0.4072531529336336 0.4073492920766765 0.4074300864572629 0.4074593297248731 0.4074763799571395 0.40750352936697937 0.40750629529340987 0.40751010607958393 0.40752949371891817 0.40759238373419293 0.40779411616517786 0.40781348935739997 0.40783317353264437 0.40794029274190347 0.4082580883979565 0.408368254103712 0.40843193655318893 0.40855317800839647 0.4088656887804124 0.4089933860006694 0.40970680304369 0.4099200162547853 0.40994152001655065 0.41003002977310465 0.41028549743553266 0.41033961165170707 0.41048966677065984 0.4106880729916485 0.410763687350675 0.4108400253494476 0.4109254537956938 0.4109456037881601 0.41099157324263913 0.4110810688076691 0.4110846408272101 0.41115588820003696 0.4111952869665973 0.4112542565509405 0.4114219192518503 0.41144213613769826 0.4116343930991231 0.4117098941179439 0.4118054684754927 0.41195773477131015 0.41200379541193627 0.41206356174173664 0.41206465919974145 0.4120898626362368 0.41212548498227236 0.41226528314602306 0.4123999023755321 0.4124404041121533 0.4124623374303164 0.41268292375214827 0.4127031207319884 0.41284500853984235 0.41297391243019466 0.4131690610537504 0.4131731581344559 0.4132756660563345 0.41329296655765496 0.41339426311278615 0.4136251844516639 0.4137016233153117 0.4138077318593396 0.4139821524505168 0.414036691398734 0.41414047807575444 0.4142480766228843 0.4142518718676796 0.41455141748975166 0.4145969546349428 0.41466082139589205 0.41478561256202834 0.4150993207697819 0.41518390566399604 0.41530074197128697 0.4153595187901618 0.4153657848434906 0.41541099153556493 0.4154157876462961 0.41559393415811513 0.41560346871266196 0.41563349591219073 0.4156679230337536 0.415709025050973 0.4158082801660075 0.41613359717258486 0.4161686124262068 0.4162024604990741 0.4162782084540123 0.4164277822988543 0.4164562236769201 0.41648385353479117 0.41658932046284974 0.4166094585482974 0.4166100335016612 0.41671693648124 0.4168773069643142 0.4171001370226324 0.4173119862399693 0.417344958407504 0.4173666294816397 0.417380706516306 0.41743852170287776 0.4174719706139302 0.4174913677715372 0.4175053343633999 0.4175441126286727 0.41758823368233805 0.417667674704805 0.417757318673809 0.41783275243079565 0.41786710594538173 0.4178721514567287 0.41788033555309617 0.4179174790224965 0.4180888426805446 0.4181261327887645 0.4181853307949644 0.4183306224451564 0.4183596978553084 0.418432220598112 0.4186227008234933 0.41877743352154756 0.41877961876299424 0.4188328825935416 0.4188657365077159 0.4190275724202541 0.4190393540708824 0.4191031416036632 0.41912860095785787 0.41927348078175436 0.41928226088973214 0.4195053428264713 0.41951629443407695 0.41951798041774957 0.4195708427443701 0.4197170261590052 0.4197866246780215 0.4201836314836676 0.42031417765707496 0.42035289677581206 0.42043974705003767 0.42047691840334595 0.4204852739754855 0.4205200444654471 0.42053743294167434 0.42065771715842426 0.42076300296612396 0.4207778771125629 0.42079274811288 0.4208447091026294 0.42092507986576977 0.42092676306168975 0.4209744677673239 0.4210426163755103 0.4210868815479485 0.4211044432817123 0.42113064791611177 0.4211585271456543 0.42127799703929614 0.4213492584039379 0.421368405318347 0.42145051010552365 0.42149827174716065 0.42153004898263996 0.4216322980424919 0.4216700942149214 0.42180985329351683 0.42206475354016637 0.42210147986818075 0.42211001633755585 0.42219687378817716 0.422331642666226 0.4223368651761727 0.42234866434248935 0.4224269551512181 0.4225813203165518 0.42272133064237244 0.42290750071618455 0.4230663155432883 0.42319668505008606 0.42323363912637263 0.42327389098264023 0.4232999982789025 0.42330055300910874 0.42333707560462247 0.423416191630576 0.4234826747806027 0.4234871334969122 0.42351728613213013 0.42355868724857626 0.4238370205838963 0.42385209594044887 0.42391745124339714 0.4240047396483722 0.42412232117736504 0.4243824219891105 0.4244583923379847 0.4244653492912477 0.424595191452821 0.4246742158049097 0.424972949533626 0.42512348002382994 0.42531210405840225 0.42539283218060814 0.4255087317519834 0.425517009879072 0.42563081640700673 0.42571549825880367 0.4257510111027366 0.4257912436470125 0.42580313478084486 0.42589881230573773 0.4260146203193162 0.42614680767711394 0.42629365725602214 0.4267132610139864 0.4267251182883144 0.42672765160939524 0.42674696633131404 0.4267485067059053 0.42676883865683607 0.42693485342384235 0.4269860745723198 0.4272770570644909 0.42742811210391807 0.42792227393483695 0.4279844876322422 0.4280113441654438 0.4282299130669318 0.42825399682718795 0.42842296308317074 0.4284363352235379 0.42849304360747026 0.42850469023756804 0.4286572836160739 0.4287217206638724 0.4291043884528895 0.4291838432798232 0.4292659570169841 0.4292691397433399 0.4292899531985396 0.42943159543138315 0.4296156511732032 0.42963084440478017 0.4296316549801717 0.43004179514090707 0.4300949251523381 0.4303113350084803 0.43049981543327714 0.4305869154621776 0.4308627085835991 0.4310439486594292 0.43171226455431416 0.43184150973905805 0.431887614952867 0.4320210619470752 0.43205170037531315 0.4322332700845903 0.4322671763303265 0.43240217476052706 0.43243747217595846 0.43319409553551014 0.4333737209923591 0.43342494250505165 0.43380202282104524 0.4338400280839322 0.43405875542787387 0.4340737329156463 0.4340873747375225 0.43420289555124725 0.434412506409929 0.4347472592251983 0.4349140364744109 0.4350522496421919 0.4351861940686934 0.4353690456538324 0.43553720781518335 0.43555569986482795 0.4356668365273482 0.435856689005027 0.4370720670050058 0.43762295631202464 0.4376662656347786 0.437944328592699 0.4381396088639141 0.4381775547130302 0.43829966383326346 0.4388780163189372 0.4389116107569803 0.43892591421084337 0.4391045783934225 0.43911057194946945 0.4394140208949067 0.4396042649273379 0.4397394570942453 0.43978417735250647 0.4398375329092941 0.4398413094914248 0.43985143774072705 0.4400159904693724 0.44002394524566923 0.44004520642098593 0.44007070422734 0.44011421366538717 0.44024975127490523 0.4402507570574134 0.44030384367119635 0.4403724574630953 0.44056664142825797 0.44056953063114324 0.44059836853767453 0.44066862963420234 0.44096353303468894 0.44101753979821157 0.4412824517954832 0.4413112759927347 0.44135840406914617 0.4416509729446594 0.4417092994441974 0.4417351023721372 0.4420366561211559 0.4420598237633803 0.4420680956127544 0.4422374110711562 0.4422617334248442 0.44307940029657744 0.4430884740347172 0.44327459707918576 0.4438039025358784 0.44389933454821473 0.44406584851601244 0.444165119300772 0.44418459476713523 0.4442430289004941 0.4444319734036505 0.44444009208297147 0.4444789129839404 0.4445339037600028 0.4445775353993381 0.4447023160256178 0.44476038230555004 0.44491998706598174 0.44557457341162726 0.44558572953088177 0.44563016836862984 0.4456626209037045 0.4458521139669441 0.4464962560521426 0.44680008925101417 0.4470234704348186 0.4471049879604678 0.44725101367663395 0.44779658113774984 0.44784501607522686 0.447992872790867 0.4484873952483971 0.44852330468647517 0.4487742310094034 0.44879763467968314 0.44905705814983327 0.4490809475287777 0.44915016590998824 0.4495317743322311 0.45001589499533423 0.45037287875047444 0.4507161989723325 0.45071661554565956 0.4509177635158818 0.45114752134868347 0.4512834102159599 0.45208885213753147 0.45213056476120006 0.4521856528034044 0.4522441398827096 0.4522479279101769 0.4524051744025746 0.45279396793934484 0.4528109707736974 0.45298814997409176 0.4530337334543508 0.45315943961330435 0.4532252273910791 0.45323055027067893 0.453661948610531 0.4538308540232895 0.45399272827756104 0.45412550253239387 0.45455960920227506 0.4546413973980181 0.45483876322577627 0.454941665169424 0.45510157127895984 0.45511595644000835 0.4552295335827627 0.4552758356393759 0.45550175507218915 0.4555794181675516 0.45558439050865907 0.4557070504126616 0.45603264335643096 0.4560347865591535 0.45636733439129035 0.45638955210714766 0.4564583761091784 0.45671379927889677 0.45691567827278495 0.4572531106254359 0.45728272137877624 0.4573101703064685 0.45741586767051173 0.45778027449699027 0.4579643901269959 0.45797089460878765 0.45802957174069664 0.4581957273206993 0.45819649704850257 0.45825653189403237 0.45842114377157295 0.45843982120653726 0.45847601546932987 0.45848563184941526 0.4585859106603921 0.4589265134428395 0.4591205338688236 0.45920619201293866 0.45928575892347956 0.4593578793180849 0.45940889059380663 0.4594757108508547 0.45959160397162774 0.45963360045075885 0.4599493196892408 0.45995780636137934 0.4600475034592587 0.4601746261324125 0.4601889779852941 0.4603017836995538 0.46034207290197243 0.46039192698959885 0.46058544224301906 0.4606171870788727 0.4606721735417391 0.46071850855353097 0.4609735740121982 0.46124082254065635 0.4614800349252667 0.4616752999997385 0.4617192567022419 0.46177003518431636 0.4617827298068132 0.4617924313739261 0.46181096430186863 0.46181582936638055 0.4618395492012458 0.4619309149534828 0.4620857478867631 0.46221828290202077 0.4624246356909425 0.4627252691530562 0.46276214989027553 0.4631485925904585 0.4632593317758257 0.4633075455400299 0.4635289341480243 0.46365923426074074 0.46416783749890217 0.46420092975916666 0.46424391272091164 0.46429967319105975 0.4644312197630934 0.46449256120570015 0.46483647074664913 0.46484997183178195 0.4649841377533483 0.465128551397982 0.46520799247045286 0.46542642137470697 0.4655763569692282 0.4657334734092209 0.4657452205212014 0.46575055861465225 0.4657650995123124 0.46597373912032203 0.4660107153444659 0.4660980994924664 0.4661370961530223 0.4662628411487081 0.4664079222281971 0.46645104448527186 0.46670427136491255 0.467355017190451 0.46736374545747095 0.4674120924546166 0.46748735476165104 0.467515981932425 0.46753029431832044 0.46758983270557664 0.4677661434333646 0.467852928405238 0.4681637715441236 0.46817126267768105 0.4681878223966996 0.46834743460925005 0.4684424031680628 0.4685282199786989 0.46893155493367167 0.4692108608592141 0.4697667725658614 0.4705572467040342 0.47063051986918286 0.470948676901977 0.47114264814682616 0.48868777250960216 0.49166756026488967 0.4917188233951348 0.4927912482533284 0.49321548561316614 0.49343722043347876 0.494135216323718 0.49437550593394886 0.4944817524347057 0.49533220345202034 0.4956589277582202 0.49567874042110416 0.4959530391608211 0.4964560677455307 0.4964630766673484 0.49690579026879633 0.4971240567868354 0.4971990293382424 0.49745459413599735 0.49747713030117086 0.497573790712935 0.4976378682618531 0.497716876561519 0.49790002634278485 0.49800215489056104 0.4980932084289792 0.4981876146162324 0.4982132870246376 0.4982479307492028 0.4982669791975403 0.49890592567405856 0.498955191274847 0.499082551676663 0.49954433091989286 0.49956998283241844 0.49974399546080195 0.4998369830732827 0.4999719529851897 0.5000675329237214 0.5000759288722909 0.500140816425088 0.5002901142024816 0.5003410793265963 0.5005336061962342 0.5005500760688537 0.500644762421939 0.5006483144948627 0.500831739248485 0.5009612413281437 0.5009760826393598 0.5009842834757502 0.5010801872579239 0.5011525190200738 0.5012553848777914 0.5015645032666461 0.5016093241996502 0.5016439550330468 0.5017232033223529 0.5018993362099837 0.5023112875648558 0.502413885973768 0.5025108459631135 0.502569277236765 0.5026711233247657 0.5027384054300486 0.5031182658603879 0.5031639594540642 0.503225699575356 0.5032989520231097 0.5033291146134987 0.5033480939300145 0.5038257112139752 0.5039503549527643 0.5039804311088288 0.5040014602147447 0.5041816319874839 0.504259129322463 0.5044150931896665 0.5046435252203664 0.5048618301642115 0.5049174976678973 0.5049340159231446 0.5050975538236235 0.5051507692242998 0.5052575612410695 0.5053071597822508 0.5054148811913693 0.5054383810015851 0.5054408904735853 0.5054442898345135 0.5054923534502163 0.5055174664586041 0.5057722274802641 0.5058926556820964 0.5059204754734447 0.5059265644216111 0.5059566944619842 0.5059757246547144 0.5061394047401122 0.5061983666224973 0.5064391544691932 0.5066994778741972 0.5067057900354859 0.5067135475832484 0.50686317580504 0.5069019408844406 0.5070661685283051 0.5071396327558982 0.5073534178349303 0.5073871682227926 0.5074255829556208 0.5074525340560908 0.5075779179768116 0.5077930316120501 0.5078971009786646 0.507982259154399 0.508066847908842 0.5081289125743786 0.5081602264885514 0.5082874501299581 0.5086572982288624 0.5087551944780829 0.5087762865041342 0.508931016368555 0.5089552912119393 0.5089662126369505 0.5090019461089237 0.5091649905740853 0.5091761469686887 0.5092696119535659 0.5092966403772236 0.5093309618847714 0.5093685679315932 0.5093921467158402 0.5094928969692679 0.5097614501001798 0.5097638436392723 0.5098049744029202 0.5098943138827509 0.5099331379610144 0.5100341665033719 0.5100600220634659 0.5101385348754318 0.510159867429856 0.5102055150371081 0.5102414012354373 0.5103226141540168 0.5104125931447083 0.5104386397487217 0.5104459126011931 0.5105297147820304 0.510612884908561 0.5106188178546421 0.5106392771189667 0.5106774696862078 0.5107253159130819 0.5108261462519874 0.5110951097841817 0.5111516337185936 0.5112139822527267 0.5112269262140716 0.5113064810084564 0.5113661944081672 0.5113750456089456 0.5114670459096401 0.5115901657095306 0.5116400185578187 0.5116548984621634 0.5116827440804246 0.5117877416640131 0.5118268874992741 0.5118758681125744 0.511879707104544 0.511962621819638 0.5119926180146341 0.5120629845829154 0.5121400157610796 0.5122343543533924 0.5123257341538092 0.5124017188438772 0.5124207661110429 0.5124353939310089 0.5125365940852747 0.5125551558555921 0.5126364226102861 0.5127566138718259 0.5127622618395183 0.5131308903705146 0.5132713715829627 0.5132834915241357 0.5133755736762243 0.5134587598897861 0.5135795879651194 0.5136943088609066 0.5137340033699941 0.5137561999222751 0.5137938636104598 0.513873625553203 0.514048314911722 0.514109438468527 0.5141132270924565 0.5141266653578371 0.5142696501982086 0.5144709594359931 0.5145125796093039 0.5146105348589401 0.5146700558735839 0.5148481364681211 0.5148647316935673 0.5150502878540122 0.5151077214895502 0.5153103322447428 0.5153345266800022 0.5154703074009911 0.5156106797951666 0.5157152203559596 0.5157362972330004 0.5158522343264039 0.5158747662415407 0.5159880411755083 0.5159883633268328 0.5160057648604396 0.5162298752929202 0.5163662842757114 0.5164703039597234 0.5164822646051136 0.5165043036598909 0.5165405660277473 0.5165967695144381 0.5166418275487568 0.5167311242331327 0.5167436588082276 0.5167852047621988 0.5169742399917752 0.516979317816147 0.5170492647507615 0.5170803791503605 0.5172081111010135 0.5173757314918506 0.517408005410333 0.5174466125784886 0.5175190156599702 0.5175867345292998 0.5176502503903503 0.5177280957916887 0.5177740034502701 0.5178452488581391 0.5178792147707683 0.5179055021878401 0.5179258656213919 0.5179917173044263 0.5180438172670816 0.5182063725624806 0.5183322657639661 0.5185225235019463 0.5185380902190306 0.518598093643233 0.5186495747239244 0.5186629668453782 0.5188413602581485 0.5190113241652826 0.5191414002603304 0.5191443783817457 0.5191563079640646 0.5191988186352218 0.5193332224192796 0.5193713938164175 0.5194118084245141 0.5194242080662329 0.5196394971440847 0.5196802345590579 0.5196897866122252 0.519724016451754 0.5198152573787526 0.5199001002139874 0.5199653558698988 0.52002686322798 0.5200906162694843 0.5200999735859586 0.5201180320244129 0.5201239252165232 0.5201526270875837 0.5203747783058104 0.5204508709099204 0.5204762837844515 0.5205411467820199 0.5206303530621872 0.5206960596165395 0.5207486831909688 0.5207964749071216 0.520935066657375 0.52096582407389 0.5211798774330807 0.5212244587263881 0.5212377929536915 0.5212542914675106 0.5213499493559652 0.5214259397557991 0.5215170463517905 0.5215321038556551 0.5215628355998805 0.5216796029362359 0.5217095563034329 0.5217486267748477 0.5217556897284751 0.5218524819272619 0.5220581624105708 0.5221667370115705 0.5222107743115635 0.5222185742406849 0.5223810472127266 0.5225175693874914 0.5225792975430682 0.5226085271789891 0.5226139690570212 0.5226798851990448 0.52273869564195 0.522873908646682 0.5229316291831593 0.523000187902051 0.5230574267285756 0.5231553060350944 0.5231936939359301 0.523221170898435 0.5232562623486958 0.5233503530605195 0.5234417059641814 0.523487862663222 0.523583837608261 0.5236812009744096 0.5237232664811712 0.523896954437543 0.5239741442340952 0.5240172803842951 0.5244369422305244 0.5245207406366752 0.5245660770142614 0.5246739981092847 0.5247111179529422 0.5247597217934911 0.5247871328515311 0.5249461395446074 0.5249901023844545 0.525018359061641 0.525100603043808 0.5251873158710628 0.5254487499853139 0.525616718044368 0.5256506685295376 0.5259065643193747 0.5260084111932652 0.5261192423936057 0.5261224360187905 0.5262126270659838 0.5262965561854727 0.5263075595786182 0.5263484365187107 0.5263739995649878 0.5264196560189348 0.5267072068359903 0.5267814822883574 0.5268202354541317 0.5268596348428451 0.5268698662969187 0.5269851048369723 0.5270851606783518 0.5272137603843419 0.5274707462419969 0.5276050314248939 0.5276420798394498 0.5277127862369264 0.527922691846269 0.527984711398808 0.528041002252426 0.5281094954827222 0.5282170936454259 0.5282380618799306 0.5283473438709694 0.5286703282520244 0.5288139799755044 0.5288564049462927 0.5289056804057835 0.5289240409091386 0.5290537861510552 0.5290594197433813 0.5292996599663761 0.5293093555892165 0.5293174176183746 0.5299384171991863 0.5299561535694469 0.5300005806628113 0.5300376722011799 0.5300376737086709 0.5302375296488085 0.5305084194489741 0.5308075444865195 0.5309042353431681 0.5309165095908649 0.5311032393601269 0.5313228885854622 0.5313753279603174 0.5320101267634793 0.5320301462041677 0.5320535089398433 0.5320703063760612 0.532083962600568 0.5320986190761333 0.5321193475207168 0.5321325676368757 0.5325735557272052 0.532647832661828 0.5327401458254876 0.5329175454763732 0.5330394696860002 0.5330553344008769 0.5331172255038095 0.5331341841875221 0.5335354296532534 0.5335587620133271 0.5335717022699844 0.5338168178365643 0.533832851606428 0.5340050167744478 0.5340783384411922 0.5341539029508104 0.534157860275435 0.5341977131345457 0.5345091133651861 0.5345398973171457 0.5345748601020193 0.5346699757186428 0.5348867587948709 0.5349022379058143 0.5349794605315827 0.5351188556911737 0.5351586003747246 0.5353224001656615 0.5353447699068076 0.5355184592619134 0.5356357267661291 0.5356580334502999 0.5357831893875105 0.5361524899635824 0.5363955391785721 0.5364278254004572 0.536698217091442 0.5371872979059688 0.5372225737598372 0.5374260593657579 0.5374324317885281 0.53752106951054 0.5375531236703761 0.5376483643283001 0.5377495236530483 0.5378954620646312 0.5379814665451271 0.5380021092251613 0.5383290703291358 0.5384317840840718 0.5384419636125787 0.5384476456663994 0.5384658634328999 0.5385784903587042 0.5387509916308201 0.5387730686071946 0.5392770609875184 0.5395261118558379 0.5395305699849965 0.5396844341370405 0.5405460933488914 0.5406707018271649 0.540953104064677 0.5409662089323308 0.5412465933979608 0.5417868503364014 0.5419704561317524 0.5420071426367941 0.5425593214658457 0.5427755628405929 0.5432251798248519 0.5434212367895039 0.5438607920743698 0.5443865394922512 0.544674653233109 0.5460968116635417 0.5461320815712053 0.5468658913278264 0.5478303148015725 0.5478418643351823 0.5480481803063594 0.5483410546694459 0.5484418702797328 0.5485213691392986 0.548551378013365 0.5487077289591233 0.5489933199679667 0.5490425808830389 0.5490886710197734 0.5494617586338909 0.5495183719726423 0.5504410180244236 0.5505031457397576 0.5505055337633232 0.5505193642788127 0.5505812568828828 0.5511288417799511 0.551220740089805 0.551446417784597 0.5516785703314703 0.5517062769458427 0.5518118804561999 0.5518999387807851 0.5524351862393235 0.5524543838743324 0.552601346647665 0.5527419804455787 0.552774934882234 0.5527770973114099 0.5529121638428427 0.5533707023442397 0.553393803444217 0.5534571624786192 0.5540378903108943 0.5540514089437363 0.5547092099067653 0.554905869133253 0.5551408535925336 0.5551451002046476 0.5551598729072055 0.5552045921570061 0.5552441049405978 0.5552714453587756 0.5554055075218507 0.555523223387916 0.5556262678548558 0.5556456034126092 0.555772043565086 0.5565088556843919 0.5566190054949495 0.5566713175907787 0.5568948634380203 0.5569411139511589 0.5570741603885115 0.5573416891733735 0.5574753579388803 0.5577059379634431 0.5577770601120886 0.5577789234229887 0.557821470244595 0.5580296766630002 0.55846624618648 0.5586701464034917 0.5586786753364613 0.5587901381192314 0.5588256460909206 0.5592884780864972 0.5596378842082734 0.5596610760202475 0.5596957854984262 0.5599031073875737 0.5600778139557261 0.560303788186304 0.5606818152352459 0.5607550707545014 0.5608045433369384 0.5610271739752701 0.5610287240867486 0.561061455742271 0.5612535314848157 0.5612565304302888 0.5613615595107148 0.5613826390644994 0.5615803529841222 0.5616034652945906 0.5616715980793854 0.561861372818377 0.5618808194572831 0.5619595936039267 0.5621328239503119 0.5621449600443397 0.5622432245557726 0.562286053611005 0.5623847254875195 0.5625564186745242 0.5626670448002006 0.562894570652189 0.5629406969347376 0.562980317207392 0.5630641885486791 0.5631838777408589 0.5631948778986938 0.5632175627064511 0.5633729492248136 0.5634157763720812 0.5635222165542415 0.5635256144342778 0.5635667163574198 0.5636824564779638 0.5637713722807514 0.5638026553200824 0.5638637100571189 0.5638639556888962 0.5638655908179768 0.5643948540615187 0.5645472584524387 0.5645860839929542 0.5648984699295891 0.5649610430480005 0.5651554407199079 0.5651692921746779 0.5651896317647848 0.5652269866479369 0.565408427755799 0.565494770462162 0.5658617069429054 0.5663756608583068 0.5664167043568743 0.5668695701217482 0.5668993601953536 0.5670347830340574 0.5671465814040293 0.5677062388682451 0.5677272556410511 0.5678132454218096 0.5678271916378375 0.5678898202580365 0.5678914727970147 0.5680199796509123 0.5680502438763466 0.5681513682307424 0.5683928521109388 0.5684273905944187 0.5685647872443736 0.5688697592188099 0.5691290993817275 0.5691716430507364 0.5693831226780359 0.5695197648020558 0.5699371655791022 0.5699968563175283 0.5701945301591842 0.5702231889621393 0.5703164304564237 0.5704174727180312 0.5704583112927599 0.5704683647372967 0.5706061255553262 0.5706225132431362 0.570859761805275 0.5709041441878014 0.5709632367504821 0.5710326069071892 0.5711509661502627 0.5712266600247125 0.5712585054234999 0.5712626604960863 0.5713037544678254 0.5716392281327409 0.5716526698797937 0.5716616587494742 0.57166968074851 0.5718113668127958 0.5719335132739659 0.5719941489949961 0.5723835259574934 0.5724055470423084 0.5724771548006725 0.5725650166709421 0.5725792952772026 0.5727952795901224 0.5730394907619029 0.5730919176351615 0.5731249100202065 0.5734767279395749 0.5735341665472138 0.5738928613970583 0.5739824465997265 0.5739906773149853 0.5741775759599544 0.5742617695619822 0.5742863162253897 0.5744587109679279 0.574465358719743 0.5745689470807667 0.574585039531471 0.5748271471594852 0.5748961871789985 0.5749865737884591 0.5750874181146663 0.5751504081943546 0.5752730373645953 0.5753302172427955 0.5755985590971057 0.575770103124782 0.5757921013851627 0.576061918586303 0.576103736564173 0.5762741283981945 0.5764935997798518 0.576645984508155 0.5767890891183184 0.5769033269773803 0.5770243493003373 0.5770742615191745 0.5775145182430557 0.5775831005461762 0.5777588783640212 0.5777743171685842 0.5778751260352019 0.5778877608174955 0.5779945345325912 0.5784051825681844 0.5785874534195106 0.5786000264181266 0.5788031085851657 0.5792535896457337 0.5794468644725195 0.5795694734373573 0.5795965645342546 0.5797059427712735 0.5797478071219317 0.5801294303916545 0.580268582363259 0.5809666796616195 0.5813362759960672 0.5813870164253675 0.5820337042784168 0.5821273546401536 0.5824400790461769 0.5824696543564032 0.5828617411341879 0.582906037399038 0.5830710441818792 0.5833039406314973 0.583391870201765 0.5834210441901598 0.5835752387200129 0.5838131254984694 0.5843926371249937 0.5844894106366249 0.5845394217914338 0.5849007986367886 0.5849314357492996 0.5849762705074738 0.5850892012890727 0.5851596833918316 0.5851847398981289 0.5852918295226138 0.5858093484552455 0.5858231555931279 0.5858370397502382 0.5858678464932038 0.5861962418062329 0.5864647766627443 0.5871255363915506 0.5871657317255313 0.5871955403414804 0.5872285791800056 0.5873027670764841 0.5876477038004115 0.5878712446108597 0.5879745910559423 0.5884121922476694 0.5884338901647465 0.5884819398075157 0.588788567348744 0.5892046151686845 0.5893276107160098 0.5893468183414337 0.5894009235666084 0.5894084875638737 0.589411920324259 0.5894430452594172 0.5894566515382035 0.5895552840690355 0.5896962339756264 0.5901128328433235 0.5903147155125238 0.5904792206943676 0.59066180712007 0.5908362246318124 0.5908472149557237 0.5908677662916038 0.5912684774215484 0.5913035855127898 0.5915437563566655 0.5915813667327171 0.5916462693401242 0.5920537084094464 0.5920995966135977 0.592402475958018 0.5926146820892579 0.5926318925142124 0.5933496139314299 0.5939018292308016 0.5984746844997735 0.6005469421295719 0.6009186234685496 0.6010974472536452 0.6025205815268223 0.6063146178536624 0.6067486019144245 0.6068373353757757 0.6069099645662998 0.6077544359924659 0.6083028225309735 0.6085737982042978 0.6090640588379169 0.6093005291823971 0.6093889839227365 0.6100567692603635 0.6103564063358589 0.6107597790566914 0.6118357402616607 0.6119018763599504 0.6122936586304079 0.6124417615127236 0.6124437345277837 0.6130938115711246 0.6134767013342235 0.6136087359285487 0.6137329241052069 0.6138819672132397 0.6139868659107169 0.6140181411190992 0.6142443949118701 0.6142493048329025 0.6143175351979503 0.6143779743721386 0.6146094714655561 0.6148283930949188 0.614840673132446 0.6148595321358523 0.6152164069660163 0.6152765424436392 0.615285256130212 0.6153943215004594 0.6162930833567316 0.6165011209922177 0.6168035635839075 0.6170897578129375 0.6171131283779864 0.6175301154057115 0.6180214156553052 0.6180301856951725 0.6181483268787599 0.618373902700029 0.618463937759617 0.6185199185228316 0.6185465268140936 0.6186197530368743 0.6186424677929722 0.6188415158086208 0.6189879989959978 0.6193945029181498 0.6196755879622535 0.6198650879366019 0.6200930598912174 0.6205423522670835 0.6206159024768223 0.62091610344825 0.6209475983546215 0.6211000593907557 0.6213205315863735 0.6216721919991013 0.6221016227062456 0.6221175893191123 0.622159644982784 0.6225768376622307 0.6227943420687507 0.6231366338049023 0.6231404505039057 0.6231748978766606 0.62323791247383 0.6233024997464865 0.6233457543837267 0.6235880982340195 0.6243992234250884 0.6244172389850751 0.6244497522215521 0.6245539439976449 0.6245743253303524 0.6245849510211764 0.6245985895108205 0.6247891896567034 0.6252040194842979 0.6254526642103343 0.625465409517033 0.6254817229963021 0.6258785900033859 0.6259409908632413 0.6261095759412729 0.6261760464611801 0.6262521584933145 0.6263605066420106 0.6266411431021084 0.6267009000849744 0.6275923932845702 0.627756301384678 0.6282142274907823 0.6282566650848028 0.628475637304768 0.6285540766370221 0.6290188154123361 0.6298653677580052 0.629933718973361 0.6309262553370854 0.6309727192823659 0.6313903662431121 0.631875233224458 0.632543093517631 0.6337900344768242 0.6608792989010576 0.6657242486845562 0.6664685441535108 0.6677638721641111 0.6680415773010531 0.6690033122139881 0.6692081146808888 0.6692169528592626 0.6704540783109936 0.6709515977864152 0.6712900532423633 0.6718286506171401 0.6719717643651382 0.6729205711314457 0.67366229998582 0.6744829786659642 0.6746713845399219 0.6746851576760422 0.6754452203300686 0.6758884145043117 0.6759867024970899 0.6764794436879262 0.6769522627875233 0.6769808114388806 0.6770933926064427 0.6775663133163659 0.6779475902878961 0.6779852866953221 0.67798990335067 0.6780446306993605 0.678520974702043 0.6785565750587382 0.678815420837993 0.6792831423920059 0.6793016735712053 0.6797473246582912 0.6803039555864694 0.6803775352714344 0.6803834354510497 0.680559781027315 0.680615055061376 0.6806970176958526 0.6808767825649573 0.6810972422973097 0.6812589703598495 0.6812652542287563 0.6814641979638844 0.6823623980797353 0.6831444228440585 0.683455468020561 0.6835495156781826 0.6838154730202624 0.6844362577157087 0.6846624297934163 0.6851401565241002 0.6863627411373289 0.6876979566614443 0.6884138735449216 0.6923101232003549 0.692480863556984 0.6932743970055543 0.6937061548375739 0.6938829003418009 0.6939564514101023 0.6941840209519352 0.6948665804128917 0.6955163123694493 0.6960689574206279 0.6963991143744167 0.6976747127399673 0.6980718990143383 0.6980772946551846 0.6985235195542746 0.6987637458853553 0.69955429571523 0.701131053809397 0.7017862034916053 0.7029605108349689 0.7031122625739789 0.7035235462146507 0.7036058118038538 0.7038318177439202 0.7054293111005773 0.7055470716247743 0.705999689942591 0.7063358593806451 0.7066230856100552 0.7070883959796552 0.7085743541464835 0.7095001078763736 0.7129878735067977 0.7156252665574699 0.7160094594121583 0.7171616040570993 0.7179601800789743 0.7180198789549025 0.7189446587648761 0.7190514759783291 0.721787942271157 0.7225354029122949 0.7228189078995826 0.7230781331237242 0.7231189334622619 0.7246076512373006 0.7247677481256335 0.7253319981755979 0.7273025301244084 0.7282707190323757 0.7392445850881174 0.7433909429460139 0.7452200235194363 0.7455469815653826 0.7493423379476992 0.7494572041896759 0.7494862147048991 0.7517042169660834 0.75225667084667 0.7526873255430072 0.7527058525325916 0.7531185856664357 0.7534237969510311 0.7535000074175747 0.7540232387616671 0.7542050461102814 0.7548031620221989 0.7549774511440509 0.7550635939842394 0.755153737271693 0.7553677299405882 0.7553702296410446 0.7557645368372994 0.7560969677394117 0.7563689089730798 0.7566274591654363 0.7580806126528354 0.7585857916259736 0.7588217131324332 0.7588968140124277 0.7595466982456792 0.7599375023852074 0.7602082653965931 0.7602090077072741 0.7602415510154338 0.7602843345291264 0.7605125957345675 0.7605773443384072 0.7606597202338419 0.7607992991941119 0.7608434299801817 0.7609020841407637 0.7610374637001055 0.7611159307681749 0.7613921018154448 0.7614514344920241 0.761604098887514 0.7616182758861373 0.7617186688329265 0.7619367267813791 0.7622883195494224 0.7635013570378268 0.7642048535859756 0.7660775190717592 0.7662988174062179 0.7666923724027709 0.7669099969453887 0.7673348073074822 0.7680259963625194 0.7689013053769246 0.7700869290981326 0.7707364882664336 0.7707502935474035 0.7716024326416122 0.7725716061332005 0.7726478880437435 0.7736969448266914 0.7741413212786267 0.7745475615582889 0.7750659170283402 0.7752148111328512 0.7758173122211866 0.7760824499660496 0.7776211136391044 0.7778481986896674 0.7782651399088495 0.7798249053836654 0.7798361145689012 0.7798649786019324 0.7799944481471933 0.7802232948536929 0.7802442694724033 0.7806165194141288 0.7807045895332309 0.7809440222932666 0.7812068740335891 0.7813137322763336 0.7813852061812994 0.7815376222580384 0.7818074634890942 0.7822420681198028 0.7823646449724753 0.7825306613467639 0.7827774480821841 0.7831046226206935 0.7834998723619008 0.7836559935708713 0.7839464597740938 0.7841076804172944 0.7841846771117351 0.7843216482653919 0.785251757785541 0.7855385133991181 0.7863740933687693 0.7866374008760992 0.7872924278485618 0.7874333898890452 0.787529062469493 0.7876461674668788 0.7876550586423838 0.787680758074595 0.7878182294588281 0.7880210979770567 0.7882034557706695 0.7884323410414869 0.78845050803063 0.7885290563511098 0.7893999134918901 0.7898284351304455 0.7901125839685066 0.7903067832485925 0.7903656939032153 0.7904273302722122 0.7905764191764891 0.7911364335808713 0.7915796521982988 0.7917007682315046 0.7925792714493558 0.793065820059854 0.7931365688816568 0.7932265073152758 0.7935393661791967 0.7936820017814 0.7939628170793178 0.7941210833190335 0.7942015205189545 0.7943118011974163 0.7945444956677477 0.7948013988752284 0.7949810635085659 0.7951264771613085 0.7951636151975051 0.7961981799855667 0.7963478351080582 0.7968994213934206 0.797037672265211 0.7971699311022165 0.7973879530237342 0.7978316683281195 0.7982236420520938 0.7989956033727464 0.7997624343008461 0.7997798551499491 0.7998469843701974 0.8011767456884742 0.8013246533571647 0.8015448732430345 0.8032884192984414 0.8032944235182637 0.8039473052259032 0.8043889612668285 0.8047287252218746 0.8063029256293962 0.8063491792293577 0.8064322147882121 0.8064739485941192 0.8078162711262553 0.8078343152811334 0.8078540751504034 0.8090027442291238 0.8101489636125928 0.8102939854297184 0.8102946309557962 0.8106425969515862

UCB,40 0.04543155545936544 0.06787274998949858 0.048217994753259455 0.06928996062318836 0.05984737275842883 0.05189668540087182 0.054746981284295136 0.06704878540216663 0.05639130761560659 0.05659795357846678 0.05189668540087182 0.08615552966308271 0.05659795357846678 0.06588378598413867 0.0541906451548301 0.07179966860275057 0.1391337636105916 0.06119919218560229 0.05661013967380326 0.05892948753235146

UCB,9 0.07396059814962724 0.0631128625680192 0.06704878540216663 0.15239565740030064 0.1569587262580036 0.1736692445090314 0.14413476247915097 0.051014010991202154 0.17858321140610697 0.1855371138590219 0.41671693648124 0.06756557881465328 0.21557293647681686 0.1898266597909633 0.07264351328759679 0.18720745699770253 0.04961276919043492 0.16069258055328314 0.04961276919043492 0.19093926296158775

PI,9 0.07396059814962724 0.0631128625680192 0.06704878540216663 0.15239565740030064 0.1569587262580036 0.1736692445090314 0.14413476247915097 0.051014010991202154 0.17858321140610697 0.1855371138590219 0.41671693648124 0.06756557881465328 0.21557293647681686 0.1898266597909633 0.07264351328759679 0.18720745699770253 0.04961276919043492 0.16069258055328314 0.04961276919043492 0.19093926296158775

EI,15 0.07396059814962724 0.13322969386532418 0.05362696703290642 0.14311752577407447 0.07136287406479322 0.07232381790589006 0.05152516156599115 0.052672847765902274 0.06588378598413867 0.06645212928530048 0.12893543331871643 0.14610083995092607 0.06657968763916992 0.06072948719269651 0.06704878540216663 0.04825888049478234 0.04676013781338881 0.06787274998949858 0.11763514561391918 0.04543155545936544

b2,40 0.04543155545936544 0.04543155545936544 0.05362696703290642 0.0554882606559042 0.06448401275752544 0.05670834827056447 0.05661013967380326 0.05609494574309158 0.053313918899637894 0.053171829388631 0.053171829388631 0.05670834827056447 0.052672847765902274 0.07043169342536894 0.0546118818672181 0.05149295955949777 0.04871144364976033 0.06890516154958735 0.06170198782355915 0.055315832975760856

progressive,40 0.04676013781338881 0.048217994753259455 0.05152516156599115 0.11593168854764471 0.04964861738524388 0.10806206167431495 0.5379814665451271 0.051226986091041815 0.04533922766868109 0.14610083995092607 0.04298024379442113 0.04533922766868109 0.05348575967669729 0.07043169342536894 0.0546118818672181 0.1111758260384888 0.06263140604474125 0.1111758260384888 0.06170198782355915 0.04298024379442113

progressive,15 0.13556760511599988 0.04825888049478234 0.11609253987640486 0.34773971243878316 0.054289601152776534 0.10806206167431495 0.5379814665451271 0.053171829388631 0.052672847765902274 0.1854096517402438 0.05699288290183211 0.05286014250624541 0.053313918899637894 0.07043169342536894 0.0546118818672181 0.11137463911918767 0.14610083995092607 0.1368451366049685 0.06170198782355915 0.44135840406914617

rand,15 0.14912578512756686 0.056708883337065766 0.06787274998949858 0.08535582589044896 0.05615843954461865 0.0675557227208114 0.20352027813966678 0.07171947397786643 0.06060380690834019 0.1553962874076851 0.05659795357846678 0.13494624498037672 0.053313918899637894 0.0611566917361593 0.0546118818672181 0.12231744486348488 0.06902292531245656 0.12231744486348488 0.06170198782355915 0.055315832975760856

UCB,15 0.07396059814962724 0.13322969386532418 0.05362696703290642 0.14311752577407447 0.07136287406479322 0.07232381790589006 0.05152516156599115 0.052672847765902274 0.06588378598413867 0.06645212928530048 0.12893543331871643 0.14610083995092607 0.06657968763916992 0.06072948719269651 0.06704878540216663 0.04825888049478234 0.04676013781338881 0.06787274998949858 0.11763514561391918 0.04543155545936544

SimAnnealing,40 0.04676013781338881 0.048217994753259455 0.048217994753259455 0.11593168854764471 0.055751003108875374 0.10806206167431495 0.054289601152776534 0.051226986091041815 0.05918760292315086 0.11763514561391918 0.04298024379442113 0.04676013781338881 0.05609494574309158 0.07043169342536894 0.0546118818672181 0.12231744486348488 0.0430331643274017 0.1111758260384888 0.06170198782355915 0.13954483431720976

bonr,15 0.04543155545936544 0.04961276919043492 0.11609253987640486 0.12178175513973988 0.05609494574309158 0.12399731007952834 0.06793561700464054 0.07171947397786643 0.05918760292315086 0.13722197475375866 0.05661013967380326 0.05286014250624541 0.053313918899637894 0.07043169342536894 0.0546118818672181 0.12231744486348488 0.04871144364976033 0.06890516154958735 0.06170198782355915 0.055315832975760856

ExpProgressive,9 0.15186212436139426 0.056708883337065766 0.06787274998949858 0.34773971243878316 0.06448401275752544 0.10806206167431495 0.5379814665451271 0.07171947397786643 0.05636008650051332 0.1854096517402438 0.07179966860275057 0.05286014250624541 0.053313918899637894 0.07043169342536894 0.0546118818672181 0.12231744486348488 0.14610083995092607 0.1368451366049685 0.06170198782355915 0.44101753979821157

PI,40 0.04543155545936544 0.06787274998949858 0.048217994753259455 0.06928996062318836 0.05984737275842883 0.05189668540087182 0.054746981284295136 0.06704878540216663 0.05639130761560659 0.05659795357846678 0.05189668540087182 0.08615552966308271 0.05659795357846678 0.06588378598413867 0.0541906451548301 0.07179966860275057 0.1391337636105916 0.06119919218560229 0.05661013967380326 0.05892948753235146

EI,40 0.04543155545936544 0.06787274998949858 0.048217994753259455 0.06928996062318836 0.05984737275842883 0.05189668540087182 0.054746981284295136 0.06704878540216663 0.05639130761560659 0.05659795357846678 0.05189668540087182 0.08615552966308271 0.05659795357846678 0.06588378598413867 0.0541906451548301 0.07179966860275057 0.1391337636105916 0.06119919218560229 0.05661013967380326 0.05892948753235146

SimAnnealing,9 0.15186212436139426 0.056708883337065766 0.11609253987640486 0.3606256473781755 0.05609494574309158 0.12399731007952834 0.5379814665451271 0.07171947397786643 0.05918760292315086 0.1854096517402438 0.05659795357846678 0.05286014250624541 0.053313918899637894 0.07043169342536894 0.0546118818672181 0.12231744486348488 0.14610083995092607 0.1368451366049685 0.06170198782355915 0.15900449225317242

bonr,40 0.04543155545936544 0.04961276919043492 0.05469625102999373 0.12178175513973988 0.05195185190266409 0.119642760613687 0.05189668540087182 0.0637981070006513 0.05918760292315086 0.06603672710610742 0.05661013967380326 0.05286014250624541 0.04298024379442113 0.07043169342536894 0.0546118818672181 0.12231744486348488 0.04871144364976033 0.06072948719269651 0.06170198782355915 0.055315832975760856

b2,9 0.15186212436139426 0.06060380690834019 0.05362696703290642 0.13693714448831731 0.06448401275752544 0.12432214324782018 0.5038257112139752 0.05609494574309158 0.05843053130668382 0.053313918899637894 0.07179966860275057 0.05670834827056447 0.052672847765902274 0.07043169342536894 0.15406456925031714 0.06623853259698746 0.06902292531245656 0.13984401288603004 0.06170198782355915 0.055315832975760856

