ExpProgressive,40 0.16557988788160943 0.160885740048166 0.1263707391158103 0.29554903671988936 0.1180782808254657 0.1343127793375757 0.2580794891438726 0.17355571254300622 0.35955761620555465 0.16557988788160943 0.44691007108021824 0.17147758523752077 0.15773994557977283 0.18826143273819437 0.18489658914007154 0.15773994557977283 0.1609153034319256 0.23273392491504394 0.12972896738915107 0.15773994557977283

SimAnnealing,15 0.21041893588558558 0.1343127793375757 0.15773994557977283 0.26592029257161914 0.18616360587496136 0.1979510249710087 0.1815016216726666 0.17355571254300622 0.2502852371703762 0.1768475174759556 0.18188958612357273 0.18612779340613575 0.26821712696199607 0.20346762115458022 0.1903736468277021 0.15773994557977283 0.19008329237488988 0.18342393006500243 0.19210117717142497 0.17673398682473454

PI,15 0.16580037697110672 0.19356401563546735 0.24933861298442037 0.1976687489789846 0.1970286852963232 0.19391956155318857 0.17448081266607865 0.18420752532691492 0.19152084129471755 0.18907406362889176 0.19238976887870998 0.21048896836494213 0.24418794923174328 0.24174428759312858 0.19270013721548485 0.19092333262183944 0.18573230291478607 0.17672642272238376 0.18456948355052208 0.2341589147361463

rand,9 0.21041893588558558 0.160885740048166 0.19086691877868728 0.266846067097651 0.19817434854022878 0.23592254278918404 0.18926120993452172 0.18813528079490616 0.25713622820779924 0.20099788870848181 0.18879449665781675 0.1808319980479174 0.26821712696199607 0.19919245599083055 0.25005535492188136 0.17244251960109291 0.19498561161586303 0.42004691488602375 0.1968121015989388 0.240917421432403

ExpProgressive,15 0.21041893588558558 0.160885740048166 0.19086691877868728 0.36589986160626414 0.17869445204403003 0.1979510249710087 0.2580794891438726 0.19922661473158135 0.44622623546296575 0.19008329237488988 0.44691007108021824 0.2538186072920947 0.26821712696199607 0.20346762115458022 0.2627759247110101 0.15773994557977283 0.19498561161586303 0.23273392491504394 0.19210117717142497 0.23574968663330786

bonr,9 0.21041893588558558 0.160885740048166 0.19086691877868728 0.266846067097651 0.18616360587496136 0.1979510249710087 0.1815016216726666 0.18813528079490616 0.44622623546296575 0.2523009012003115 0.19437419868730477 0.19841145039483243 0.26821712696199607 0.20346762115458022 0.18945537597824325 0.17244251960109291 0.19498561161586303 0.18851248254472028 0.19210117717142497 0.19147415011862523

rand,40 0.16580037697110672 0.160885740048166 0.18732354547766147 0.1343127793375757 0.17116659153040903 0.17313782530453786 0.18443117370597792 0.17746021524903405 0.18105741661619987 0.1768475174759556 0.17147758523752077 0.1808319980479174 0.19466226908634843 0.17459632638782163 0.23690598035473356 0.17244251960109291 0.17675451623518165 0.16744982142108403 0.1815016216726666 0.1720520218344275

b2,15 0.20031416828845783 0.160885740048166 0.16744982142108403 0.26189877462470995 0.17018688540334245 0.19248205877621066 0.4848105142076195 0.1748024450328748 0.3592394333249755 0.1851746217671901 0.4120877136223923 0.17545019023554836 0.16580037697110672 0.24060875990451897 0.23592254278918404 0.17244251960109291 0.18156475275187942 0.2366419058665985 0.19731476616934165 0.2040899726274595

EI,9 0.21041893588558558 0.18496513818944513 0.24930161759127917 0.18385913775566554 0.23912924460269985 0.26183084991299954 0.18496599819416037 0.26567220072281433 0.27253964488002813 0.20123298078684976 0.26625377341135564 0.2669041367730442 0.1807610907171093 0.19071191457056766 0.23592254278918404 0.21589349638347813 0.19435511983797132 0.19354385614479383 0.26279909029986237 0.1748024450328748

progressive,9 0.21041893588558558 0.160885740048166 0.19086691877868728 0.3648525752598612 0.18616360587496136 0.1979510249710087 0.1815016216726666 0.18701394274163094 0.44622623546296575 0.2523009012003115 0.1811343361063167 0.2538186072920947 0.26821712696199607 0.20346762115458022 0.26364898722095936 0.15773994557977283 0.19498561161586303 0.2674589646618271 0.19210117717142497 0.23574968663330786

base,3008 0.1180782808254657 0.1263707391158103 0.12972896738915107 0.1343127793375757 0.15063746338984516 0.1566537990446425 0.15773994557977283 0.15973848697131027 0.160885740048166 0.1609153034319256 0.16206230592336474 0.16557988788160943 0.16580037697110672 0.1667893678560347 0.16744982142108403 0.17018688540334245 0.17116659153040903 0.17144637302825694 0.1714478457283087 0.17147758523752077 0.17173787087642609 0.1717607539709918 0.1720520218344275 0.17239742709170836 0.17244251960109291 0.17313782530453786 0.17355571254300622 0.1744536345470422 0.17448081266607865 0.17459632638782163 0.1748024450328748 0.17486653197910818 0.1751593245917079 0.17541030421996073 0.17545019023554836 0.17590867481699884 0.17656078914248938 0.17672642272238376 0.17673398682473454 0.17675451623518165 0.1768475174759556 0.17700245976717074 0.1771429992300062 0.17731818549304 0.17746021524903405 0.17749252598098825 0.17817027654602755 0.1781787181092806 0.17869445204403003 0.1789738718378016 0.17951510327750228 0.18031634908466856 0.1804187117340896 0.1807610907171093 0.1808319980479174 0.18086089570018585 0.18095908300988547 0.18105741661619987 0.1811343361063167 0.1815016216726666 0.18156475275187942 0.1817211025471787 0.18188958612357273 0.182195343374396 0.18228933697101718 0.18260277184533122 0.18318271174235484 0.18322156278880708 0.18342393006500243 0.18346190828653192 0.18350211313552167 0.1835154960455642 0.1835956651373996 0.18385913775566554 0.18402131529294574 0.18416515317358795 0.18420752532691492 0.1842157572337989 0.18428200618632348 0.18441642510281323 0.18443117370597792 0.1844572961037435 0.1844857840961296 0.1845330653397358 0.18456948355052208 0.18474071140597814 0.1848195329345068 0.18484854224154293 0.18489658914007154 0.18496513818944513 0.18496599819416037 0.18514724494964657 0.1851746217671901 0.18519556407194876 0.1854330126711396 0.1855803224453388 0.18573230291478607 0.1857590309851639 0.1857664890334185 0.1858198929052972 0.1860940845232261 0.18612779340613575 0.18616360587496136 0.18631463887902652 0.18633973991015151 0.18652262224339977 0.18662614946907638 0.1866971702096613 0.1867310700701212 0.18673824381787052 0.18686670767260294 0.18691832969122038 0.18701394274163094 0.18701475353916983 0.1871941375081954 0.18726321451454941 0.18728156140560873 0.18728172553252498 0.1872879091724674 0.18732354547766147 0.18732853367668553 0.1873529802217522 0.18740361653790252 0.18740808334411188 0.18741909644898472 0.1875404414913481 0.18759022544270193 0.1876063570734919 0.18760965922521478 0.18770858891589356 0.18772512939436475 0.18787488919518594 0.1879527269367748 0.18805415590548707 0.18805977375511018 0.1880992195225697 0.18813528079490616 0.18817249929839838 0.18818330042467613 0.18818556076232226 0.18821618764980194 0.18825539571069905 0.18826143273819437 0.18837399806174054 0.18839653984575067 0.18844102749280467 0.18848398940615263 0.18851248254472028 0.1885252745696412 0.18853205786754992 0.18855013298980838 0.1886161709301267 0.1886865466375156 0.18879449665781675 0.1888744546968324 0.18895202587965432 0.18903565292251104 0.1890714815513664 0.18907406362889176 0.18926120993452172 0.18945537597824325 0.18955308926535142 0.18955646930129555 0.18967276619812584 0.18972949900312772 0.1897491483536022 0.1899189932017831 0.1899873383723794 0.19004212378412813 0.19008329237488988 0.19009375311979212 0.19012915703237415 0.1901359989882408 0.19034547022293027 0.1903736468277021 0.19043092805783632 0.19066467115400448 0.1907028235901649 0.19071191457056766 0.19076089755827522 0.19076998895475733 0.19086691877868728 0.19092333262183944 0.19104884664551433 0.1910987415665257 0.19119551610137236 0.19144349743538028 0.19144704212360292 0.19147415011862523 0.1914772240227958 0.1914884024839582 0.1914920795212331 0.19152084129471755 0.19165766890992816 0.19172292698300408 0.191888727537817 0.19197063253963864 0.19210117717142497 0.19214269955819185 0.192240845000726 0.19238976887870998 0.19240089395435242 0.19247768721703243 0.19248205877621066 0.19254986426096105 0.19257906297885827 0.19262949969441354 0.19266333036309288 0.1926738399311539 0.19270013721548485 0.1927516123767345 0.19287760360783027 0.19291934325100474 0.19322361694418802 0.1932492744462704 0.1932971530600527 0.19334010976593102 0.19338218789438238 0.19346335336454984 0.19354385614479383 0.19356401563546735 0.19358186860781754 0.1935956239282678 0.193630147455385 0.19367000664937603 0.1936895248854816 0.1937520610109348 0.19375840944280678 0.19384000942304647 0.19389894033133998 0.19391956155318857 0.1939241116820815 0.19392544384245172 0.19394480486826243 0.19395087419133383 0.1940147446532119 0.19401606460658874 0.19411055516853737 0.19418896783477335 0.19433310169276888 0.19435511983797132 0.19436448078715768 0.19437419868730477 0.19450406314366553 0.19455669036628298 0.1946043337889744 0.19466226908634843 0.19492179841695875 0.19498561161586303 0.19520427812768032 0.19524381060626325 0.1954875205846987 0.19550999001985592 0.19553319930440194 0.19569750867863175 0.19589284822163272 0.19592512519646915 0.19593634419915784 0.1961590718945831 0.1962570843142083 0.19628976224278968 0.19633432226345085 0.1963467598958381 0.19653758435914345 0.1965579410267859 0.1966736813342255 0.1968121015989388 0.1968392433832893 0.19685274862656077 0.19687243526166526 0.1970286852963232 0.19704838057105228 0.1970864046943742 0.19716824533108165 0.19731476616934165 0.1973524707970986 0.19737147745704864 0.19741456661162354 0.19754295381623782 0.19765596245003547 0.1976627011916211 0.1976687489789846 0.19767642409427846 0.19767857300744246 0.1978487933908327 0.19788262124340913 0.1979510249710087 0.19804022740887806 0.19817434854022878 0.19820528048826488 0.19823970747530711 0.19840360016225211 0.19841145039483243 0.19849646625880235 0.1986930194828945 0.19869905826672227 0.19885497529489574 0.19889258869016943 0.19902939126615896 0.19919245599083055 0.19919988782067888 0.19922661473158135 0.19925700151338707 0.19926684107597564 0.19939208047172136 0.19941769841171447 0.19951617532672808 0.1995784656832221 0.1999135094129069 0.19991701313036678 0.20020589001874378 0.20026225478725987 0.20030453937676607 0.20031416828845783 0.20033153712964127 0.20046916754367125 0.2004702779655128 0.20048702129909687 0.20052087557393578 0.20099788870848181 0.20117941911331547 0.20121279209332252 0.20123298078684976 0.20143290730959185 0.2015034220292176 0.20160458726871924 0.20169489674312197 0.2018053796169088 0.20180770352180297 0.20182065889549552 0.20186130696500507 0.20190894749438323 0.2019125147695168 0.20207471240237818 0.20217285302561905 0.20219298998847476 0.20223257914364987 0.2022598310168528 0.20228669835457033 0.20255301970322911 0.20256149696458206 0.20263820411824335 0.20269393937126975 0.2031460432203193 0.20338191797758048 0.20346762115458022 0.20357792520252066 0.2036272879902996 0.20404584291074998 0.2040899726274595 0.20417774680880785 0.20434457365402678 0.2047211490265505 0.20485587898839228 0.20490904821804437 0.20513374528890377 0.20515380739436329 0.2052437249431404 0.20537810815339175 0.20548608556260142 0.20549860240363588 0.20584266239745472 0.207131784798999 0.20729314470732252 0.20769529062187236 0.2079672450842733 0.20824425026309937 0.2084621193617222 0.2099366546619407 0.21001422170327538 0.21029390150548913 0.21041893588558558 0.21048896836494213 0.210772668742398 0.21084971022310509 0.21106952106367022 0.21131020482597393 0.2114004287644191 0.21236338787638234 0.21286243551940037 0.21294073710433192 0.21326223092910204 0.21420355015589757 0.2143915900536371 0.21581640643074776 0.21589349638347813 0.21623358860691105 0.21658380574005917 0.22425982352901072 0.22731145143818807 0.23007570470311398 0.23133438215453944 0.23273392491504394 0.23338360306862513 0.23407682353374376 0.23413807286928426 0.2341589147361463 0.2346883008583238 0.23493757361553494 0.23556350527416492 0.23574968663330786 0.23592254278918404 0.23593827160701064 0.2359885876868714 0.23622738004092197 0.23651811357360353 0.2366419058665985 0.23690202525902868 0.23690598035473356 0.23712487878873656 0.23733361537011252 0.237394102144863 0.2374391119359224 0.23801778750210684 0.23843046881120644 0.23845456247547897 0.23858569919881117 0.2386161083180939 0.23862502269209243 0.23872642176687042 0.23874047764613107 0.23881236417563848 0.23885531016256079 0.23912924460269985 0.2392419117469318 0.2397376387145007 0.2401971316490903 0.24030573850269826 0.2403253473877838 0.24057848442573576 0.24060875990451897 0.240917421432403 0.24111748641559563 0.24126264598361621 0.24127606684868033 0.2412816383871354 0.24136401544853672 0.24139818817589445 0.24143260678286346 0.24150051537829545 0.24150966150726916 0.24166170323134603 0.24174428759312858 0.24177899131303968 0.24186193946258128 0.24222757363922062 0.2423306952879805 0.242384723525098 0.2424165625507118 0.24244361712016543 0.24246008124322385 0.24262009456283132 0.24281159560150326 0.24283067056425542 0.2428445742492096 0.2428715489023127 0.24289630246224206 0.24292686764237884 0.24309558805406378 0.24337965275449638 0.2435135818786412 0.2436778842806146 0.24374124195892885 0.24389154044878675 0.24410484122718776 0.24418794923174328 0.24423814856008472 0.24440844950102888 0.24457991896028733 0.2446322356347285 0.24464311036949396 0.24467577332613424 0.2447054529258195 0.24495907173984954 0.24510233464854586 0.24516352425928775 0.24525704999164372 0.24533338552937953 0.24553808307488037 0.24590190169791667 0.2460605602981994 0.24612232681807256 0.24628577458270307 0.24641112846820418 0.2465863164762811 0.24660681712389507 0.24665346721177464 0.24683542734233438 0.24703182906003324 0.24717227186152538 0.24732473069542568 0.24739715315481609 0.24756361192409473 0.24773846360086943 0.2477431626573795 0.2483378563159628 0.24838583281195153 0.24843845179829738 0.24845866692230884 0.2485385408038584 0.24879766348329815 0.24881438186673743 0.2488366724245475 0.24892220561152525 0.2491170334246986 0.24917166110689093 0.24930161759127917 0.24933861298442037 0.2493392510502192 0.2493630655330545 0.2494241537734115 0.2496525691668077 0.249734091915875 0.2500140328287015 0.25005535492188136 0.2500632479838426 0.2501366486355781 0.2502852371703762 0.25036901260204303 0.25044383217536426 0.250450788112291 0.25077525248793187 0.2507839604253702 0.2509792085906062 0.2509913050209347 0.2510179187482234 0.25144462870078416 0.25144561282315586 0.2516115944835804 0.2516126298253032 0.25170558744307514 0.25191206782371395 0.2522060107661552 0.2523009012003115 0.252303110697808 0.25233316474762535 0.2523579533434937 0.2524659035928977 0.25256576513875617 0.2527765534111053 0.2528106908728182 0.2529222595703363 0.2533260293106363 0.25335452451148194 0.25335632574361505 0.2535233211748928 0.25375605715421595 0.2538186072920947 0.2538974910245665 0.25395132324431763 0.25407338554155745 0.2543162638882299 0.25449361488317496 0.2547332910163059 0.2547703746324954 0.2548251901596553 0.2548809338271062 0.25495368760776344 0.2550208521484041 0.255288042506482 0.25546673096332745 0.25548780963820067 0.2554925083609279 0.2556483918087868 0.2557880954590004 0.25582206888301234 0.2558495015987247 0.25590151409623557 0.2559446284586717 0.2560796177135531 0.25622058646261664 0.2564556397313339 0.25648319421920607 0.25651078178518666 0.2565915021642238 0.256920985352719 0.25713622820779924 0.25728501301560847 0.2575259653657224 0.257961557941037 0.2579814528114104 0.25801288384808124 0.2580794891438726 0.2580832527161832 0.2582629280045756 0.2583167887160409 0.2584256302407313 0.25846560693239334 0.25848145965137 0.25863082820693933 0.2587154907560645 0.2589485967585029 0.259077776107584 0.25908036969774434 0.2592511201701207 0.25941350966664334 0.2595287809042823 0.25956358632238347 0.25974605133884365 0.25976282090271813 0.25979287385477523 0.25991569563605255 0.26008039738891087 0.2601224119593152 0.26016485259773175 0.26025690128993906 0.26028558389377454 0.2603586901208941 0.2603706582277448 0.2603740879331563 0.2606163431817022 0.2607675686089046 0.26084177501493555 0.26084393569265024 0.26109466466701636 0.26113025129773915 0.26123185065193427 0.2613218757326569 0.26137488360031835 0.2614047698337983 0.2614260642300685 0.26143022375479186 0.2615410458124086 0.2616153089760342 0.2616389485019682 0.26164531625083665 0.26166008587384604 0.26170756509967336 0.26175198038538133 0.26183084991299954 0.261843584732508 0.26189877462470995 0.2619538621951892 0.262067322923643 0.2622203611912577 0.2622262964154017 0.26230641873211774 0.26230743246098176 0.2623257690017271 0.2624363679230323 0.26243743154786153 0.26244120447195 0.26247383297739324 0.2625694663149645 0.26261781573415516 0.26264011955231736 0.26265256859199126 0.26269404598233564 0.26270275121307174 0.2627759247110101 0.26279909029986237 0.2628193198177904 0.2628211262009673 0.2629330746919039 0.2629787394046445 0.26299717421263613 0.2630587730568346 0.26308232591658837 0.2630891565326608 0.2631014095567731 0.26313865459988467 0.26315531428941996 0.2631791167989545 0.26319744083239627 0.2632034044483699 0.26323947376101836 0.263241223800776 0.26325931625705007 0.2632679175381459 0.2633064492969932 0.2633533787082384 0.2633540484012789 0.2633689765743113 0.26337335351627994 0.2634087725137227 0.2634172310646875 0.2634188427723468 0.26342779392163834 0.26345264326410706 0.26346117002722774 0.26350262819836556 0.2635864179281328 0.26364898722095936 0.26365438826744064 0.26366098120993786 0.2636674806129328 0.2636725662998617 0.26368974020272296 0.2636916175160128 0.2636926612274222 0.26371249239854555 0.26371473900486997 0.2637403249303121 0.26378077831204794 0.2638235736985829 0.2638498347139879 0.2639303778125657 0.26397041105210983 0.2640038496723274 0.26402185300927344 0.26403467199831027 0.26415111478222364 0.26415670295143867 0.26420488600353226 0.26423745733051995 0.26424261031919555 0.26428790372168703 0.2643568598823731 0.2643960890439255 0.26443750799067034 0.2644519964824474 0.2645094248532046 0.2645384813696103 0.26456587374254087 0.26459983360549194 0.2646099423860613 0.26462963658759114 0.26463754716502663 0.2647497357494718 0.264785104759349 0.2647981850494592 0.2648066517586206 0.26487061044019566 0.2648769000902735 0.26492420603292754 0.26493142119726865 0.2649864959978932 0.26499220290447706 0.26506141362651464 0.26507155122153747 0.2650794559771545 0.265116700695238 0.2651829770039507 0.2651925490570814 0.26520400315856685 0.2652141897856554 0.265226309664021 0.2652434582066381 0.2652905961963736 0.2653119815917314 0.26545116063843155 0.26551704878345517 0.26551984386347455 0.2655260967581803 0.2655521551945068 0.26558986373022897 0.26561206650474467 0.2656169167974915 0.26567220072281433 0.2657244000055088 0.26578074329802615 0.265918847336293 0.26592029257161914 0.2659482902243831 0.2659598452306479 0.2659806057348136 0.2660074154332254 0.26602574633013587 0.26605121670853205 0.26608104424951773 0.2661106159937165 0.26612520919527244 0.26619899508431094 0.26625377341135564 0.2663160744379703 0.26631665953831657 0.2663440765500785 0.2663832326078375 0.2663839127535554 0.2664927198289176 0.2665302296090911 0.26659198857697963 0.2666407659392979 0.26665813483344475 0.2666714829185926 0.26671232869623857 0.26672324877940484 0.2668041062389735 0.26681140614657156 0.26681845294971684 0.266846067097651 0.2669041367730442 0.266942221537523 0.26697964025430465 0.2669840784015869 0.26702117433691896 0.26707745708109515 0.2671123829117975 0.2671344416713717 0.26714449059599266 0.26717685417647874 0.26722702212534477 0.2672383582582406 0.267263715350588 0.26727998498636085 0.2673011089045118 0.2673452200994906 0.267356729829615 0.267357010352263 0.2674589646618271 0.2675668977319494 0.26764451382087434 0.2676780809064944 0.2677987488678571 0.267841744968671 0.26785333363879194 0.26793384238087925 0.2680195673393185 0.26809200263029564 0.268094488784685 0.26821712696199607 0.2683342407612172 0.2683761137001108 0.26842757747317114 0.2684974121434511 0.26859436257804514 0.2686303626000099 0.26873838830954555 0.2689250521640291 0.2689695855060003 0.26905578589466217 0.26910878121967613 0.2691162931800235 0.2695122598740234 0.2695218872879701 0.26966487302296194 0.26997903746544805 0.27013821573766994 0.27027026981354363 0.27048975452534796 0.27053938411520484 0.27065277157413764 0.2707083581377007 0.2707408615013021 0.27084178232606076 0.2709189413635918 0.2710042716974974 0.27101730375297217 0.27113449238261395 0.2712006398568058 0.27120082108620186 0.2713027783577974 0.27143455561590346 0.2718869639846378 0.2719227909552384 0.27201476330744306 0.27214512024792753 0.27226092370265975 0.2723665848882702 0.2724900828208226 0.27253964488002813 0.2725533910975435 0.2727200054650489 0.2727440369946913 0.27276530992407183 0.27292793029931495 0.27307514828689433 0.2732093652260761 0.27321268559772427 0.27342189924792265 0.2734785184277126 0.2736062033255283 0.2737779727543406 0.2738087532107979 0.2738471750831577 0.2739586784147397 0.2742591854190785 0.2742664297256253 0.27431694130591033 0.2743325512626982 0.2743748620575982 0.27441213454829394 0.2751936610567867 0.27534634023374843 0.2755112784165834 0.2758000191487308 0.2759372562065042 0.27603164391235746 0.27606003294047937 0.2761240098517702 0.2761766464517325 0.27651684364270884 0.2766405668938072 0.2766813239043351 0.27706445645051364 0.27730336870142813 0.2773963475475086 0.27747055060859704 0.27754063624566494 0.2776323813494723 0.27867863057022796 0.2787231879340528 0.27881314198565543 0.27893339987090854 0.2793603989137472 0.27976468365238416 0.2808292283936093 0.28108613478641503 0.28281900813623323 0.2830599122679557 0.28492303528691443 0.28578296822169114 0.2882044421012623 0.2887072204596906 0.28927014339183893 0.28928422889177313 0.28975398350974735 0.2898387966017866 0.29010035435965265 0.29022421325488873 0.29047809224232773 0.29109301623415007 0.2911034537871686 0.2912362473229926 0.2912996887603244 0.29148054511885935 0.29181968791028284 0.29196387273643404 0.29207041070199674 0.2921848791369976 0.29228903160367165 0.2924834363724362 0.29253696176289234 0.29274284535535705 0.2931805058749905 0.293344428790656 0.29378871540320445 0.2939069582820806 0.29401779289854807 0.2940545227081659 0.2944454889886554 0.2946204134287297 0.2946309674028368 0.29464238427969286 0.294726012002118 0.29480518738461553 0.29486220114636547 0.2949610400020346 0.2950865592642892 0.29509956125005643 0.29510839514219617 0.2951494405528914 0.2954684683244718 0.2955107841468862 0.29554903671988936 0.29562765329845575 0.29566464426544853 0.2956687988442935 0.2957700441877082 0.2957975970632018 0.29581724493480455 0.295832610676525 0.2958866637834894 0.29589092427128855 0.29593696179620216 0.2959677188134064 0.29607010942650425 0.29607481676064584 0.29618302885340775 0.29625030812035025 0.29630310148028366 0.2963820369522024 0.29639270538200047 0.296393117679837 0.29640081521947764 0.29641641028022003 0.2964170382450563 0.29646399698164666 0.2965724114868632 0.2965888930982862 0.2966502757240463 0.2967353111994951 0.296776505088164 0.2968401429325942 0.29685678730859283 0.2968717707815565 0.2968796052092448 0.2969497599659715 0.29699057582119903 0.2970007677027377 0.2970306275628682 0.29704485612516957 0.29704793767974197 0.29704857821441005 0.2970582857906037 0.2970903977239114 0.2971015469383575 0.2971409040792036 0.29716598922425297 0.2971685937404954 0.2972003219994595 0.2972760192461235 0.29734844150400863 0.29734971406269084 0.2973587908940032 0.29740608519341893 0.2974114278511048 0.29742690362541535 0.29746438709374295 0.2974878860480885 0.2975395950412569 0.2975410324954573 0.29756079556748977 0.2975702644819834 0.2976030922166005 0.29761401086640316 0.29762034941075627 0.29762513737261154 0.2977233994359216 0.2977332479616589 0.29774194651307656 0.2977536034362094 0.29777974522848843 0.29781635650294513 0.2978469248060447 0.2978484141865395 0.297866291113733 0.29789899406194104 0.29791719830062313 0.297946366423717 0.2979548595652245 0.2980563512331174 0.29815719468179125 0.29817582221011624 0.2981771407250148 0.2982031391982147 0.29821789566738244 0.29822433870322984 0.2982305051467619 0.29831936932266395 0.2983709458510645 0.29837230087783284 0.2983740667732646 0.2983841181444437 0.2984293826483305 0.2984533337457806 0.29848349988440737 0.2985327396582359 0.2985585939918215 0.2985667814668335 0.29857282044709366 0.2985959298717635 0.29862063256139104 0.2986352093012671 0.2986605861516437 0.2986881332287476 0.2987099826044478 0.29873908691648926 0.29879085949013456 0.2988854374395007 0.2989068306926531 0.29892318815304536 0.29892321367145797 0.2989824935913075 0.2989833303896322 0.29899366498757723 0.29899588479907613 0.29906303237669996 0.29911608558615266 0.29917526628393765 0.29918906211356733 0.2991905603692147 0.2992120817315934 0.29922320774257566 0.29922719765302624 0.2992700266232579 0.2992847001436309 0.29928933943845787 0.2993791796995859 0.29940566581723255 0.2994353018678355 0.2994441789046874 0.2995427134307872 0.29960419668422733 0.29962627765229494 0.2996741112637131 0.29974303623277404 0.2997555900802359 0.29976728040453415 0.29982696331626774 0.2998625324018197 0.2998682184959186 0.2999228932091428 0.2999399262590132 0.2999591770824739 0.2999835909736317 0.3000596770982857 0.3000646028194838 0.3000724242649019 0.3001793173880225 0.30018080269117703 0.3002179894145018 0.30029108874243043 0.3004256776562049 0.30046585747644233 0.3005530455611823 0.30058716098761595 0.30067876171332725 0.30069540710838605 0.3009855594339794 0.30111633542645255 0.3012002918025741 0.30121142049572697 0.3014730325937458 0.30149434691581284 0.30156004265991876 0.301904224956152 0.30192262979131174 0.30227840322708327 0.302517055451804 0.30272943315796597 0.3030407412645588 0.30321967910170833 0.3037912498258364 0.3039283171872908 0.3041887454236153 0.30437195069111894 0.30465988109749825 0.3055635126067094 0.30604844568573397 0.3572727740378262 0.35777369434703077 0.35802662867394913 0.35810236962848946 0.35828754482556907 0.3584985617297388 0.35864767277860776 0.35879627324323654 0.35903800476763625 0.35904194089103464 0.3591362767496276 0.3591569809255866 0.3592237143464515 0.3592394333249755 0.359326695901885 0.35954269816873424 0.35955761620555465 0.35960406524467603 0.35977846066790964 0.35979771638760205 0.35981700567399305 0.3598592649135245 0.35988541311333117 0.35989510636743277 0.3599385156187121 0.35997232138056995 0.36011142191091955 0.3601456533786688 0.3601688227019173 0.360275070840269 0.36027925424253526 0.3603779412552341 0.3604210058755313 0.3604546455133622 0.36047171936897804 0.36052221400737955 0.3605474306253743 0.36056438097041826 0.3605899771388263 0.36070862780751173 0.36070998640243884 0.3607566517259248 0.3607956469111012 0.36090049420749726 0.360970262133111 0.36098943712469517 0.36099417767215186 0.3610447545006435 0.3612095606367892 0.36122336459743704 0.36124531375553925 0.36125066891152674 0.36129474045786397 0.36134829901593946 0.36137796027061175 0.3614486917147806 0.3614740984500889 0.3615201382636193 0.3615447578686256 0.36157109106856955 0.3615838884026263 0.3616141289481374 0.3616433321123917 0.36169606035043106 0.36170996081630213 0.3617137806170614 0.36171667752471875 0.36173148390821164 0.3617444552482604 0.3618425779469038 0.36185246010016997 0.36188060263222266 0.36201439654363926 0.3620470912338215 0.3620514825576969 0.3621789201200624 0.36222552540579045 0.36223171767742285 0.36223801499891317 0.36229587140720415 0.36229907127550437 0.3623180517884074 0.36236132804293075 0.36238125733765236 0.36252487743561607 0.3627056196346601 0.3628232587698387 0.36288566647641946 0.36304750148719245 0.3630553061817063 0.3631699278880673 0.36331078362095276 0.36342255671881574 0.363467330089458 0.36359934316744286 0.363746107702515 0.36393214462520723 0.3640169946846475 0.3643534442246028 0.3643976658175262 0.3644905903500099 0.3645290065216514 0.36460475797131114 0.36462416137556874 0.3646420225784071 0.3646902301527668 0.3647320502665968 0.36476287398983237 0.3648525752598612 0.3648918646600912 0.3648975520924362 0.36492772115945066 0.3649413399543074 0.3649489839523561 0.36496241417597886 0.3649807217013559 0.36498533533410155 0.36515733784838295 0.36515892637361874 0.36515980873932513 0.3651706554558411 0.3652726763755863 0.36527548782452646 0.36532297174839673 0.36533930953247085 0.3653673927320864 0.3654285208265588 0.3654623424285416 0.3654827214292274 0.36548702343560585 0.3655105769991604 0.3655599928815309 0.36556190987910103 0.36564250352498956 0.3656465161444345 0.36568722853470137 0.3656894502585635 0.36572841952500945 0.3657410194605173 0.36576723665374966 0.3657726716671798 0.36579356895954945 0.36580973482253054 0.36587346322721875 0.36589986160626414 0.3659687550145855 0.3660244318759918 0.36602780353324804 0.36607082575552846 0.36610900324034107 0.36615011384866963 0.3661614581048761 0.3661745937294103 0.3663955271033001 0.36645948759286084 0.36665114513179736 0.36672556880190915 0.36673277641292235 0.36680423235834925 0.36682191515026225 0.366834096615527 0.3668790281533877 0.3668902654515741 0.36696718392777855 0.3670717085870825 0.3670775340275806 0.3673056218734504 0.3674163672229308 0.3674991771188644 0.36755147648961944 0.36802544625145067 0.36814225585192234 0.36816989895176583 0.3682378233160091 0.3683202323092501 0.3683443046376144 0.3688013333203563 0.36919094977137 0.36946640034781864 0.3700639928087832 0.370365731220112 0.3705820486117011 0.371340621752387 0.3728268351218304 0.37320321542361934 0.3733819188719586 0.37597780919442875 0.3771930098985848 0.37964571462343455 0.38069908384959955 0.38148728806174653 0.38182348545594785 0.38191635646731087 0.3822000851842014 0.38237597460163975 0.3831956889051323 0.3835533412562349 0.38367882218442284 0.3838220544313386 0.38409085959508776 0.3841500105770277 0.3850446318262225 0.3855885986747285 0.3877724688537396 0.38779958421112776 0.3884855121760349 0.3893734053214361 0.3897450304812136 0.38983955515169366 0.3911352316645412 0.3917345186281632 0.3919050329815992 0.3926591796465278 0.3927197862684712 0.39347716094385166 0.3934956672427937 0.39376594770482065 0.39385423204495984 0.3940286788752603 0.3945451214295159 0.3947752692611062 0.3951332553129239 0.3955385515610791 0.3959222542163851 0.396681136167693 0.3972192930016423 0.3988914394878044 0.3996998109790831 0.3998325168418569 0.4010142710900235 0.40184452673696364 0.40423256987208156 0.4052841937094056 0.4062726547133429 0.40635187517544685 0.4092664947274266 0.40943561577386506 0.4095786311347126 0.4097270516236102 0.40974778007168083 0.41007632265192534 0.41014905704179877 0.41015625661785965 0.4101866617640087 0.41028878425424326 0.4103399703593269 0.41037348416093755 0.41038730643180554 0.41039245611393427 0.41050283317236214 0.4105696414038637 0.41066060488539413 0.4108807833096034 0.41090152929444285 0.4111574437345329 0.41115884040552547 0.41116679062316047 0.41137440106345546 0.4114047902944818 0.4114086798606912 0.41143954603540517 0.4115805476646212 0.4115825742425207 0.4116181031092689 0.41162473654279913 0.41163892635743077 0.41165191901319115 0.411743815404056 0.41176143573942386 0.4117820555810917 0.4117957033234038 0.41182479979602127 0.4118516628508179 0.4118754864212468 0.41190723238122345 0.4119228070766446 0.4119466404895538 0.4119923246468734 0.4120393451678722 0.41205790226202643 0.4120877136223923 0.4121141032788135 0.4121317023336401 0.41220263746584257 0.41227890698994785 0.41228430996871934 0.4123732489019807 0.412405162024484 0.4124611871749969 0.4124957010899793 0.41251492156153163 0.4125453865437974 0.41259414022866536 0.41266826130641804 0.4126700352092509 0.412672744288913 0.41267914479716483 0.4127294297668019 0.41274815780884844 0.4127643876258213 0.4127691454301891 0.4127884028503081 0.4128143626501672 0.41281558720965456 0.4128267990951041 0.4128437041389031 0.4128540412942602 0.4128599990591535 0.4129531518086137 0.41297377103818944 0.4129998402326324 0.41302041911484244 0.41302248328173125 0.4130248012648929 0.4130711985023675 0.41307424612288124 0.4130762762388121 0.4130791015528687 0.41308951582800796 0.41310753374580583 0.4131511572510901 0.4131588496965907 0.41319009559503467 0.4132005373322595 0.4132055530680766 0.4132739053167324 0.4132782776289161 0.41328732505112836 0.4133287306883305 0.41333551599462043 0.4133442499031955 0.41335872366204945 0.41336098202684846 0.4133924891709993 0.41339754388361305 0.41342711968460916 0.413486014899891 0.4135309497020998 0.41360312777512526 0.4136681090526117 0.41368900530057556 0.41370694526832663 0.4137601642728056 0.4137624972909671 0.41377267118948924 0.41378908193997344 0.41380460376358097 0.4138605423597249 0.41387326203092634 0.41388714950174976 0.4139031777305528 0.41390672765523645 0.41392390977695775 0.41392702232148887 0.4139581198801072 0.41399683564884987 0.41400961024578026 0.41403029521885487 0.4140511757258855 0.4140602419883256 0.41407934905254407 0.4142005111704422 0.41420602576742804 0.4142182334353645 0.41423717400853366 0.4142509390617654 0.4142996888685289 0.4143128359464829 0.41431727622147396 0.4143443216519657 0.4143548078054526 0.4143721869682748 0.41438081834214496 0.41441470013767145 0.4144592509216016 0.4144745005390723 0.4144822129521321 0.4145198328793817 0.41452065193201115 0.4145806714147859 0.4145975684331826 0.4146070839982662 0.4146495577111609 0.41471676494752907 0.4147647536515772 0.41479761971592605 0.41480344201661024 0.41481371895780605 0.41481578622442306 0.4148556343953639 0.4148943433723648 0.41490427450688017 0.41492831543500736 0.41493645254638417 0.4149513708678172 0.41496067429051076 0.4149850221797532 0.4149908920206132 0.415034868240138 0.4150514283024103 0.4150779969925906 0.415081943468831 0.4150874734207542 0.41519360694590307 0.41520916308882166 0.41523172396597857 0.4152543364094819 0.4152978623881342 0.4153157071683713 0.41532786120960746 0.41538491135138567 0.4153895629662444 0.41544920240452343 0.4155466351042801 0.4156633215245128 0.4157117092767327 0.41573218535520073 0.4157717514756155 0.4157777339817207 0.4157950249045108 0.4158283047780053 0.41584999892550356 0.4158884237887243 0.41592098312141124 0.41610997246518966 0.4161403186518952 0.4162192235387767 0.4163264640543931 0.4164307219157219 0.4165474837946765 0.4165830665383747 0.41671213689156616 0.41673988390232447 0.41687398249046076 0.4168859111453275 0.4182436985399752 0.4183322089775747 0.4184811405023331 0.41899642676709203 0.41903328278862184 0.4195099565566467 0.41966857970949956 0.41986441070188396 0.42004691488602375 0.42084701358307 0.4212616257578692 0.42180397346399984 0.4223172987812055 0.4224313773538747 0.4225429184994087 0.4228323632337444 0.42391333675946885 0.4252008051995429 0.4252733290280893 0.4257050668246979 0.4258252057620866 0.42621001504376316 0.4269124313416943 0.42694825029800326 0.4271121006259775 0.42761040714856374 0.4277744243737917 0.4287309371110953 0.428865208899002 0.42998145660009984 0.43022374669555696 0.4317508133009251 0.4318659973700889 0.4336296827452897 0.4338263019861696 0.4341491080019228 0.4342077410281518 0.4350279771159198 0.43619894272621257 0.43621009295818364 0.4364405534637354 0.436681176625601 0.4379531315516805 0.43805806128986047 0.4381579765936816 0.43821720549604953 0.43858979580831076 0.43882227176428695 0.43892778962059537 0.4393954581237936 0.43992695786496994 0.44044339815924827 0.44049133533475215 0.4409559650002772 0.441316993449611 0.44139467033249047 0.44161410370964993 0.44163640334717885 0.44175830636401775 0.4426350868741574 0.44263752131572887 0.44320232721436215 0.4433445641308738 0.4435845976688925 0.4438523018744584 0.4441346016476114 0.4441663297438217 0.44418161758857116 0.4443033083859004 0.44460964052799967 0.4447853672976411 0.44488204226698624 0.4448868550898003 0.44508107649709416 0.4451599459853001 0.4454359357249738 0.445629713795499 0.44602510775762977 0.446088856375215 0.44622623546296575 0.446230167471008 0.44629800764610034 0.4466305533518095 0.44672102696849514 0.44691007108021824 0.44697228613013656 0.44724137025837124 0.44838587996139534 0.44842455246981483 0.44857431541701204 0.44897053669657044 0.44906339545572005 0.449177776805217 0.4498415276491332 0.44998891474984254 0.4500853610233328 0.45020066694739774 0.45020066694739774 0.4502947747536173 0.4504040661994523 0.4504168314690813 0.45050054277077944 0.45101672496928497 0.4515028022046217 0.4516475325941715 0.4516959585312492 0.4517697070201201 0.45250641935996877 0.45259294330330246 0.45281669522199197 0.4530560989121302 0.4533933597926043 0.45346473656536035 0.45349689910397395 0.4535734003081469 0.4536207469541888 0.45387003307381724 0.45434139249885025 0.4550535079018301 0.45560416995408687 0.45601614274938035 0.4562545982084485 0.45642256035840517 0.4565594025719799 0.45663959315719604 0.45731790493294666 0.4575765121385094 0.45831018374211 0.45852325114531184 0.4593814222626038 0.4598400554373492 0.4598439839924232 0.46042454307138275 0.4609394600334806 0.4618822249498367 0.4621211178670301 0.46241225441253614 0.46317662898858314 0.46653064318938825 0.4685634153964502 0.4693040633746677 0.46932430949967185 0.47137746296847166 0.4714800013522492 0.4715749549773791 0.4720559982770733 0.4722306568998891 0.47258342228977 0.4727404501103808 0.47323198561493834 0.4733012869529141 0.47368469694698606 0.4736938288111729 0.473733651686284 0.4738380423318848 0.4738832337115711 0.47411837397380574 0.47432000342448005 0.474849150957072 0.47489797350598556 0.47544106936157987 0.4755052862490935 0.4765044000146817 0.4767886198861002 0.4768809728678871 0.4769850872019315 0.4772296865718125 0.47766281965835705 0.4777556736397185 0.4783939732775157 0.4787612558589493 0.47923722536708163 0.47937021682048103 0.4801699243601444 0.4804574943151347 0.48067936572311315 0.4807635531573211 0.4811768751066676 0.48120578781880863 0.48138319340215313 0.4821039668609095 0.48220902668880977 0.48285230904495247 0.4831039919016239 0.48312789009227863 0.4833992838915915 0.4834073749682379 0.4836110892790592 0.4838110424616262 0.4838795888983985 0.4840494492658172 0.4841644278479268 0.4844300540665157 0.4846035384993981 0.48461560226851447 0.4847378860907158 0.48475273031289595 0.4848105142076195 0.4849933354963177 0.4850880540296412 0.4850994821067012 0.48518234665096366 0.4853916434218848 0.48539324984694915 0.48550967681967167 0.48562502651067263 0.48564601243661915 0.485790371418713 0.4858014426815652 0.4858079798933648 0.4858947300133368 0.48590486682033474 0.4859964844048544 0.4861494396466342 0.4861812247178426 0.48618452789512395 0.4863501033430938 0.48641396776798074 0.48644457765138355 0.48662075359422086 0.48672560704786866 0.48689294494172947 0.4869688395928873 0.4870465069732969 0.48708566830324784 0.48709435647734056 0.48723224533647136 0.4874390927791258 0.48747679279108586 0.4875507469498025 0.48756905892578467 0.4875835408841122 0.48758979659233215 0.4876575263172943 0.48765790927671243 0.4876646079762511 0.4876900770230827 0.48791292223459704 0.4880101650380837 0.48814717912180206 0.48843470361418 0.48847433213842134 0.48849358978695967 0.48851252399557493 0.48852317322741307 0.4885552713726789 0.4886240849491138 0.4887210755489918 0.4888478755542502 0.4888518464167109 0.4889703219149641 0.4891971541115126 0.4892560861699133 0.4892598701389667 0.4894028429109341 0.48956309916732976 0.4896772800514547 0.48970933093076535 0.48971315362670603 0.48976432526851027 0.4897700718290351 0.48978048318792156 0.4898483644306619 0.4899758157066235 0.49010834773918055 0.49013615555018625 0.49014379053689655 0.49019258699882196 0.4902170476656159 0.4902793730596627 0.49034747854490435 0.490356286220624 0.49040287323260234 0.49046552122800663 0.49047216105731484 0.49050148846407843 0.49053320639421416 0.49059231952143917 0.49072322718328293 0.49072749540594446 0.4907312803753589 0.49073674795332006 0.4907983649193411 0.4908009980652573 0.4908252685370202 0.4908403012412817 0.49084182328098636 0.4908435193091071 0.4908466655872258 0.4908552123499061 0.4909341862065109 0.4909497350646638 0.4909673995780662 0.4909802810308735 0.4909915502909793 0.49108365324986397 0.49122595166862065 0.4912625739709517 0.49135133766350525 0.49135767423665483 0.49147131998326143 0.49153212409045277 0.4916637069305843 0.4916804819016595 0.4917529395000368 0.49175736559252636 0.4917821874729372 0.491821194986089 0.4918337278911786 0.4920479728764022 0.49204992571512585 0.49209578864660186 0.49212721135451776 0.4921413080872793 0.49230576522493674 0.4923084655400978 0.4923155506726669 0.49239596590763945 0.4924005192930564 0.49241060614399385 0.4924191709016015 0.4924222777280649 0.4925140790433236 0.49254627074186225 0.49258734991314324 0.49258809200338843 0.492629485182335 0.49271692280315177 0.4927635334738151 0.49277663027868357 0.49283289289986826 0.49284068418024324 0.49288522132203677 0.492972385796793 0.492978351819195 0.49307818868899345 0.4930936452716937 0.4931004512832643 0.49312675519805615 0.49314550222417664 0.49324441021884496 0.4932495019731047 0.49330351683411294 0.4933403542382699 0.4934969455048999 0.49351652470014973 0.49352137850328226 0.4936169678877473 0.4936371029733532 0.4937080876411057 0.4939921280878391 0.4940259657476278 0.4940568203089549 0.4940968186282203 0.49411959604164996 0.4941241951945436 0.4941494582503143 0.4942922959806368 0.49441761933440775 0.4944508106806698 0.49470321255865074 0.4947178594397479 0.49474561180899995 0.4947635729830946 0.49478339896146445 0.4948089157220895 0.49482656393099916 0.49493012652584195 0.4949328418888897 0.49497276624974057 0.49497452726612867 0.4949757543996501 0.4949786002459608 0.49507268277644734 0.4951435364191292 0.4951467894174599 0.49515789822772016 0.49515883920427545 0.49517045042969576 0.4952069458437552 0.4952325504232765 0.4953156328164042 0.4953807437123016 0.495423630595093 0.49548051631956713 0.49559871284974544 0.495605266450722 0.4957880978140409 0.4957959124094917 0.49593908718985114 0.4959926777060371 0.4960850310351605 0.4962009941029103 0.49622350327342873 0.4962241632627302 0.49629284304762195 0.4963742694658743 0.49638092733502365 0.4964989881642848 0.4965860035622691 0.49658736627573774 0.4965992059669674 0.4966209384089516 0.49663842956119925 0.4966757365869482 0.4967889141454606 0.49683271198112866 0.496851644520702 0.4968791889031865 0.49691565276390964 0.49691704733902337 0.4969728366650826 0.49703975486397806 0.4970750852757001 0.49715499032415933 0.4971928106215572 0.4972398432078108 0.4972796044361559 0.4973192385508581 0.4973557436154268 0.4973980623186362 0.4974447923147754 0.4974468654631077 0.4975474704355919 0.4975498078599138 0.49761827958971344 0.4976244146502407 0.4977430398388327 0.4977885087396389 0.49781407352710544 0.4979569507056179 0.4979776542501419 0.49800440344377467 0.4980378337272165 0.49805432089875734 0.49809680252890837 0.4981279020496045 0.498139505024796 0.49817205773661566 0.4982233988934289 0.4982640053307785 0.4982667987113073 0.4983922272395766 0.498398928827581 0.49848392806714814 0.4985065897705231 0.4985917156829683 0.49862217185566554 0.4986848783073104 0.49876986650071753 0.4988198544012124 0.49888124863699507 0.49889431233713677 0.49890643884718666 0.4989339170805888 0.49898295631945894 0.49904819957429525 0.49906423126091254 0.4990838994439478 0.4991232895373672 0.49913205530471316 0.49914176203928934 0.49919171633146037 0.4992064968630116 0.4992721153490462 0.4992854414900172 0.4992895451775174 0.4993126334119345 0.4993371806394892 0.4993441397309901 0.4993949255641719 0.49964901374684284 0.4997056619314389 0.49977835758643135 0.49983353154683985 0.4998764587504393 0.499942529214058 0.4999563438005526 0.5000550406612411 0.5002024195847339 0.5002720577884542 0.5003303818194563 0.5003377265424827 0.5004075493856937 0.5005062949411119 0.5005142809675278 0.5005632326978562 0.5005799028935012 0.5006658150479933 0.5008045695897693 0.5008289213507405 0.5008643102467427 0.5008914083883209 0.5009183333448038 0.5010296482715095 0.5011086427505945 0.5011305177377449 0.501136874228525 0.5011422165265834 0.5011630187350702 0.5011790961649366 0.5011957813972844 0.5012360680813899 0.501246085955894 0.5012650557807103 0.5012656498713308 0.5013225544146411 0.5014373249067173 0.5014584519537435 0.5014638503969862 0.5014649747494807 0.5014657266328665 0.5014962537861097 0.5015143031465663 0.5015474766069885 0.5015839121982308 0.5015946372464389 0.5016063547739443 0.5016634145718463 0.5016999798727065 0.5017562770279167 0.5017724603135276 0.5018662246254999 0.5019366798002537 0.5020361835538776 0.5020621965705953 0.502178238190957 0.5022154861515755 0.5022240919019185 0.5022486350352786 0.5023124689856522 0.5023429647419435 0.5024930534507066 0.5025231822568177 0.5025359497888695 0.5025574639906174 0.5025880851212778 0.5026112767399398 0.5026186577684298 0.5026312714620167 0.5026688793243753 0.5026732823718171 0.5027081566368825 0.5027424298891644 0.5027970533200411 0.5028234931603749 0.5028462632025339 0.5028468084155808 0.5028846019232375 0.5029058804482364 0.5029185683361186 0.5029268294683406 0.5029300240277571 0.5029472826782883 0.5029544694359733 0.5031498745613219 0.5031731912843428 0.5032384081168231 0.5032443554517164 0.5032877651612091 0.5032939308211255 0.5033299589422521 0.5033593043493182 0.5033611808757338 0.503415035712811 0.5034959205934374 0.5035053872298226 0.503510637655816 0.5035371489745584 0.5035475894521743 0.5035889378877104 0.503624906956431 0.5036830906490131 0.5037585856410327 0.50378846613067 0.5038209534416253 0.5039162162192561 0.5039391042081924 0.503950091516778 0.5039786934068292 0.5040325982291541 0.5040522056493921 0.5040540306910858 0.504092156737404 0.5041423266710032 0.5042221873438613 0.5043270639402747 0.5043445428369513 0.5044485687693802 0.5045202382114746 0.50455235612852 0.5045758984585507 0.5045964112424485 0.5045987121067964 0.5046299643873771 0.5046611308118121 0.5046804048125413 0.504723015904362 0.5047639381109129 0.5047841632421965 0.5048145670802083 0.5048359103912065 0.504840091460508 0.5049472476378298 0.5050022994699188 0.5050509504304439 0.5051281738808213 0.5052567269857681 0.505278402373443 0.5053545173368574 0.5053847049302335 0.5053974816461478 0.5053999058163297 0.5054198019184917 0.5054741692999443 0.5054991225370917 0.505507119754438 0.5055140139551886 0.5056026020748521 0.5056137929385056 0.5057095746513158 0.5057107444748461 0.5057380914707237 0.5058130642163677 0.5058660532693966 0.505958624308699 0.5061268727361254 0.5061279393997741 0.5061941093949954 0.5062292717262262 0.5062950576760655 0.5063142445442648 0.5063154069527177 0.5063846585802724 0.506468664134137 0.5064713238657185 0.5065642583873932 0.5067564029350977 0.5067757493466277 0.5068398033922135 0.5068888964617042 0.5070764612362011 0.5072035138810335 0.5072190518691467 0.5072672535801956 0.5072732835224601 0.5073167849544858 0.5073362162506555 0.5073525609057185 0.5075003804931104 0.5075419080601897 0.5075782054833766 0.5076283489623742 0.5077192893945706 0.5077323888953886 0.5077572643197994 0.5079157758272064 0.5079563176855928 0.5079971727644553 0.5080168127650373 0.5080437649614511 0.5081441463830636 0.5082010450905613 0.5082038723955447 0.5082805404834339 0.50829918772955 0.5083287341704775 0.5083460490970307 0.508401846559057 0.5084136594928048 0.5084367138223215 0.5084567814453693 0.5084706383094437 0.5085682728952243 0.5086375672281536 0.5087344586448316 0.5087483612219776 0.508970007497615 0.5089837899773691 0.5090140072608923 0.5090245833922186 0.5090325891203483 0.5090820708226612 0.5091652520623636 0.5094206099374258 0.5094281777262778 0.5094840578948487 0.5095278552747731 0.5095299706213632 0.5095740870233054 0.5096517563035287 0.5098624398392565 0.5098955033072228 0.5099051462504088 0.5099159458843612 0.5099301233003027 0.5099750448807452 0.5100667839560953 0.5101022547112211 0.5101837365039599 0.5102174339134827 0.5103252833396947 0.5103800803816949 0.5104104935971199 0.5104115935887447 0.5106267653036676 0.5106354560886539 0.5106990964147707 0.5107437713591688 0.5107680733953811 0.5108552307712411 0.5108650622132822 0.5110168961627308 0.5110593218409059 0.5111581640179605 0.5111719945198557 0.5111781331295137 0.511192777016017 0.5112439073942571 0.5113088972089384 0.511450484423471 0.5115080342760638 0.5115851253995766 0.5117701039808569 0.5117920369110387 0.5118114520979419 0.5118560229286416 0.511939669987864 0.5119529577790674 0.5119686360103063 0.5122760825442104 0.5123878446670331 0.512434936068453 0.5125055563622436 0.5125175847987266 0.5126394766692371 0.5126428139840974 0.5128314758987534 0.5128420449644377 0.5129300972224131 0.5129947938300571 0.5130196027984552 0.5130379961113397 0.5130413704351031 0.5133195547539173 0.5133668925576668 0.5135189277850203 0.5135987777514702 0.51367451520007 0.5136956736219751 0.5138050733538273 0.5139079711391612 0.5139460018275759 0.5140330564136979 0.5140645782777216 0.5140926978181231 0.5140931888863584 0.5141889043912027 0.5142492479678109 0.514340094449144 0.5143767707023845 0.5144327340709031 0.5144428226032328 0.5144713337852583 0.5148182548300086 0.5150062097329449 0.51502162861614 0.5152612473349741 0.5153009855740062 0.5154408316876594 0.515562720373367 0.5157558102302765 0.5157718943717032 0.5157786422942593 0.5157877456654786 0.5158544120295709 0.5160615669945979 0.5162396672612428 0.5163375392182264 0.516406179615686 0.5164209735777271 0.5164288671280055 0.5166891406819987 0.5168558200431683 0.5170723691847663 0.5171299230571675 0.5171546320977917 0.5174525600789437 0.5175587838530817 0.5176370147024537 0.5176472633197701 0.5178141994574835 0.5182706091746728 0.5182784177432193 0.5183239548291712 0.5183283607428016 0.5183433718610553 0.5183743986823676 0.5185006575907213 0.5185199837168787 0.5189418808547384 0.5189997760834164 0.5192984738024242 0.5196305343980467 0.5198597681928961 0.51986988421578 0.5200446111995732 0.5201728560040425 0.5203302117201593 0.5204736282589999 0.5207998162730705 0.5208983541538854 0.5211357015658423 0.5213860957671476 0.5219791352299062 0.5225779554201523 0.5226934981516336 0.5228541103893116 0.5229735081772582 0.5237089782287525 0.5237338650291942 0.5240612170769193 0.5240994868205723 0.524170033167802 0.5248941817732874 0.5251060141366257 0.5251354695211915 0.5251356174859237 0.5255446107634797 0.5258988919668726 0.5259361130438425 0.5262839754823913 0.5270717901473003 0.5279115191948912 0.5281488158021004 0.5282675265749252 0.5284156678241133 0.5292909980893868 0.5296165753761016 0.5297174423995996 0.5310174776652264 0.531223278378542 0.5314022721739857 0.5317612469519983 0.5319235521688302 0.5320968006115567 0.5322469853803782 0.5323082498627915 0.5324681452597602 0.5328167988070988 0.5335671231599035 0.5338091825537521 0.5339321789049766 0.5340937694541189 0.5342082546737896 0.5342764503014654 0.5347851830061794 0.5352864931753653 0.5366759050586188 0.5373520576349735 0.5373792992624233 0.5378574658547883 0.5380507357251713 0.5381015383063331 0.538704191244696 0.5387838721792975 0.5388654762668741 0.5390093572004873 0.5393239674506034 0.5429476857782051 0.5443956249726449 0.5451087155514626 0.545187199462231 0.5488644303394531 0.5524162343643826 0.5559869681157861 0.5588265627025606 0.5668354616767631 0.5703196294460259 0.5707666814044161 0.5783498706332303 0.5813828396083046 0.5817331201110624 0.5849771097051357 0.5856271558933848 0.5858560359937107 0.59008808216002 0.5920874378220127 0.5928456087520508 0.5940297737648913 0.594207046046711 0.5942650122199667 0.594849967762436 0.5954880120111622 0.5954991343759104 0.5964244965902037 0.5966332141196119 0.5971616845352719 0.5975729791966318 0.5979249385980252 0.597992954203456 0.5980995429718422 0.5983270055830421 0.5984437601288582 0.5985230905237071 0.5985645613196785 0.5986589892497053 0.5986830530316445 0.5988433814471965 0.5988750287750055 0.5989279516521606 0.5989980520411324 0.5991077136582192 0.5991443195288413 0.599152847242405 0.5992388522479575 0.5993123995512692 0.5995292281013636 0.5995821363556554 0.5997540656012883 0.5997733381502073 0.5998067641130123 0.5998257817250974 0.5998613282443852 0.5999552744402449 0.6000425299698046 0.6000621404938217 0.600085154826239 0.6001476896428357 0.6001484792035762 0.6001532515066031 0.6002244682878524 0.6002568644959047 0.6002576015375279 0.6002696834291364 0.600270856453058 0.6003409076337624 0.6003646676325277 0.6004138523095301 0.6004372113730673 0.600551314839851 0.6005755157475741 0.6008849615641886 0.6009731446324706 0.6010568845752161 0.6010763843990682 0.6011111738440296 0.6013265946863798 0.6015980286036543 0.6018078920520266 0.6018673745056465 0.6019314372208382 0.6020668974211059 0.602398736302842 0.6025238108168665 0.6027638901664385 0.6032998303625563 0.6040057789563865 0.6044699924902044 0.6050411228143802 0.6051395944609606 0.60525840201297 0.6053024901462308 0.6055489628942736 0.6055946704558893 0.6067924330394872 0.6070350719329501 0.6071555216399744 0.6072442216833356 0.60738215332186 0.6074536473646776 0.6076782049414046 0.6077555691740953 0.6077682401795803 0.607824407103726 0.6078746039606654 0.607928577290445 0.6081550589091872 0.6081569599231469 0.608300706030351 0.6084397655321316 0.6087107655316899 0.6089427301550687 0.6092602930966841 0.6092856522576707 0.6092902657432568 0.609392218879726 0.6095072120322385 0.6095271838952444 0.6096968871659906 0.610073928025539 0.6101390357233831 0.6103995822812799 0.6104662704160126 0.6106899939501051 0.610771679275571 0.6110801389514913 0.6110946385050504 0.6112482841164225 0.6112913774925091 0.6112925815450949 0.6113208110787469 0.6114856214279012 0.6114946508238487 0.6115351972594683 0.6115889675956993 0.6116758739244005 0.6118336985929452 0.6118510631784662 0.6118952050841826 0.6119065672680177 0.6119682238431593 0.6120185663507034 0.6120615739940436 0.6120735161313983 0.612091270475877 0.6121769392194205 0.6123104647442951 0.6124299176151407 0.6126258111857656 0.6128080713803472 0.612879725047678 0.6130797626837733 0.6131214560871597 0.6133190949087892 0.6133308993622743 0.6134423423690875 0.6137267780269275 0.613859260193809 0.6140575086373916 0.6141709843081959 0.6145661455889094 0.6146087813470159 0.6146796046057801 0.6146800952431919 0.6149581977444325 0.614966310200675 0.6150086879787672 0.6152166125028792 0.6152232310178082 0.615384670596645 0.6156497048530787 0.6156813359379016 0.6159180124886192 0.6160875755063485 0.6160877904342585 0.6161066629486558 0.6161474273668268 0.6162623541857012 0.6162737161832391 0.6162883489229437 0.6164533860490438 0.6165326439208463 0.6165536449793354 0.6168401237907513 0.6169084736969049 0.616939942549549 0.6169659524869223 0.6170429072048695 0.6170555576091291 0.6171764890757085 0.6172340209313081 0.6172553086341201 0.6172801973374885 0.6176707924235754 0.6177749979992574 0.6181965914532132 0.6183873115076385 0.6186384005023698 0.6192536164969041 0.6192967056780286 0.6194293485764503 0.6194354187479826 0.6196186790933617 0.619874999692569 0.6199052507851476 0.619950553931155 0.6199868225011913 0.6200404471126202 0.6203482137444701 0.6204210636741007 0.6204259729468549 0.6205185180002569 0.6207226549938469 0.6208530725873337 0.620942397059147 0.6209516987885261 0.6211572428413409 0.6211594788394956 0.6212612541194947 0.6214724798799262 0.6215529731503066 0.6215883849896285 0.6216053315614014 0.6217892738990892 0.6221090362184715 0.62215677809813 0.6223091965725446 0.6224689351084646 0.622496771233037 0.6225096866978694 0.6226428263248724 0.6227466611502765 0.6231544411402383 0.6232057300802049 0.6233650131750409 0.623508972013546 0.6235888426977515 0.6237049386481083 0.6238356626419486 0.6239105716305078 0.6240242596638776 0.6240243859238319 0.624043694975495 0.6240631269398691 0.624113648257429 0.6242829307123697 0.6243245170077437 0.6243326329998126 0.6244143524394097 0.6245473359727742 0.6245906241846655 0.624644005558358 0.6247475288475107 0.6248998315321789 0.6249465737284173 0.6249687882651569 0.6250670876272264 0.6253386890736503 0.6254017409362214 0.6258052378282837 0.6258053173126606 0.6258381123864365 0.6259482870964477 0.6261232902721153 0.6266058385056767 0.6266572369195992 0.6266943815107657 0.6267609926039539 0.6267795462511476 0.6268654281214514 0.6268745167640362 0.6268784852951769 0.6270559151265325 0.6270807295770343 0.6272204414849135 0.6274878233084351 0.6276938379698832 0.6277228441774848 0.6277713058788038 0.6277864433231483 0.6278994513328733 0.6286307629350883 0.6289701963420563 0.6289997079129569 0.629002534952385 0.6290076979932228 0.6291489174977112 0.6291828861253811 0.629398724972023 0.6296030483544544 0.6297039203939322 0.6297139625887753 0.6297245301734875 0.6301290270793337 0.6302086353441897 0.6306138735649525 0.630629769090943 0.6306348347621648 0.6306772167964855 0.6307426603346382 0.6310952844474104 0.6311750825426065 0.6313410955902433 0.6313447311769349 0.6314746953777387 0.6315712807165216 0.631758928630521 0.6319879188634713 0.6320232945633674 0.6324186832193551 0.6325063911473802 0.6326842374293719 0.6328150260532167 0.6329281674964936 0.6330754063430688 0.633092523971217 0.6333134357757497 0.6335272771724756 0.633580901240594 0.6336056106713375 0.6336269186617973 0.6337768625146202 0.6339533097987311 0.6342127701118497 0.6342687194912972 0.6343689353658298 0.6345477720633962 0.6346013169038324 0.6346812439384791 0.6347151716381548 0.6351111008679683 0.6354978024137554 0.6355261372679659 0.635602377743261 0.6356201642032073 0.6356377009019585 0.635752856910172 0.635870193535436 0.6358737230528683 0.6359792772487373 0.6360114333247044 0.6360634015514638 0.6360643030986064 0.6361178641257439 0.6361923063933531 0.6362681211370934 0.6365133062063574 0.6365848834356806 0.636606831064034 0.6366521282892276 0.6368690801220853 0.6370460217394947 0.6371735701565379 0.6372103761001376 0.6372218557378054 0.6372478188209184 0.6374474964761843 0.6376487847899904 0.6381265813853735 0.6383199098002068 0.638578137792706 0.6388126680465477 0.6393689685003113 0.6394446966184633 0.6395953303350473 0.6397740271642381 0.6398072704023727 0.6401076738724534 0.6401255518239911 0.6401604418086061 0.6402470669439173 0.6403232037491184 0.640670165818614 0.6407132425141593 0.6408276254829898 0.6410641832882268 0.6411778135370404 0.6414887609523748 0.6415167174719649 0.6415188168843197 0.6415576591877016 0.6416144038675167 0.6416393563386033 0.6416878517742122 0.6417914753861779 0.641854878483559 0.6420254986776968 0.6422855294743202 0.6423028822553198 0.6423558836342713 0.642377896571573 0.6427589088673947 0.6428735011890143 0.6429487211820163 0.6429859287447833 0.6430371933928601 0.6433919865973586 0.6434594778579793 0.6435757434344223 0.643657201768968 0.6437596897086066 0.6439912333374425 0.6440021444462862 0.6441151861303389 0.6442072307061526 0.6442284950345886 0.6443933198905827 0.6444547845278187 0.6446317658617814 0.6446802118518629 0.6446807450011729 0.6447251222496962 0.6450430677383702 0.6450433848546578 0.6451240059399919 0.6452462095846792 0.6453300259647985 0.6454718483872094 0.64558450701464 0.6458580236289034 0.6459245968763339 0.6460377493961351 0.6461495169189089 0.646263950225874 0.6462694398356474 0.6462790227808847 0.6463775669831153 0.6464886592830728 0.6464890453741701 0.6467144605986498 0.6468281445240867 0.6470319903498027 0.6470534893823717 0.6471666435359436 0.6473082042841083 0.6475068083184038 0.647521647398405 0.6475578637812497 0.64784519069332 0.6481838690195675 0.6481843384901752 0.6482971015943294 0.6484402902676145 0.6485878968657713 0.6489096783443433 0.6490475611744579 0.649621544324936 0.6500577517267006 0.6505573090180838 0.650557748574148 0.6505988952779119 0.6506521321995185 0.650763039968193 0.6507767302488582 0.6511221302232105 0.6514611847684947 0.6521394226915589 0.6522907693391005 0.6523748950881302 0.6525915398692712 0.6529303881453182 0.653023482659188 0.6532700467152027 0.6539473029691909 0.6539852117591108 0.6545080503544335 0.6548515085218414 0.6548524390854178 0.6556073787330502 0.655747273621445 0.6559816954165126 0.6567727582627737 0.6568862208876441 0.6571121228152269 0.6574462166920109 0.6576695912400966 0.6577342104305919 0.6577898368800444 0.6578171349128243 0.6584687404175158 0.658708839528071 0.6591458733440025 0.6592591715978707 0.6594512763827246 0.6594769400241001 0.6598238876098693 0.6600412786588381 0.6607279486952824 0.6620129798255933 0.6624242792268793 0.6649101195375068 0.6652487828505953 0.6660239136311153 0.6662694970324992 0.6676867438178189 0.667942720672313 0.6681697118950706 0.6681836925820198 0.6684962508767005 0.668545423800603 0.6688222272387444 0.668946472226064 0.6692297015600907 0.6693080399898715 0.6696806427677479 0.6702087816810429 0.6708863872011157 0.6711073663957611 0.6712119720114562 0.67127785793824 0.6715778662622516 0.6722351809637362 0.6739086952917084 0.6746830648278599 0.6762964959849374 0.676427772612178 0.6765719614035933 0.6766066820917918 0.6768740167396854 0.6769717334707388 0.6770012072095518 0.6776560622700263 0.6777395927340684 0.6778154938378901 0.6783483449254961 0.6784771964546219 0.6791014662966721 0.679525445949535 0.6799341473293984 0.6801490108231902 0.6801879590179268 0.6802839280997123 0.6805691463343765 0.680610233069803 0.6806632755231485 0.6808248691469916 0.6808845269802017 0.6809070920104264 0.6809092262175508 0.6809175539752591 0.681399333567704 0.6816956086352085 0.6818652658060073 0.6819624534274201 0.682263096108846 0.6823985410716376 0.6824876691028287 0.6828168940400714 0.690393392574931 0.691888672663819 0.6946424310563629 0.6958753872244623 0.6962919694887949 0.6971399770573159 0.6974942923657171 0.697632704336308 0.6980977391466687 0.6981412450133724 0.6982104667611891 0.6982992905301331 0.6986466006293818 0.6990015036118556 0.6993388588047532 0.7001169919694926 0.7001202633966113 0.7001492822742467 0.7004478731659122 0.7006406983581223 0.701420531572786 0.7019783415669263 0.7024630411958578 0.7034350855189113 0.7034704794861492 0.7039481783531537 0.7044657862653022 0.7045330326042746 0.7045866857467505 0.7049675418921957 0.7051980013175317 0.7072026448294618 0.7072097695494587 0.7072151492881804

UCB,40 0.16580037697110672 0.18420752532691492 0.1807610907171093 0.18851248254472028 0.1781787181092806 0.15063746338984516 0.182195343374396 0.15773994557977283 0.1804187117340896 0.18760965922521478 0.182195343374396 0.23407682353374376 0.1789738718378016 0.1970286852963232 0.18031634908466856 0.1845330653397358 0.17486653197910818 0.17590867481699884 0.16580037697110672 0.1263707391158103

UCB,9 0.21041893588558558 0.18496513818944513 0.24930161759127917 0.18385913775566554 0.23912924460269985 0.26183084991299954 0.18496599819416037 0.26567220072281433 0.27253964488002813 0.20123298078684976 0.26625377341135564 0.2669041367730442 0.1807610907171093 0.19071191457056766 0.23592254278918404 0.21589349638347813 0.19435511983797132 0.19354385614479383 0.26279909029986237 0.1748024450328748

PI,9 0.21041893588558558 0.18496513818944513 0.24930161759127917 0.18385913775566554 0.23912924460269985 0.26183084991299954 0.18496599819416037 0.26567220072281433 0.27253964488002813 0.20123298078684976 0.26625377341135564 0.2669041367730442 0.1807610907171093 0.19071191457056766 0.23592254278918404 0.21589349638347813 0.19435511983797132 0.19354385614479383 0.26279909029986237 0.1748024450328748

EI,15 0.16580037697110672 0.19356401563546735 0.24933861298442037 0.1976687489789846 0.1970286852963232 0.19391956155318857 0.17448081266607865 0.18420752532691492 0.19152084129471755 0.18907406362889176 0.19238976887870998 0.21048896836494213 0.24418794923174328 0.24174428759312858 0.19270013721548485 0.19092333262183944 0.18573230291478607 0.17672642272238376 0.18456948355052208 0.2341589147361463

b2,40 0.16580037697110672 0.160885740048166 0.16580037697110672 0.24612232681807256 0.1263707391158103 0.17313782530453786 0.2579814528114104 0.1748024450328748 0.25991569563605255 0.16557988788160943 0.1807610907171093 0.16580037697110672 0.16580037697110672 0.1879527269367748 0.23592254278918404 0.15773994557977283 0.1263707391158103 0.1855803224453388 0.1744536345470422 0.1180782808254657

progressive,40 0.16557988788160943 0.160885740048166 0.1609153034319256 0.2946204134287297 0.1180782808254657 0.15973848697131027 0.1804187117340896 0.17355571254300622 0.44622623546296575 0.16557988788160943 0.18188958612357273 0.17147758523752077 0.15773994557977283 0.18826143273819437 0.1609153034319256 0.15773994557977283 0.18474071140597814 0.16580037697110672 0.12972896738915107 0.15773994557977283

progressive,15 0.17731818549304 0.160885740048166 0.18821618764980194 0.3648525752598612 0.17869445204403003 0.1979510249710087 0.1804187117340896 0.16744982142108403 0.44622623546296575 0.18350211313552167 0.1811343361063167 0.2538186072920947 0.26821712696199607 0.20346762115458022 0.2579814528114104 0.15773994557977283 0.19498561161586303 0.2674589646618271 0.19210117717142497 0.23574968663330786

rand,15 0.21041893588558558 0.160885740048166 0.18732354547766147 0.17673398682473454 0.1781787181092806 0.23592254278918404 0.18926120993452172 0.17746021524903405 0.25713622820779924 0.20099788870848181 0.18879449665781675 0.1808319980479174 0.2554925083609279 0.19919245599083055 0.24244361712016543 0.17244251960109291 0.1927516123767345 0.16744982142108403 0.19210117717142497 0.240917421432403

UCB,15 0.16580037697110672 0.19356401563546735 0.24933861298442037 0.1976687489789846 0.1970286852963232 0.19391956155318857 0.17448081266607865 0.18420752532691492 0.19152084129471755 0.18907406362889176 0.19238976887870998 0.21048896836494213 0.24418794923174328 0.24174428759312858 0.19270013721548485 0.19092333262183944 0.18573230291478607 0.17672642272238376 0.18456948355052208 0.2341589147361463

SimAnnealing,40 0.15063746338984516 0.1343127793375757 0.15773994557977283 0.23407682353374376 0.17869445204403003 0.1771429992300062 0.17018688540334245 0.16744982142108403 0.17672642272238376 0.1768475174759556 0.17018688540334245 0.18612779340613575 0.17541030421996073 0.20346762115458022 0.18228933697101718 0.15773994557977283 0.17746021524903405 0.15773994557977283 0.12972896738915107 0.15773994557977283

bonr,15 0.21041893588558558 0.160885740048166 0.19086691877868728 0.266942221537523 0.18489658914007154 0.18095908300988547 0.1815016216726666 0.18813528079490616 0.23862502269209243 0.1768475174759556 0.18188958612357273 0.19841145039483243 0.26821712696199607 0.1873529802217522 0.24244361712016543 0.17244251960109291 0.1927516123767345 0.18851248254472028 0.1781787181092806 0.20169489674312197

ExpProgressive,9 0.21041893588558558 0.160885740048166 0.19086691877868728 0.36589986160626414 0.18616360587496136 0.1979510249710087 0.2580794891438726 0.19922661473158135 0.44622623546296575 0.2523009012003115 0.44691007108021824 0.2538186072920947 0.26821712696199607 0.20346762115458022 0.2633689765743113 0.15773994557977283 0.19498561161586303 0.23273392491504394 0.19210117717142497 0.23574968663330786

PI,40 0.16580037697110672 0.18420752532691492 0.1807610907171093 0.18851248254472028 0.1781787181092806 0.15063746338984516 0.182195343374396 0.15773994557977283 0.1804187117340896 0.18760965922521478 0.182195343374396 0.23407682353374376 0.1789738718378016 0.1970286852963232 0.18031634908466856 0.1845330653397358 0.17486653197910818 0.17590867481699884 0.16580037697110672 0.1263707391158103

EI,40 0.16580037697110672 0.18420752532691492 0.1807610907171093 0.18851248254472028 0.1781787181092806 0.15063746338984516 0.182195343374396 0.15773994557977283 0.1804187117340896 0.18760965922521478 0.182195343374396 0.23407682353374376 0.1789738718378016 0.1970286852963232 0.18031634908466856 0.1845330653397358 0.17486653197910818 0.17590867481699884 0.16580037697110672 0.1263707391158103

SimAnnealing,9 0.21041893588558558 0.160885740048166 0.19086691877868728 0.266846067097651 0.18616360587496136 0.1979510249710087 0.1815016216726666 0.18813528079490616 0.36576723665374966 0.2523009012003115 0.19437419868730477 0.19401606460658874 0.26821712696199607 0.20346762115458022 0.2633689765743113 0.15773994557977283 0.19498561161586303 0.18851248254472028 0.19210117717142497 0.23574968663330786

bonr,40 0.18759022544270193 0.1343127793375757 0.17746021524903405 0.27321268559772427 0.1263707391158103 0.15773994557977283 0.1815016216726666 0.18322156278880708 0.1817211025471787 0.1768475174759556 0.17244251960109291 0.18759022544270193 0.17541030421996073 0.16206230592336474 0.18105741661619987 0.17244251960109291 0.18701475353916983 0.18031634908466856 0.16206230592336474 0.17673398682473454

b2,9 0.21041893588558558 0.160885740048166 0.19086691877868728 0.26350262819836556 0.1804187117340896 0.26323947376101836 0.4848105142076195 0.18813528079490616 0.36576723665374966 0.20099788870848181 0.41480344201661024 0.2538186072920947 0.16580037697110672 0.24423814856008472 0.23592254278918404 0.17244251960109291 0.18156475275187942 0.2648769000902735 0.19210117717142497 0.2040899726274595

