ExpProgressive,40 0.003567753365528895 0.0036953002402303294 0.0030427121315276936 0.0444856310189385 0.039100339750746387 0.060297821178508994 0.03493509390346205 0.0335324512881888 0.0031485615972123176 0.003567753365528895 0.003956961101322045 0.0031126955107711432 0.003297601322407533 0.0342919754490972 0.006541054127224352 0.01396496301355342 0.11175917091914092 0.02667430633805063 0.06631874696255075 0.0650895908598528

SimAnnealing,15 0.05314300430503428 0.09249944818985643 0.03220671522287994 0.030999666617923225 0.039100339750746387 0.003682275572254709 0.0033453768392936803 0.03576152826952687 0.004057109027438634 0.02392819966621884 0.002820681383425205 0.003930777619103516 0.0036453870578707997 0.0342919754490972 0.03397882912416217 0.03769431552360725 0.11175917091914092 0.02667430633805063 0.06631874696255075 0.0650895908598528

PI,15 0.11060608263939632 0.029275759272383302 0.006740223654442929 0.03370018254574625 0.023021326220791807 0.006378087320829396 0.006728316119953276 0.003741240401048897 0.03195364221388859 0.02810253622358781 0.043857645988122904 0.025403559943172435 0.006541054127224352 0.006623034774155322 0.006983506237065932 0.0034050260161267373 0.006378087320829396 0.006805101948783317 0.003930777619103516 0.006805101948783317

rand,9 0.05314300430503428 0.018842757413853998 0.0030427121315276936 0.03357869516333697 0.03128062522777677 0.05747659333024904 0.0033453768392936803 0.02379039432446283 0.004057109027438634 0.04451015295026978 0.002820681383425205 0.029180051332583577 0.0036453870578707997 0.0342919754490972 0.042936645369320514 0.048668261612040284 0.047817617000245234 0.019758609319798504 0.06631874696255075 0.032673674057344844

ExpProgressive,15 0.05314300430503428 0.09249944818985643 0.03331632514270435 0.0444856310189385 0.039100339750746387 0.06408000834424506 0.045516123520584685 0.048552808450329485 0.004057109027438634 0.01894501824685188 0.002820681383425205 0.0031126955107711432 0.0036453870578707997 0.0342919754490972 0.042936645369320514 0.06960486990500032 0.11175917091914092 0.02667430633805063 0.06631874696255075 0.0650895908598528

bonr,9 0.09739577124549242 0.018842757413853998 0.04704340143804609 0.03357869516333697 0.039100339750746387 0.06408000834424506 0.0033453768392936803 0.048552808450329485 0.004057109027438634 0.04451015295026978 0.002820681383425205 0.0031126955107711432 0.0036453870578707997 0.0342919754490972 0.042936645369320514 0.006837461641357463 0.11175917091914092 0.019758609319798504 0.0342919754490972 0.0650895908598528

rand,40 0.03272591938408199 0.018842757413853998 0.0030427121315276936 0.014947845176910465 0.003356035126217363 0.017309914862995233 0.0033453768392936803 0.016336087092305416 0.003567753365528895 0.006892178698426984 0.002820681383425205 0.003930777619103516 0.0036453870578707997 0.032753018599549225 0.0026782698402051247 0.003941045304632119 0.004408230321348115 0.019758609319798504 0.023021326220791807 0.021778911533161697

b2,15 0.05314300430503428 0.018842757413853998 0.0030427121315276936 0.03357869516333697 0.039100339750746387 0.06408000834424506 0.0033453768392936803 0.048552808450329485 0.004057109027438634 0.03150940046923375 0.002820681383425205 0.04354357227548682 0.0036453870578707997 0.0342919754490972 0.03455103468487046 0.10025246654335553 0.11818070426826571 0.006760640069765232 0.0342919754490972 0.046619609569066495

EI,9 0.11060608263939632 0.013675504444744717 0.10520976283356245 0.03405428007071599 0.0838470491048274 0.04793965760428607 0.03599298690677663 0.03370018254574625 0.02184487712103739 0.10928901486386285 0.059331091699496345 0.018839936293638847 0.03569397942661558 0.048369507878671676 0.016336087092305416 0.019552927712836742 0.009413964874705324 0.11418228801769194 0.03418868017144466 0.025917754737827408

progressive,9 0.09739577124549242 0.09249944818985643 0.04704340143804609 0.03331964999055224 0.039100339750746387 0.06408000834424506 0.0033453768392936803 0.048552808450329485 0.004057109027438634 0.04451015295026978 0.002820681383425205 0.04354357227548682 0.0036453870578707997 0.0342919754490972 0.042936645369320514 0.1039575524695808 0.11175917091914092 0.019758609319798504 0.06631874696255075 0.0650895908598528

base,3840 0.0026782698402051247 0.002820681383425205 0.002875607959487928 0.0029759914376652195 0.0030427121315276936 0.003047131538659799 0.003080434814755245 0.003084259094481409 0.003088686680657225 0.003090087169367673 0.0031126955107711432 0.0031485615972123176 0.003199228485653673 0.003297601322407533 0.0033359730050897423 0.0033453768392936803 0.00335150204957041 0.003356035126217363 0.0034040126271243066 0.0034050260161267373 0.003499207268949728 0.003522899271809022 0.0035309208388052122 0.003559383847938215 0.003567753365528895 0.0036024724354426613 0.0036453870578707997 0.003682275572254709 0.0036953002402303294 0.003741240401048897 0.0037506480474352346 0.0038651241490413927 0.0038961496711869496 0.003930777619103516 0.003941045304632119 0.003956961101322045 0.004035302319159391 0.004057109027438634 0.004147136682713346 0.004243129283110947 0.004394243105458983 0.004408230321348115 0.004453741343476635 0.004771161503009482 0.00540826777850318 0.0055513307113355045 0.006295043794206746 0.006378087320829396 0.006490809835259083 0.006503984157013489 0.006519223575864257 0.006533412732895652 0.006541054127224352 0.006623034774155322 0.006639740889150877 0.006704102354762758 0.006709655036687211 0.006728316119953276 0.006736811505210604 0.006740223654442929 0.006760640069765232 0.006778135999841413 0.006805101948783317 0.006837461641357463 0.0068521887224686105 0.006892178698426984 0.006983506237065932 0.007177819489470955 0.008042816743522927 0.009413964874705324 0.010762034568832514 0.010854686795158172 0.011235165274259776 0.01182056126742338 0.011875349158181938 0.012417970160916178 0.012481443849369315 0.013197358211738947 0.013353963636293781 0.01344992200895352 0.013675504444744717 0.01396496301355342 0.014556165568596024 0.014947845176910465 0.015363117914900037 0.015525984766043843 0.015917653888393446 0.01598211128610774 0.016014136571693732 0.016336087092305416 0.016831405208228706 0.01686291912865361 0.016902389097663218 0.016911102439531457 0.016998288135245274 0.017017194891852203 0.017030565361659006 0.017157260329210392 0.017169731815078342 0.01720627807643967 0.017238526489922724 0.017309914862995233 0.017329076423652327 0.01751600589049174 0.017699936785354982 0.017749239420992463 0.01778494663105322 0.01778771931491869 0.017822350619508764 0.01799198577836841 0.01801196655706038 0.01807581580522297 0.018104386380888002 0.018440927926985595 0.01846203770387359 0.018547018012602123 0.0187366766621201 0.018785824249035816 0.018790248297467425 0.018794926311824913 0.018811843954308 0.018839936293638847 0.018842757413853998 0.018858998770234694 0.01894501824685188 0.018975426491487448 0.01900284339512058 0.019019957662139746 0.019042778444518092 0.01906872943554394 0.019073273186958322 0.019124447630935563 0.01912759730750536 0.019160987081612752 0.019164871545054356 0.019175496009501015 0.019236105096506022 0.019241577241982465 0.019279483202737088 0.01930847643413646 0.01934767516421351 0.01949101898543711 0.019493929130068664 0.019525890849962133 0.019552927712836742 0.019580444632210158 0.019729181897903753 0.019736802896577112 0.019758609319798504 0.01979759032475464 0.019835556030604693 0.019840427012278297 0.019880852805496837 0.020056975749383654 0.02012487180457564 0.02021145338305445 0.02028291928249343 0.020339293724696113 0.020528224184392985 0.020582433958219966 0.020591417108962232 0.02060711411260927 0.020828269649064632 0.02089866362094162 0.021011078720107778 0.021100306985180395 0.021243891991998852 0.021261620457691775 0.021565418619383242 0.021584331133116707 0.02160056918008924 0.02174773077256357 0.021778911533161697 0.021808072839055264 0.021815541062595846 0.02184487712103739 0.02185962044196099 0.021864857568320042 0.0219082050161982 0.021976888801163795 0.021988369121881728 0.022012267252599024 0.02204129162650798 0.0220847556341711 0.02217588428688378 0.02217651575705328 0.022212633850418037 0.022271086710234922 0.02228165875531859 0.0222970290126305 0.022345701107784895 0.022356779015732124 0.022359262440387145 0.022413299282992967 0.02243561153717 0.022459869806901175 0.022541392465568407 0.022649930703866086 0.02270108089885911 0.02272390619771637 0.022859395239000813 0.022870211399688183 0.022876016597918637 0.02301147458164507 0.023021326220791807 0.023036510114695583 0.02305677024202963 0.0231229282966084 0.02323526675016712 0.023305978960296517 0.02332550736845582 0.023461670777008097 0.023515471769135623 0.023538210579315596 0.023545313521374574 0.02379039432446283 0.02381501562560516 0.02392819966621884 0.024164511973305044 0.02428885054831685 0.025348847876168177 0.025403559943172435 0.02580442715503399 0.025815937640083244 0.025917754737827408 0.02667430633805063 0.027399570013737943 0.02745650614147684 0.02747031970923601 0.027907613453736945 0.02810253622358781 0.028953187867563082 0.029180051332583577 0.029275759272383302 0.029470511502469418 0.02953913950090319 0.029541290882440025 0.030382442671206288 0.030537551920379956 0.030622010645283502 0.030635808083545008 0.03075073193844621 0.03083683495676838 0.030999666617923225 0.031009163143350987 0.031056511291593855 0.031136057640224705 0.031243909157619047 0.03128062522777677 0.031390375257356634 0.03145754060509828 0.03150940046923375 0.03158191276144112 0.031698493168916105 0.03173843622879357 0.03180894138298303 0.03181655745208902 0.03189096364825736 0.03192238182991233 0.03195364221388859 0.032011088389058924 0.03212313992515092 0.03219091909768881 0.03220671522287994 0.0322479444509979 0.03232759681713776 0.03233102557384473 0.032376161309875445 0.03256039084132694 0.032610526277389404 0.032629333904858504 0.03263045263500228 0.032636013401671965 0.032640720270117635 0.03264128336177054 0.032658429435208254 0.032673674057344844 0.032691595929200415 0.032703989632379 0.03272591938408199 0.032728421599684226 0.03273133779925209 0.032753018599549225 0.03276924439909203 0.032805811278824044 0.03283877962738261 0.032848718270903535 0.03287641468516572 0.03288029595487766 0.032899358222853635 0.0329369849596724 0.03295346642024144 0.03304174972469533 0.033109412996997274 0.033112205443537504 0.033121786157128255 0.03312466811441461 0.033148811065382706 0.03315334834018902 0.03318295799418019 0.03320672858411654 0.03324064009800841 0.03331632514270435 0.03331964999055224 0.03334643151419717 0.033387507787612763 0.03339903479275427 0.033417143266830394 0.03343851177491923 0.03344475783015623 0.033457038643538786 0.03351403995133362 0.0335324512881888 0.03353591739211657 0.03354571171457063 0.03357869516333697 0.033593823078126105 0.03363328329722621 0.03370018254574625 0.033725591250631806 0.03376180774812585 0.03376240467409279 0.03377015114070721 0.03379208424684697 0.03380490474113227 0.03380780770408904 0.0338866864542571 0.03388969567448915 0.033952134649822004 0.03397882912416217 0.03399639659243625 0.034043458074301286 0.03405428007071599 0.03407162455932071 0.03411784398120907 0.03418868017144466 0.03420229343173087 0.03422168685628333 0.034249564745060204 0.03427118853018118 0.03428050126546086 0.03429019198113282 0.0342919754490972 0.034304815217508285 0.034359368451000974 0.034474663348419685 0.034493298813455905 0.03450235940720612 0.03450249829798085 0.03451473051435202 0.0345163591328054 0.034517753664298406 0.034551003435151495 0.03455103468487046 0.034559008648570914 0.03456005721223224 0.03456630181597538 0.034597032618301084 0.03460417427846145 0.034606116120905986 0.03460688717933533 0.03462785851205914 0.03464041494691503 0.0346568012519647 0.03468239061031932 0.034697361226108975 0.034749324726979385 0.03476149304070078 0.034775186137735795 0.034791778461214506 0.03479380846825508 0.03481043026289392 0.03481935355317902 0.034849856908982624 0.03487399493628535 0.034877045761954696 0.03488328953972235 0.03491384888778509 0.03493509390346205 0.034956668029873704 0.03500208279360402 0.03501198206670111 0.03502420730843472 0.03503042097613613 0.03505554030228924 0.03510596167556318 0.03513020147711826 0.035156328750076356 0.03517905501699314 0.03519168069315894 0.03522184236850175 0.03523058334824455 0.035264844416082776 0.03531638136247455 0.0353901330169818 0.03548967308258883 0.03549305971408725 0.03549928514960604 0.03554765438499275 0.035572842360987345 0.0355817096337092 0.03560570373752235 0.03560681271670881 0.03560861242196255 0.03563082015209311 0.03565125072471776 0.03569397942661558 0.03570052693416009 0.03573035783430353 0.03576152826952687 0.035785640796260065 0.03578855866620458 0.035837204208283686 0.03585264347001216 0.03585939297714798 0.035898558353295536 0.035910801528725556 0.0359382490928199 0.03594400175523252 0.035992825271033334 0.03599298690677663 0.0360697037738817 0.03615164375929661 0.03615741266425009 0.03615775206996105 0.03616391692495491 0.036169990842627044 0.03619706330876516 0.03624449182684618 0.0362620636058418 0.03628231998090656 0.03629221209754911 0.036361653701833106 0.036383231679179395 0.036432530138035275 0.0364509523543996 0.036480641586724025 0.036488934509055916 0.03650252338401101 0.03659012790831953 0.03660710576030077 0.036618067842602395 0.03663948463290682 0.03668542985159457 0.036752283445224854 0.03678859345558644 0.036834489003336315 0.03683459846802604 0.036836348567464657 0.03684710104638143 0.03686870924037674 0.03687411081954262 0.03687776949106319 0.03692587061675059 0.036957041897383025 0.03695789254242028 0.037020436897764235 0.03707249450380841 0.03714822220554762 0.03721009070696378 0.03733730397966868 0.03737721076825467 0.037390153784061166 0.037441141653043034 0.037474925307165056 0.037496393782491005 0.03756871434528557 0.03766961954684371 0.03767889899291977 0.03769431552360725 0.03783731674803911 0.03789924133501046 0.03799277096283334 0.03800344028414813 0.038175773681692275 0.03822163746391835 0.038395440225486875 0.038475414122793095 0.038632162451299745 0.039100339750746387 0.039129006638559574 0.03934324840086311 0.039996773112326224 0.04021804110923467 0.040580511884790484 0.04073608551747458 0.04221352096323542 0.042257044380355754 0.042711449637504055 0.042936645369320514 0.04304679068962746 0.0431720334649092 0.04348870158677997 0.043507407420367565 0.04354357227548682 0.04358015136671802 0.04368974001403839 0.043696046783712916 0.0437084780633235 0.04383712136191847 0.043857645988122904 0.04388821681151406 0.043939758638171844 0.04408633015631944 0.04427523791514099 0.04432748300388384 0.044366823578679236 0.04440709792087266 0.044445879004564426 0.0444856310189385 0.04451015295026978 0.044562042232665564 0.04463918316307074 0.044676816233092505 0.04470256905140797 0.04479649747932855 0.04480568913853704 0.04482715043411135 0.04493084244423341 0.044988350611709624 0.04498842760408003 0.04502206384074603 0.045049798073221695 0.045089203028841326 0.045177380397921546 0.045198832883760316 0.045201983022368136 0.04525049826415504 0.04527532070950986 0.04535840527710245 0.04548553937596215 0.045494662392165194 0.045516123520584685 0.045540699726275974 0.04559520330323734 0.04561656832583422 0.04561715980198585 0.045622128060234864 0.04562313252964894 0.04563790457515049 0.0456380655178063 0.04565641911608979 0.04567146697193379 0.045692786851487845 0.04572931591428262 0.04584518662278893 0.0458756920365749 0.04590004435408103 0.04596399360699949 0.04596739234642563 0.04601579835339484 0.04604318233196661 0.046095167440787836 0.046104308795072185 0.046110533054151484 0.04613791738491967 0.04624654259690183 0.04624764944678537 0.04625684383230577 0.04628105409514625 0.046336756862949545 0.0464278235152971 0.04643405880431407 0.046451850568297426 0.04652503606742239 0.04653720931028969 0.0466104666656317 0.046619609569066495 0.046635803870338915 0.04665041308279423 0.0467109640215318 0.046723348277411904 0.046726493150291024 0.04679034773715898 0.0468244223116903 0.04687263463774577 0.04688779482505007 0.04691231079010313 0.04692142795028264 0.046936561698547485 0.046988452752059075 0.04699154706750622 0.04704340143804609 0.047052530393865186 0.04712563447436538 0.04713171780867102 0.047153173191002866 0.04715806691226745 0.04715917140860752 0.0471804211425232 0.047189606407447 0.04719313221166929 0.04722925207182455 0.04734834883620086 0.04737280815870112 0.04738473309878749 0.04741833922802106 0.04743973482571229 0.0474426345692545 0.04751898114042375 0.04752809009869907 0.04762890188407257 0.047692580053029045 0.04769561813848402 0.047711550053238024 0.047765955508445895 0.04777210238807644 0.04777527064971197 0.04781496143205162 0.047817617000245234 0.047863573248383376 0.04786947458795516 0.04788184592965764 0.047896901459269364 0.0478979439551641 0.047899884235190676 0.04792132660322133 0.04793965760428607 0.04808154065365809 0.04811035147274271 0.04811342324278343 0.04815607884207324 0.04815903798617803 0.04817443287318782 0.04820794360306368 0.048278093178503664 0.048369507878671676 0.04836956427465127 0.04839094210651545 0.048397168564719366 0.048409069327276226 0.0484392829763675 0.04843968364174237 0.048477305534849156 0.048503488914251706 0.04851888984346983 0.048552808450329485 0.04858892964122699 0.048592401589725276 0.04864980773856742 0.048668261612040284 0.04874152004940736 0.04875970268556823 0.04875973040982051 0.04881163609196817 0.048823756354992115 0.04886636544070234 0.04887857996792524 0.04891966081629855 0.04892133481214034 0.04892427906530421 0.04894923423196705 0.04902835723970745 0.04911028367612338 0.04915256326310011 0.04917133255080064 0.04918060137334672 0.04934228691749766 0.04935413583844197 0.04936342527164468 0.04936659684280035 0.04938191610036375 0.04939676243074659 0.04949746144319416 0.049543332886488094 0.049570642582552116 0.04962252040055654 0.04963187148020465 0.04968071145123545 0.04969571596423878 0.04983593174441185 0.049869434166533014 0.04989683653299866 0.05001592581410519 0.050016068240598274 0.050070569715379196 0.05009424368356554 0.05015297380473338 0.050177336931971045 0.050217074515026876 0.050281116315477936 0.050378631250904374 0.05043034017113242 0.050567483319278524 0.05062254599182811 0.05085429236709808 0.05109133247274909 0.0511133190471628 0.05118682964827375 0.051326777230910316 0.051364489341612064 0.05142682235873145 0.051469966427115627 0.051754929565247534 0.05226272390871573 0.05314300430503428 0.053200742148675755 0.053250163404507764 0.05329059159328478 0.054036368422175365 0.05413546845264588 0.05419496109328815 0.054258017707666036 0.05472632438224394 0.05571166654689219 0.05579847284426173 0.05630880307599183 0.05647460474033381 0.056504799195821326 0.0567846104931336 0.056815184746935074 0.056850870359361136 0.05690862640148234 0.05696337445974534 0.05703104733034217 0.057033068638580986 0.057271267449069026 0.05743484925167965 0.05747659333024904 0.05752790348814959 0.0576886313659968 0.05783328980866454 0.05798370085589373 0.057992535896077696 0.058369988576067906 0.058470462577767036 0.058471881191615206 0.05852129497353587 0.058559151227371646 0.05865567668912353 0.05871916931842553 0.058866725054073754 0.058915666821945746 0.05896862531358572 0.0591496666124615 0.05917687247251145 0.05923999682129345 0.059331091699496345 0.059543401275925376 0.05954609055759754 0.05972459800631407 0.059742290212740225 0.05979087614507792 0.05983676718134365 0.059918491973757884 0.060004170107251203 0.060074676870234 0.06009585377764148 0.060297821178508994 0.060487713174560476 0.06079092765994114 0.06083818733372768 0.06117211023377078 0.06117952280107512 0.06118638263518402 0.06124297133194283 0.06152034456129608 0.06165274620332386 0.06165682266960003 0.06173347345346733 0.06200087754743947 0.06203820447119267 0.0621554543016199 0.062190655685570174 0.062228005826271277 0.062382029884477226 0.06240110940063077 0.06246566056850552 0.06257146541815675 0.0628005779223361 0.06306620967092541 0.06306969930644327 0.06313297041505551 0.0631721500182555 0.0631991162489127 0.06330110513305287 0.06332460646065387 0.06332525671081006 0.06353360789792288 0.06365255538910611 0.06369561150580197 0.06396091872788168 0.0639895549458976 0.06400979429149944 0.06401100257208318 0.0640329274280919 0.06408000834424506 0.06410498122708992 0.06417737519399333 0.06418564422824277 0.06422084219663537 0.06422601343936009 0.06434541791766027 0.06454163762096074 0.06481704829170243 0.06483406664886439 0.06483941339555349 0.06487046603741371 0.0650895908598528 0.06523634591529434 0.06526032135939396 0.06569089278062941 0.06578751619207562 0.06589085668521875 0.06589086624160145 0.0659582469849981 0.06597936852246458 0.06606172585135985 0.06620521465095053 0.06626036644995051 0.06631874696255075 0.06632393725100935 0.06638193567031238 0.06656925616132414 0.06664763683621837 0.06680855977526452 0.0669944194907537 0.06702488998226357 0.06723226317265929 0.06730854217123097 0.0673754777548498 0.06738494395210191 0.06743103408584378 0.06747212520051535 0.06747324757997421 0.0678581062392641 0.0679705565071381 0.06799136607655859 0.06806726682055789 0.06829950488036321 0.0683602773635741 0.0688021807925294 0.06886845514538018 0.06891557639700285 0.06897821598678358 0.06923650276836417 0.06937246567307404 0.06938492273366902 0.06948125437514055 0.06952362831320606 0.0695856365683621 0.06959828364687343 0.06960486990500032 0.06994954772179997 0.07013944238468231 0.07030817960181175 0.07079059608896159 0.07085728537557445 0.07100387436276 0.07116472967034652 0.07132073281305198 0.07149766012466299 0.07157728748422854 0.07160015027276981 0.07166851528116935 0.07197567334396177 0.07206299486797056 0.07227110609213167 0.0723629509910058 0.0726147265908617 0.07262090476219485 0.07272521405837322 0.0727793295722002 0.07303558899740122 0.07341111585271898 0.07355276565382433 0.07360928601251494 0.07410014981274954 0.07411175408750366 0.07416415924590683 0.07419509751304124 0.07423430092911143 0.074237333918914 0.07433794051971714 0.07451129770748845 0.07456659970362632 0.07471614257011516 0.07474097866212587 0.07475906020630477 0.07502963473831599 0.07518556838376637 0.0752364354344292 0.07530135138323735 0.07585927984109547 0.07635622557388137 0.07647208717813321 0.07656963771338138 0.07684215337876935 0.0769795369656529 0.07700866217732565 0.07701780622721355 0.07703578742471676 0.07711877412311173 0.0771831098630157 0.07725561167785405 0.07729942568760786 0.07732451738205012 0.07733792745342806 0.0773835543956549 0.07742013338517316 0.07758184391511441 0.07762900026713974 0.07812053010632425 0.07817329043113373 0.07819768532466516 0.07832116159207496 0.07837923457469781 0.07848121681318256 0.07848985598222069 0.07854946191014246 0.07863975509317607 0.07870110801624874 0.07898942799196212 0.07899340872823368 0.07904279849422825 0.07918099023999435 0.07944782147242664 0.07962663070569735 0.08019141887036582 0.08023610017265853 0.08052389509307296 0.08093083052792219 0.08095376828002407 0.08118852210086239 0.08132754155426772 0.08202431968665466 0.08203607856733548 0.08226227298729187 0.082362297878962 0.08319765968424897 0.08320070975041975 0.08342936791313706 0.08358180547141333 0.08358281123431766 0.08384399999280945 0.0838470491048274 0.0846298537431862 0.08524900139535384 0.08545984535116455 0.08559740591135122 0.08600177211805118 0.08639276799504225 0.08656349864124262 0.08672813195534868 0.08686530090620055 0.08728301018385529 0.09039855246330246 0.09102561115083811 0.09217496867742071 0.09249944818985643 0.09288664153771382 0.09298254451272217 0.09405878021775863 0.09445916566952914 0.09481193035230123 0.09507427888514643 0.0955055331250588 0.09554776773333537 0.0965055295788403 0.09719455337273131 0.09739577124549242 0.0976244308683956 0.09806440363962164 0.09820535025141615 0.09834597332371944 0.09844801684063358 0.09853694383583521 0.09917125597282112 0.09933628993754559 0.10010612426889846 0.10018539308903571 0.10025246654335553 0.10029583790138118 0.10031288134035053 0.10039683417829623 0.10063356214725935 0.10082563361350814 0.10086939840754665 0.10100551223590287 0.10109043524444447 0.10116709579497182 0.10128716395798751 0.10137441204527653 0.10151770535102973 0.10157835811987248 0.10176160806513425 0.10188355659779563 0.10194758158550346 0.1019750196907096 0.10203718131785569 0.10220082324806884 0.10233172495930874 0.10259488890373358 0.10286342762584826 0.10299140680728751 0.10318233249393119 0.10324403614710709 0.10333782158315184 0.10334391796842861 0.10341098899902 0.10357562274835311 0.10373110997484884 0.10375104031802433 0.103846963338215 0.10386220667655502 0.10392987646612219 0.1039575524695808 0.10396586489357837 0.10403458723032939 0.10411967032840204 0.10436830503717545 0.10440793687786083 0.10441403412864966 0.10456342401029387 0.10461618853017521 0.10462747273742266 0.10477802606627817 0.10480732540683202 0.1048439102468574 0.10484970358651895 0.10485731818521188 0.10493282400042356 0.10498720312446784 0.10514268954492158 0.10515183572301409 0.1051884214928646 0.10518894045653185 0.10519451856445135 0.10520976283356245 0.1053022892129686 0.10531956456639563 0.10532258027149385 0.1055687171906075 0.10561583841990244 0.10571280930626721 0.10571568761945117 0.10571585813682297 0.1057294542737917 0.10581760718649545 0.10584695516624858 0.10589268731798769 0.10593842182662809 0.10598719838285156 0.10599810616396807 0.10600549124122298 0.10607256440037759 0.10613963945762625 0.10617317332973616 0.10623964777309185 0.10627378265470219 0.10630122157333745 0.10637861124609468 0.10639048624415207 0.1064201235154977 0.10647805062019527 0.10651534833927717 0.10652683292443432 0.10653292801130877 0.10655426931869698 0.1066179398492707 0.10662775610726907 0.1066914638768914 0.10673949781768843 0.10675332771010644 0.10681457046457947 0.10689878032501972 0.10695670746776847 0.10696015032518442 0.10697195095135771 0.1070522370296723 0.10720365699371544 0.10733227510727851 0.10743231577170383 0.10745155381502682 0.10750960226780666 0.1075390228609488 0.1075878019201429 0.10760609447213432 0.10760914351557241 0.10765593337889227 0.10767621602660639 0.10770141945373735 0.1077432904358587 0.10774633860906017 0.10776068527841068 0.10779206955325858 0.10785609353830303 0.10788442625129509 0.10788739490466424 0.10792180141298792 0.10793231335378523 0.10796644237896166 0.10799707732876976 0.10801277740342398 0.10807865428508917 0.10808170231796911 0.10811828787380999 0.10811828818812927 0.10813512400004824 0.10816222380835873 0.10819234571314144 0.10820975060707633 0.1082219455792363 0.10826462844416049 0.10831112748646789 0.10831701004639101 0.10844038781427669 0.1084993835778084 0.10852377397925785 0.1085359703420907 0.10855121260841032 0.10858474909922514 0.10859999289196658 0.10862133426772082 0.10862743180547697 0.10862796100725197 0.10866352315737862 0.1086670658480233 0.10873965868184246 0.1087501906326302 0.10875548043018192 0.10877377290340975 0.10878901706836644 0.10881340684328503 0.10881909854757546 0.10882560179788522 0.10882865052001374 0.10883540713092663 0.10884389444699065 0.10886218797014324 0.10888352840182149 0.10888962590431289 0.10894145531880359 0.10895060131610664 0.10897499159280782 0.10898718662165705 0.10900195366223009 0.10903291806490521 0.10907864953993321 0.10910079515914253 0.10910439996662351 0.10914385137988465 0.10915091642633491 0.10915181998728732 0.1091917438274993 0.10925181081327107 0.10928291709864983 0.10928901486386285 0.10930425875452109 0.10934389238473534 0.10934998999121216 0.10936218498454639 0.10937742890338281 0.10949507377751277 0.10949693131734521 0.10949865095591292 0.10950082957767171 0.10952986730976512 0.10953901377476281 0.10955120872790405 0.1095664524809187 0.10957458021931928 0.10966706185944286 0.10968602968620057 0.10968605812648144 0.10970750977140482 0.10972194015385997 0.1097286763927377 0.10973413485037074 0.10973827607706145 0.10975852490838338 0.10981031563154695 0.10984084173547438 0.10984998796418866 0.109856086105752 0.10987437812210833 0.10992925642206454 0.10993840271816355 0.10994754858587363 0.10995364609008808 0.1100085239064123 0.11001266995867488 0.11002986529940854 0.11007022084734419 0.11009388944984999 0.11014876732822264 0.11018840135267213 0.11024327914112829 0.11027376719078785 0.11030484483218667 0.11032559586888684 0.11032966651548057 0.11034693722087392 0.11039571788126518 0.11041096146310958 0.11042390335029625 0.11047193704848064 0.11047498559365945 0.11047498564279343 0.11055425364342386 0.11058778994581278 0.11060303377282694 0.11060608263939632 0.11065825480928008 0.11065888076789977 0.1106647866054289 0.11067738057615936 0.11068614032187106 0.11075305792856033 0.11077071615647181 0.11077071638135406 0.1108012037665888 0.11082864264002383 0.11083001439618369 0.11083169140849945 0.11086620775476247 0.11088352047258525 0.11088407090662471 0.11088961800953653 0.11089571692357779 0.11091705709847119 0.11092315446276851 0.11094144720999945 0.11095864369211017 0.11099632516327405 0.11101461751246668 0.11104815397285428 0.1110518932185138 0.11106339782834994 0.11107864165502597 0.11110912933978231 0.11111217852475185 0.11111827577551486 0.11113351979213784 0.11118017535323661 0.11118587928354626 0.11118839732037326 0.11119449486032262 0.11119449509819938 0.11119812568067806 0.11120979277137293 0.1112219340766041 0.11126461654095585 0.1112859579320099 0.1112981530345835 0.11130425053492624 0.11134388451240645 0.1113530308180574 0.1113562021740527 0.11136522587971416 0.11136827467496768 0.11138656751775675 0.11138827784744366 0.111405882633399 0.11142010470757044 0.1114214278393859 0.11144207465413607 0.11145059141304092 0.11145760131987753 0.11146275550374057 0.11146583525143208 0.11146648250968708 0.11147193293578722 0.11148412786364852 0.11152681092612554 0.11153900568394857 0.11161827416473183 0.11166400527526184 0.11166705616142542 0.11167315163617779 0.11167924930195945 0.11170364000413092 0.1117249805718616 0.11175917091914092 0.11177903363825815 0.11178290771094133 0.11179205347637758 0.11179205350766316 0.11179510249497669 0.11179510261442636 0.11180424869731623 0.11180729734488186 0.1118072973667805 0.11181198103196788 0.1118347372885889 0.11184845496249429 0.11186217524252691 0.11187132243473913 0.11192434643148819 0.11193534568190218 0.1119552955914276 0.11196278501403172 0.11198689178626728 0.11200546727883816 0.11200681960601191 0.11207432206137785 0.11208473536188283 0.11210607663131718 0.1121158302041632 0.11216797570733827 0.11217010081036158 0.11218534486861131 0.11219510824671844 0.11222192983339176 0.11223107619421886 0.1122341250718266 0.11224936892671218 0.11227071012900211 0.11234083180394203 0.11234083192349362 0.11242009995477248 0.11242412073254782 0.11243534361611403 0.11245058747479778 0.11252070972823248 0.11253290432255854 0.11255424586991815 0.11256948964635531 0.11258890735698311 0.11268839167352526 0.11269144053665704 0.11269198304523806 0.11270973278949566 0.11271278155797132 0.11271417185300828 0.11273717170758374 0.11276156184438904 0.1127699293916251 0.11277680571112503 0.11279204955365035 0.11279814709586716 0.11280792412867156 0.11283778139131567 0.112868269066825 0.11287741511880821 0.11288146797975963 0.1128851512958317 0.11292009783892662 0.11294503005392084 0.11296945701954987 0.11298886243469701 0.1130024148489277 0.11300611788632411 0.11300851215381416 0.11301221649710669 0.11301765838744093 0.11301890427906713 0.11302680473927591 0.11306643908275138 0.11309149284890094 0.11309997516636001 0.11310607277837637 0.11310912145980626 0.11311521899479753 0.11311521901429576 0.11311521912538476 0.11312973446602333 0.1131548529876064 0.11315540839405709 0.11318650792301575 0.1131870321359423 0.11319448698937852 0.11319753580680846 0.11320266489807825 0.11322586462126223 0.11324079602673676 0.11325851111511338 0.11328290128172207 0.11328995999176766 0.11330486501018629 0.11331338928606575 0.11334082786836297 0.11335367438071439 0.11335918395089144 0.11339875493447397 0.11339930778674076 0.11341478494941504 0.11346582742757642 0.11347802275512656 0.11348716896540734 0.11349119610525903 0.11349326660181148 0.11349631505621467 0.11350851013876828 0.11351120577778004 0.11354509533569468 0.11354723482196669 0.11354814413111812 0.11357360223329303 0.11361270534728608 0.11362490381188 0.11363350963761933 0.11366153546231214 0.11366550616435188 0.1136678344659293 0.11367379364915804 0.11368072874723727 0.1136822900033974 0.11368533870170555 0.11368939272446771 0.1137047312478584 0.113734119026858 0.1137674140534726 0.11377375319435022 0.11382313223404258 0.11382621738710771 0.11383777714011989 0.11386043713047601 0.11386887060589836 0.11387741111175917 0.1138809373094358 0.11390230652270103 0.11393219847440908 0.11393928042620007 0.11395734757062145 0.11396277665771104 0.11396410523791703 0.11396582622517375 0.1139719229277048 0.1140184563715783 0.11403433074791999 0.1140389958510369 0.11403985295844901 0.11405728845573629 0.11410431927857995 0.11411826383519352 0.11413574186214924 0.11413960542240227 0.11414626005092005 0.11418228801769194 0.1142158244013902 0.11422192202803597 0.11422497070375341 0.11423106824070572 0.11423411716728477 0.11424114593127438 0.11424690305373103 0.11424936089823479 0.1142585074358651 0.1142743464198499 0.11429204396481701 0.11429814190131499 0.11429915954893924 0.11429970720805414 0.11431033622194724 0.11432960428986155 0.1143469215135699 0.11434746052400994 0.11437613697202856 0.11438045810624074 0.11438099351187497 0.1143909547504514 0.11440179934783537 0.11441917945085918 0.11446887223559628 0.11449771937259202 0.11450015664894614 0.11450545746338163 0.11453748747603384 0.1145471562992364 0.11455423777813052 0.11457015271609067 0.11457557909659942 0.11458167662014909 0.1145847257197765 0.11459862062103837 0.11460366926432343 0.11460974101411728 0.1146142501973058 0.11462831938708382 0.11464265200306412 0.11464570090717838 0.1146517983084911 0.11467009097356692 0.114674498246513 0.11469197136429549 0.11469906285134211 0.11471431930474273 0.11474375906670232 0.11474385990548731 0.11480423675582128 0.11483472441703126 0.11483841144538647 0.11483862826807903 0.11485301702788527 0.11486216333794304 0.11486216359879478 0.1148818798168541 0.11491094364922735 0.1149114971637738 0.11492676501017603 0.11492703773332369 0.11493285845747715 0.11494448040703999 0.11500850422014448 0.11502445072892915 0.11503648370394631 0.11503899191021671 0.11503899207788228 0.11506698247267598 0.1150710397606941 0.1150877722558394 0.11511067181864244 0.11511711510762711 0.11515179636230521 0.11516536705031627 0.11519513049202296 0.11519816115836888 0.11520721194498396 0.11522218680475137 0.11523940126196881 0.11524180807504912 0.11525071660658946 0.11525850352596236 0.11528289339921419 0.11531981160134921 0.11533912378750769 0.11534691750438496 0.1153902508464188 0.115393229086052 0.11542768552380848 0.11544085543250118 0.11545126153900222 0.11546277107537121 0.11546581948463513 0.11548716087941517 0.11550545348167926 0.11550605203700517 0.11551155123698163 0.11553670275322578 0.11556754227561913 0.11560911160985221 0.11562435557433459 0.1156706193199981 0.1157010385058564 0.11573411113925763 0.11574020865430633 0.11574325743371133 0.11574935522659818 0.11576210602470066 0.1157774111691799 0.1157956899990735 0.11581103205282779 0.11581170675825338 0.1158145956742901 0.11582695054209631 0.11584453497399379 0.1158627781598258 0.11586825693572539 0.11588519110256328 0.1158927012719427 0.11591703749323075 0.1159224645564674 0.11592367144105668 0.11595660720397331 0.11596270324418656 0.11599080686873953 0.1160237441225444 0.11603898795481866 0.11604901249716842 0.11607087074353117 0.11608776855941338 0.11609136506322132 0.11610659022897199 0.11610991920687896 0.1161371316719639 0.11618900598092421 0.11620117279101035 0.11623163347813524 0.11624410459867505 0.11625240177986615 0.11629865229782227 0.11631212525279255 0.11635424944948589 0.11635749919278594 0.11637354868742661 0.1164158723420913 0.1164332099396681 0.11643375103250261 0.11643837663523707 0.11643884443778549 0.11646581555151823 0.1164849731372659 0.11652983981185838 0.11654562544908822 0.11658294733109324 0.11661572189861523 0.11663100110568073 0.11663750377341289 0.11666755455678456 0.11670813984527172 0.11674714231260018 0.11674891940092648 0.11676602605229554 0.11677163882889222 0.11678764858341625 0.11681480505290832 0.1168416228219855 0.11684447509134915 0.1168621555178309 0.11687427242873251 0.11689324450513516 0.11690302754859312 0.11690906298894435 0.11692677596423072 0.11694185234505447 0.11694361874792777 0.11694663353158247 0.11694830382941233 0.11699144719538289 0.11699680128326358 0.11699994596969845 0.11701548195422835 0.11703032306160562 0.11703950727402751 0.1170763083680261 0.11709238718798747 0.11711036770966282 0.11716753982536648 0.11717194528481893 0.11717391558221461 0.11718227615220207 0.1171914014417299 0.1172076891530951 0.1172158126222721 0.11725044444379167 0.11725291140080707 0.11725899097582594 0.11726211148970393 0.11727361606771582 0.11728669164833327 0.11730484146441032 0.1173139423580238 0.11733928621226841 0.11734122603526764 0.11737484246469214 0.1173962385812487 0.11740241159495746 0.11742427792121791 0.11751243249735435 0.11753146664055275 0.11753665725060516 0.11755215430784667 0.11760051297340708 0.11760354422016406 0.11768585201122568 0.11770117759017074 0.11770142321932306 0.11772585092345406 0.11776230538827824 0.1177773097250064 0.11780189722896002 0.11781082031271171 0.11781738970918329 0.11782345236011753 0.1178417034599984 0.11787792197960592 0.11788367059813891 0.11790538869659288 0.11793055381562526 0.1179511636508495 0.11814777869628054 0.11815838502690813 0.11816148087409771 0.11817112767204614 0.11817968833541037 0.11818070426826571 0.11819790907071098 0.1182289866784994 0.11824983771040833 0.11826598297463482 0.11829562985499109 0.11830521781602683 0.11841813245395809 0.11845690086580045 0.11846336566574862 0.1184712762726307 0.11848154626470618 0.11848881437846412 0.11849618543251965 0.11853070634163769 0.11854559123196387 0.11855546545346841 0.11859582990764858 0.11859744159845155 0.11863102067215182 0.11863409802465008 0.11863459869401037 0.11863705101272451 0.11868375457321405 0.1187223594128584 0.1187499072188993 0.11875302148581256 0.11876850271539911 0.11878326146599574 0.11880477928461777 0.11886381398584252 0.11893050443069059 0.11894195706844445 0.11894796096843054 0.1190276462993216 0.11903636239290075 0.11906083392684703 0.11906156256476697 0.11906729691667778 0.11911965515704111 0.11913710525446149 0.11914021070425827 0.11918059746862679 0.11919520556640026 0.11920178343827681 0.11920779451225574 0.11921434693269736 0.11926721044440305 0.11927124341312662 0.11927798789711401 0.11931383522694369 0.11938719991124387 0.11943577442083393 0.11944177030080451 0.11946377341859889 0.11946926379922107 0.11951513178688528 0.11954910501651093 0.11959133912814805 0.11964618550370627 0.1196462221507219 0.1196767916408699 0.11968887009387089 0.11969805607239302 0.11971038522538559 0.1197211199034335 0.1197440678580366 0.11974686107198314 0.11975002520540236 0.11978715715736489 0.11978961283022603 0.11979254328414268 0.11981081740888878 0.11981479412139052 0.11982011017604599 0.11983764737471388 0.11989009419003296 0.11991508174716071 0.11992149386325081 0.11993278824661792 0.11996760144349344 0.11998859336213424 0.12002465396727119 0.12006078217130343 0.1200706241739255 0.12014971232814559 0.12015532581959414 0.12018594910668344 0.12019507760042429 0.12019823835851302 0.12024672929362476 0.12024708656360696 0.12024997675147853 0.1202961850448674 0.12030783670099766 0.12033300831604611 0.12037797289003134 0.12040966157731264 0.12043591135318027 0.12043884978766495 0.12047853621057088 0.12049764227075271 0.12051221712448974 0.12051257867280352 0.12052440848847529 0.12053079789966867 0.12056400467765609 0.12057292821769994 0.12057617992301074 0.12058866149303532 0.12063777912478858 0.12074976502643057 0.12077133173290824 0.1208046737787187 0.12081996481444096 0.12082059662767464 0.12090538409250981 0.12095481185976699 0.12096909446479182 0.12097242344384179 0.12099409318275946 0.12099676744074703 0.12103863574173249 0.12106082331158682 0.12111866551572653 0.12111875611044913 0.12117999129079897 0.12119546784233522 0.1212162859621627 0.12128952978713207 0.12131412711600498 0.1213291539723277 0.12134772810054366 0.12138382158658483 0.12139678240108184 0.12140275116604254 0.12142109611377454 0.12144507898636975 0.12147554654835398 0.12149989081618864 0.12150344666788535 0.1215154014533462 0.12157883647785477 0.12162515195690338 0.12165691457782392 0.12167380351483198 0.12170476587984734 0.12171720965150228 0.12172263451030936 0.12172843476922972 0.12180773140957432 0.12181082893169475 0.12185344616286925 0.12186679709273361 0.12190916199359793 0.12192687568047525 0.12194858263106438 0.12196364385014666 0.12197232297592372 0.12198477421779211 0.1219972373062365 0.12199978007000731 0.12200907708690922 0.12201262863705388 0.1220912432846737 0.12211565227102723 0.12213391364921183 0.12217663681296262 0.12218885052405111 0.12218887817903827 0.12219941079399743 0.1222194247222873 0.12222512578775922 0.122253103875987 0.12226873308048825 0.12227726747146153 0.12232604025482993 0.12236569745283721 0.12237172796117925 0.12238370443184897 0.12240239377613278 0.12242974490361683 0.1224359064322224 0.1224724070332667 0.1225120228495223 0.12254010855882835 0.12255165360285517 0.1225546984691565 0.12255529274287383 0.12262486547077882 0.1226914992646609 0.12285965238099827 0.1228778781690969 0.12291144052724938 0.12291162122083218 0.12291448750987327 0.1229230258465343 0.12293731880459613 0.12296034815073566 0.1229725865780779 0.12300444159811971 0.1230274915802507 0.12304623907100333 0.12307702825509592 0.12315224443511881 0.12315886135730668 0.12317362083612034 0.12317960200470066 0.12320086638781091 0.12321922262341231 0.12322851929545843 0.12330465233006195 0.12330783723764983 0.12333216821402448 0.12337476315880833 0.12340911837404293 0.12347236677635431 0.12347562513842472 0.12350587886143202 0.12353335956728283 0.12353902252311114 0.12359134476267244 0.12359644685022528 0.12361557216917317 0.12363086592594194 0.12368883694255228 0.12371913159819337 0.1237681959531054 0.12393886659065667 0.12394869626154338 0.1239510639738656 0.12396612224745762 0.12398165385790681 0.12399676361973465 0.12400903907123274 0.12402801134092839 0.12406084553229667 0.12418886675781812 0.12420354277144725 0.12422960352129483 0.12428935617203042 0.12431076726926613 0.12434709012197358 0.12434732414507693 0.12434743822648398 0.12439656977135355 0.12450624734669861 0.12451204293301672 0.12463084258868873 0.12471325026483447 0.12473762371682712 0.1247541150581418 0.12476858095734628 0.12478418571641216 0.12478933936728041 0.12484112183535041 0.12497239054865242 0.12498153699139891 0.12502980427283 0.12532314662039773 0.12532577351494673 0.1253777966722916 0.1253930049860518 0.125396242005635 0.12545104056092465 0.1254671121274516 0.12547842794038416 0.12561676379777786 0.12562956927106195 0.12563184278297293 0.12571296271157115 0.12574650217532618 0.12601797598123132 0.12618978339156348 0.12623455476979473 0.12623758364279583 0.12624089464728738 0.12630166016330735 0.12635938543798603 0.12640221758401016 0.12641715320746633 0.12642072195889037 0.1265550747541276 0.12672345799313858 0.12684226122187361 0.12699922269105562 0.1270449403792458 0.12734794312107744 0.1275329557752865 0.12755795621346636 0.12781960148370422 0.12796946086478467 0.13002682195560747 0.13017199307481292 0.13034425868105937 0.13250165329486469 0.13393977230450066 0.13606737431232033 0.13819008464862573 0.14290603974548333 0.14490734008256018 0.14640967296744248 0.14668910366851168 0.14821596744629542 0.14849619602160075 0.14899043308789275 0.14914608941664292 0.15017333765082652 0.15076059552828514 0.15197206393944432 0.15283746230930845 0.15311639477040032 0.15359527000506257 0.1538999830551046 0.1540121795231801 0.15693595572911256 0.15702899410242643 0.15775168156265007 0.157802480014677 0.1595296103692791 0.1601480906753934 0.16049379735757024 0.16133398830064355 0.1613813697855545 0.1616168947074931 0.16231683425372304 0.1626423165263281 0.16285917288700408 0.16315923918242456 0.16330207897638738 0.16338884723588623 0.1643807175027837 0.16498442650428707 0.16540082933707148 0.16612558739238575 0.16616646934320667 0.16671863575974402 0.16699644516378 0.16712502016456962 0.16720491597320622 0.16831978117643168 0.16832060640703955 0.16850941783988976 0.1688785984840524 0.1690845191773554 0.16919529842216938 0.1694587148982191 0.1699843489603433 0.1705868129598493 0.1706328449466375 0.17073630350162952 0.17118453466585765 0.1726615027433879 0.17284539560636517 0.1728951951532879 0.17303369869411347 0.17322689738055347 0.17395103787221816 0.17397363118128412 0.17402074874683388 0.17403306735299082 0.17449862300078375 0.17452656691635182 0.17474710887149192 0.1747850306360418 0.17508595004089295 0.17584958738544237 0.1759979559710045 0.17611726879502027 0.17706887695952603 0.1771909517080622 0.17760584783114014 0.17781064417052694 0.17787058525656999 0.1779472527058072 0.1779489041839831 0.1779958439309183 0.17801717685198867 0.1780488362023806 0.17821977747186737 0.17862094291116015 0.17865257964386363 0.17904062860303047 0.17914995493751534 0.17924484165671664 0.17929127307134288 0.1793475207161911 0.17977391826662373 0.17982619867920202 0.17990945343434472 0.1799390080096603 0.18009732907592202 0.18033922061312793 0.18099208431603198 0.18105889661957925 0.18116526490819715 0.18119562304632678 0.18126573276415756 0.18147586195202173 0.18172584895589597 0.18184834440836292 0.18185655931199712 0.18190415376127658 0.1824220781968324 0.18253651984794406 0.18269185346936684 0.18272673606838724 0.18273210344236357 0.1829931763554524 0.1831540542221804 0.1831864411584094 0.18364975436616637 0.18373204452695593 0.18373285235196518 0.18378746218961592 0.18401160183236104 0.18403506366170708 0.1843577983133855 0.18439290634335936 0.18450229959529765 0.1846270439809945 0.18468967000098813 0.18489146813967053 0.18496021605580384 0.1852984571556075 0.18579636097408295 0.18586405412497023 0.18593451117481344 0.18610891058635431 0.18619302735424562 0.18624052604883443 0.1863357233233606 0.18639332483541776 0.18646423403493365 0.186544666781777 0.186872225319445 0.1868855675553799 0.1869227467858518 0.18698323054281213 0.1872071395315911 0.1873893717797552 0.18744635211435517 0.18760161868491484 0.1876411380335692 0.18764304660065298 0.18764643222238295 0.18797127056215168 0.1880077924946045 0.18808301349822582 0.18816405303535175 0.18819738270506717 0.18822499105559115 0.18832880917412864 0.1884611742221324 0.18871709793463642 0.18887463569400745 0.18889210157760977 0.18918240191825147 0.18925305332647824 0.1892569090634545 0.18929016406926338 0.18930896469113223 0.18936382377098743 0.18937048507655027 0.18939323683996165 0.18949367359972705 0.18950863082776237 0.18957567583218124 0.18981827877076107 0.18987472788740986 0.18987682809432593 0.19011023765496032 0.19012041071441815 0.19029532883946532 0.19030697205608288 0.19033404373362886 0.1904180234855031 0.1904564453642512 0.1904840303395096 0.1905379014997734 0.19055602652194015 0.19074057589060797 0.19084405502644375 0.19084918637475612 0.19095133044550194 0.19097398927452336 0.1912057055518613 0.1912751921799192 0.19131987510559867 0.19134953305634428 0.19140018958268254 0.19150543740822834 0.1915782853082992 0.19157851244637758 0.1916751789069615 0.19175018589422607 0.1918278119547007 0.19201337200364627 0.19203133798475322 0.19216078863487737 0.1922568165700009 0.19234063768859858 0.1926994928217281 0.19294365606627212 0.19295093743282574 0.19307754086966117 0.19328816611016267 0.19348400180978625 0.19353778078136577 0.19378194460911974 0.193816422328693 0.19389532519398248 0.19391432758651703 0.1940927250180286 0.19411943596422201 0.19432321651529416 0.194433121157202 0.19453836269132485 0.19456064226957198 0.19457699774026632 0.19473135423171026 0.19474699142677604 0.19492852001999036 0.19506504858175022 0.195235809038183 0.19548266457388963 0.19548357486439813 0.19551690375582315 0.19558116560330285 0.19564830090194038 0.19571153513427406 0.19585484087309354 0.19598695616377837 0.19601046054070892 0.19604284398551544 0.19613887685971026 0.1961610055969826 0.19621726762610484 0.1963081984456463 0.19662295696130117 0.19663732704865797 0.19670282652957405 0.1969821877432226 0.19715456051937555 0.19750808174340823 0.19775736473636737 0.19796596056071913 0.19825810449476974 0.1982994249771102 0.19831640671371734 0.19848927442113667 0.19881618562082595 0.19914587214925888 0.19922085866857472 0.19924591559459173 0.19934348131850493 0.19935033135970445 0.20074317982213685 0.20099687400410474 0.20127949047442753 0.20135181852992012 0.20151303878542612 0.20156954105783542 0.2015817963563848 0.20245897043025934 0.2028788094611318 0.2032064694043603 0.20362842419476404 0.20456329664640915 0.20507566221635629 0.2051216290152077 0.20524449778522047 0.20546101053900026 0.20553162782086679 0.20565102050813477 0.20579527664426714 0.20585072313256714 0.20596047416924823 0.20598338999672666 0.2064934252857 0.2066318231932319 0.20727338352538707 0.2076767786936956 0.2081894860232358 0.20825497633804096 0.2088287480025209 0.20903409973588152 0.2091964564673646 0.20943542630445108 0.20984807979895725 0.2102516601842491 0.21040761968440014 0.21058467435805947 0.21062113409409264 0.21073967022866644 0.21100498009597696 0.2110592671236006 0.21144790324863266 0.21164471540741378 0.2117319968693376 0.21196987876736384 0.21231412469804864 0.21311327779432185 0.2131644245674746 0.2131961685858337 0.21360205376217453 0.2139467064560773 0.21403702229320704 0.2141234332598093 0.21427412076330463 0.21448140534936527 0.21472461439822224 0.21480644609387176 0.21485854181046957 0.21534573973908905 0.21535915769123065 0.21551673177287647 0.21553897528148536 0.2155588090358099 0.21570976007734297 0.21588188662328248 0.21590389373145516 0.21653916893168298 0.21669123008165114 0.21672994152962868 0.2167906878180527 0.21709882841807518 0.21732528641909243 0.21739842568945444 0.21753717297539812 0.2179179867635901 0.21795236072066143 0.21815223946916923 0.21820884532562518 0.2183188499566623 0.21834249163754005 0.2185038713069734 0.2185539817532228 0.218627034890996 0.2188666949692052 0.21894084397692182 0.21938200666162666 0.21943340590563443 0.2194492186350242 0.21947622748837928 0.2195132804237176 0.21958944502359193 0.2198897049256788 0.21992185665952269 0.22019933084844376 0.22043779703765456 0.22043870919926362 0.2207430415288819 0.2207639070015497 0.22078008106894112 0.22078597612236697 0.2208547929823008 0.2210417806837348 0.2211849591775247 0.22123293937775043 0.2214541209600363 0.22145582971402422 0.22162464742492824 0.2219316289352959 0.22195601171980808 0.22205696143091025 0.22205829765042345 0.22206315867863144 0.2220880253044927 0.22214469996769476 0.22232137836721375 0.22248533605318896 0.22250980111477295 0.2228394494154166 0.22284616008066335 0.22289437547869834 0.22297662377373473 0.22312592278637414 0.22314653901584347 0.22324645117158393 0.2233865144878121 0.22356510805136098 0.22365738960541345 0.22392120682207753 0.2240128931381912 0.2242060945925939 0.22429095487105183 0.22431174052695416 0.22437131415993802 0.22448636431598312 0.2245747935136294 0.22467858208297317 0.22477520284393307 0.22486447268710633 0.22488326703791345 0.22491596754696247 0.2249881583748274 0.2250483687769398 0.22510257744438278 0.22519040800025003 0.22530246691101666 0.22560295979022488 0.22564882907143377 0.2256494967476732 0.22572981295400266 0.22574518012025382 0.22593205923022516 0.22609181365441677 0.22611056206511768 0.2261596869230523 0.22617833070247031 0.22635633324799417 0.2264872403309476 0.22665941211708443 0.22672359244767928 0.22677573230058376 0.22688268623395563 0.226952891667493 0.22704326862596083 0.22713208966621296 0.22713519545627817 0.22738296458620008 0.22748776036354096 0.22751968241227966 0.22766570624156868 0.22786047808480442 0.22788631835648895 0.2279743858948481 0.228000977676764 0.22802283898271303 0.22808848553316102 0.22831150797651503 0.22832738623501245 0.22833039540790498 0.2284547974288188 0.22858892985322243 0.22865056877410625 0.22879010060816093 0.22884908288732575 0.2291761488852565 0.22929984805989373 0.22942889797610178 0.2295282986263631 0.22968650568909615 0.22971073494153418 0.22980978965656557 0.22995160549566707 0.2300895047403607 0.23011305104689042 0.2301460204552097 0.2303788727591266 0.23046751758834882 0.2305439293856716 0.23066694972289253 0.230677898823898 0.230730350674929 0.2309527033853465 0.23128079867667206 0.2319483588000213 0.23208009082703496 0.23210350011221315 0.2321194765581657 0.23220633008243366 0.23229590780265238 0.23239735784373497 0.23247198420445278 0.2324842544706283 0.2325555189264708 0.23288786404280185 0.23290954774455833 0.2329940977452848 0.23325750894161557 0.23331406995090345 0.23332761917011935 0.23333187401225416 0.2334175218089149 0.2337712698798714 0.23385012941874814 0.23438114169625635 0.23457413351099474 0.23467350863671085 0.23508505883604816 0.23532887837711786 0.23537069289011267 0.23538122319885937 0.2355374334112455 0.23562917854202065 0.23627420071897023 0.23649569954388364 0.23658287985351592 0.23683348100173973 0.23706365209311667 0.23728923727284834 0.23730773424171578 0.23753320479845028 0.2376873230376509 0.2381405787132987 0.2383293125909267 0.23894012462006678 0.23993814329125374 0.2402700447043591 0.24058396246404434 0.24082020609824337 0.24154037687910834 0.24241659601111287 0.24367036993985816 0.24410877389092941 0.24413063075115377 0.24440905353532352 0.24489676433689528 0.24560309974703554 0.24621840285508878 0.2515293218537897 0.2516411053302046 0.25255576950083664 0.2526455420095166 0.2583878865043373 0.2594380143958032 0.2608984912487681 0.26335692828907076 0.265119938142919 0.266060386318656 0.2673797427419277 0.2690789003156488 0.26935890598107837 0.27149786091031275 0.272157668811248 0.27274353572077625 0.2730424543381124 0.27347638613705694 0.27694730134868456 0.2775798413178807 0.2780399271519712 0.278135636733129 0.27839858725317834 0.2825523185240363 0.2826396878970861 0.28913442112443705 0.2892287050463431 0.29080609365943955 0.2959554875491459 0.29828107003721244 0.30024962931381116 0.30276602869348024 0.30442716907009004 0.3046814780354467 0.30492079676108436 0.30780380360960596 0.30917400604105444 0.3137687320286472 0.31386926421609473 0.3138742834474866 0.3139215316759863 0.3139357194913486 0.31396771113924304 0.3168949116533901 0.3168970696786525 0.31692849321082545 0.31697688745964075 0.3199931354166334 0.32164787688122565 0.3227338730756448 0.3230086971957443 0.3230333241134402 0.32618103429131595 0.32909095044018155 0.3290935174676252 0.3291407944356795 0.3291463992773386 0.3291501057710989 0.3291854540427167 0.33189505275177056 0.33213859346820374 0.3321419156119515 0.33214538291357953 0.3321515130622484 0.33215264736177386 0.33233023849265975 0.33518588495071044 0.33518960987266416 0.33519640034874737 0.3352055806926777 0.3377298138523946 0.33798172699578977 0.33823222539629005 0.338241453953915 0.338256676686355 0.33826762671227656 0.3382871227498545 0.33880162474305836 0.34127931519432747 0.3412806091557139 0.3412824672275915 0.34128305869930436 0.3412834970941562 0.3412837761198224 0.3412857915682685 0.3412884713770615 0.3413425190263774 0.3417265518264056 0.3420077747312887 0.3434780668108056 0.34396233143358734 0.3443288412969666 0.34432909967780956 0.3443301462196497 0.3443312524669087 0.3443315383851486 0.34433178910392165 0.3443326036362184 0.344332813726975 0.3443343764333641 0.3443368486769353 0.3443627190313792 0.34441045796295644 0.34441827799005864 0.34504417562103545 0.34518251812286466 0.34572809266618465 0.3461271663801236 0.34737494707600913 0.3473766809704373 0.3473767464064163 0.3473772313766988 0.34737898244017723 0.3473791092283331 0.34737934839752777 0.34737959374349575 0.34737969629549303 0.3473797733347615 0.3473798118946612 0.34738084220365734 0.34738107050108935 0.34738356460073233 0.34738504483991733 0.3473916492999304 0.34742708905898056 0.34770685314280875 0.34944706584002366 0.3499669767570163 0.35007701635590727 0.35042479583731806 0.3504248696466302 0.3504265936964352 0.350428841194489 0.3504291584899032 0.35042984555573775 0.3504337996586495 0.353388296558247 0.35347635021148405 0.353477159692093 0.3534778936629433 0.3534792902842243 0.353479491039285 0.3534795519275898 0.35351611115282133 0.35359687924642336 0.3543580120548777 0.35652209459597917 0.3565230737847046 0.35652538638735015 0.3565255846181751 0.356525947816748 0.3565263159731588 0.35652648946766535 0.3565272146962507 0.35653314438561656 0.35653451613766346 0.3565384330219591 0.35655246209337393 0.3568732177811014 0.35956702231331494 0.35956801412484385 0.35956845259991616 0.3595713088682135 0.3595714506052696 0.3595723434540637 0.3595726091249279 0.3595750046331412 0.35957618458716173 0.35957711254965247 0.3595775687717265 0.3595801107134123 0.3599217339493438 0.3609195133967159 0.3611248411899928 0.3616336970848918 0.3626161620764218 0.3626169018547262 0.3626194228209847 0.3626195388049775 0.3626203823246404 0.3626214285810766 0.36262390958358015 0.36262433088797186 0.3627337376712967 0.36302921088324935 0.3654248549031734 0.36566396416901065 0.3656657525166847 0.365666917007148 0.3656702918866727 0.36567118575217095 0.3666256424386891 0.3678884041084125 0.36871238949932694 0.36871398686179335 0.368717183858582 0.3687181021413412 0.36871953648051803 0.3687195510047294 0.368719567954757 0.36872062220168184 0.36872455177373187 0.3687280213530207 0.36917995548726396 0.3715182610188613 0.3717582680646287 0.3717601778253009 0.3717612985387384 0.3717625212026403 0.37176256374806876 0.37176329817608034 0.37176637556187536 0.37176683231937807 0.3717674069202143 0.3717692048582668 0.37181577836039964 0.37183171810290155 0.37226168488311245 0.3724465387154767 0.3748105531813033 0.37481080132656563 0.3748109879377236 0.37481117964803634 0.37481153385026866 0.3748116170123512 0.3748123839076855 0.3748138674767237 0.37481591440897716 0.37481653301439216 0.37481678544651287 0.37482039639366777 0.37785769401413666 0.3778577793484375 0.3778582533188297 0.3778584612266112 0.3778624850485369 0.3778672706299388 0.3778864017577179 0.3778995116318678 0.3779231813158181 0.37793287834902217 0.3779353252264348 0.37801326178804134 0.37891701419235363 0.37987855941902476 0.3799922994820579 0.38090499587715043 0.380905028050939 0.3809054894643514 0.3809057167622264 0.38090572256073535 0.38090602933284795 0.38090667484893387 0.3809067424318109 0.3809069079418718 0.3809071163860489 0.3809072916616738 0.3809073219648492 0.3809074454499851 0.3809080071723048 0.3809081576661529 0.3809089757144078 0.38091039735513965 0.3809116488473424 0.3809171204492419 0.38091777996487874 0.38098582473780734 0.3816906935832725 0.3821171642185816 0.38246584311707926 0.3839536300461023 0.3839537541246081 0.3839547869748843 0.38395548114706246 0.38395559617124103 0.38395603577086596 0.38395676228771275 0.3839571679760602 0.38395719489471847 0.3839572239044444 0.38395746299930866 0.38396233742482544 0.3839662863674476 0.3840033382583212 0.38401196059863746 0.3840415930275994 0.384129076266613 0.38490212282030634 0.38700248859875697 0.3870025448718699 0.3870030613867207 0.3870034679957264 0.38700368669257595 0.38700375859847386 0.38700427393834946 0.38700470272359744 0.3870047866787556 0.38700638851851255 0.38700745945100534 0.3870080475092888 0.3870099634805854 0.38701373812299944 0.38704716224692565 0.3870474700444166 0.38705434549455525 0.3875453765298566 0.38925650422872743 0.39005185269611065 0.3900522598973131 0.3900528220528043 0.3900528748461589 0.3900543722895916 0.3900552911093645 0.3900598461108723 0.39008777590878657 0.3900943710364792 0.39009928343476813 0.390102648842575 0.39010739748762374 0.3904650732877659 0.3910249240762972 0.3920484684914978 0.3930993295982524 0.39309938970522784 0.39309942984033464 0.39309963495571815 0.3930999989481724 0.3931003332306046 0.3931006500438157 0.393100937337936 0.3931009392485592 0.3931016846242662 0.3931017119538391 0.393101776455312 0.39310189598759154 0.39310227279820725 0.39310262542301483 0.39310297327094634 0.3931049757144863 0.39310507342683126 0.39310567516576667 0.3931067112705259 0.3931384617891575 0.39315322378580453 0.39315729618274287 0.39449456917249476 0.3954498745032909 0.39609012537291755 0.396148200125565 0.3961484520815803 0.3961486746389734 0.39614873745145085 0.39614892847449606 0.3961492818795502 0.39614936280574636 0.3961493684589792 0.3961495593339766 0.39614967132904355 0.39614967132904355 0.39614967323040373 0.39614967703343806 0.39614978941122353 0.39614998646905686 0.3961501210253597 0.39615023290323464 0.39615065851207826 0.3961508211271436 0.3961508329103842 0.3961509470092256 0.39615112475594805 0.39615122982549034 0.3961514987831324 0.3961518643959563 0.3961521785020153 0.39619621929729215 0.39620585802414954 0.3962115874051643 0.39767003232982223 0.39919562394066854 0.39919746565229974 0.3991977483658496 0.39919793259328035 0.3991983796472182 0.3991983815380033 0.39919838721098166 0.3991986015736419 0.399198729299697 0.39919875222521883 0.39919890160553945 0.39919942162183053 0.39920006189694346 0.3992006407404643 0.3992014144924862 0.39920148016560136 0.39920155417493614 0.39920296889148205 0.39920753981383117 0.39922745511000807 0.3992303481104499 0.39923510770485526 0.39924084849336716 0.3992466985724855 0.3992518073713624 0.3992557559046146 0.3992599856301946 0.3992640662333137 0.3992671984706178 0.39999148531602813 0.4004542793935711 0.40204214735638394 0.4022451768088976 0.40224545813991824 0.4022462936872483 0.4022465369656873 0.4022470026404517 0.4022472171260068 0.4022474747551776 0.4022475070928263 0.4022477170561624 0.40224827462785956 0.4022484168292171 0.4022484441634606 0.4022488526511677 0.40224934552038033 0.4022500539210752 0.40225204559131467 0.402252056266194 0.402260712243168 0.4022861097713752 0.40228908782225314 0.4023017112536769 0.4023050409488996 0.4023071722996313 0.4023101566641274 0.4023255180089077 0.40237758602889856 0.4032926654531181 0.40529417736845247 0.4052942076287378 0.4052944400080668 0.4052946614658605 0.4052947012393107 0.40529471390487937 0.4052950742350035 0.40529524854394133 0.4052952522235229 0.4052956110871872 0.4052956371334622 0.40529565388808053 0.40529573965216087 0.40529576206098733 0.4052958256326327 0.4052961584887711 0.4052962512016221 0.40529667624115895 0.4052968646383405 0.4052968723488832 0.40529698626944394 0.4052972638589797 0.4052972658075282 0.40529747489309664 0.4052975729980159 0.40532246993623094 0.40534025160340376 0.4053454517466166 0.4053494825835449 0.4053514284908731 0.4053820789806981 0.4053897136336181 0.40543800079099296 0.4058592941265394 0.4073354660329716 0.40834237286937464 0.40834310523110917 0.40834351046427275 0.40834395379274885 0.4083439647703948 0.408345627831374 0.408348835907235 0.408381171292217 0.40838181039108845 0.4083832310590932 0.4083879564124793 0.40838929169106086 0.4083929686505711 0.4083940376638419 0.40840217128296696 0.4084152607918486 0.4084700376603449 0.4091175830918653 0.4099032098040446 0.4106979185111644 0.41139061945186445 0.41139145516698516 0.4113914761870277 0.4113917649149668 0.41139188542614474 0.41139234149218706 0.41139242987878966 0.4113929744590282 0.41139314198863264 0.41139318261552604 0.41139326031136547 0.4113948631710826 0.41143408164947975 0.41143890638465375 0.4114402423661865 0.41144578330198706 0.41144771679130787 0.4114759752485402 0.41281208286593063 0.41304178944435865 0.413361695256525 0.41443986072218936 0.41444051589658903 0.4144409933010997 0.4144410290848836 0.4144412698681222 0.4144413674078156 0.41444138007320175 0.41444170378250994 0.41444272026466406 0.41444288629398235 0.414445782411877 0.4144677071693253 0.414478178796368 0.4144801002902003 0.41448195796836945 0.41448338424955833 0.41449645384557565 0.414496752777952 0.41449680960774143 0.4145007812900332 0.41451222317365527 0.41452760623385576 0.41574347472598544 0.4163723209601406 0.4171284892881029 0.4174896255184151 0.4174910635468266 0.41751975885973264 0.4175214080413128 0.4175241811544576 0.4175267274869763 0.41753397985828816 0.41753859761580375 0.41753919809077317 0.41754200254902085 0.4175538845213436 0.4175695848009646 0.41926614241400195 0.41953282300581624 0.41961191874424075 0.4205373151091695 0.42053924631085965 0.4205921230307201 0.4205925161176377 0.42059284329491836 0.4206081503934112 0.42064710218286216 0.42083343850011634 0.42115941225643544 0.42152576370187655 0.4220757691163141 0.42358793423078006 0.42361520694364324 0.4236359035620772 0.42363998695489685 0.42364151295378716 0.4236418134796716 0.42365385761005964 0.42366492792420674 0.4239892400449508 0.4263119459581531 0.42663633240652943 0.4266561989048834 0.42667049863732975 0.4266711202349544 0.42667801436773123 0.4266818293057924 0.42668247521108854 0.4266834012560485 0.4266848474434964 0.42668584089084727 0.4266890275296859 0.4266907620905095 0.42669130786141707 0.4266969003009028 0.4267045571996137 0.4267099598665559 0.42672096170531665 0.426729464830914 0.42673819684356035 0.4267522422369338 0.42775591070287566 0.4285497180798765 0.428614633762675 0.42958443717502387 0.4296837860109632 0.42973309305207036 0.4297389261424026 0.4297506557842184 0.4297519558859195 0.42976820742303573 0.43009841633671614 0.4327349175092696 0.43278693107627275 0.43278825634157514 0.4327903983829275 0.4327922544755134 0.4327935531496359 0.43279995616527706 0.4328027473156335 0.432805736911179 0.435827959640176 0.43582800756004586 0.4358352943160556 0.4363942268510459 0.43887464314590635 0.4388955601040332 0.4389005411542133 0.4389092288197256 0.4389174605772563 0.4389412566793807 0.4389618467147817 0.4417834621442251 0.4418852251548626 0.44190847190208105 0.44191808144550626 0.44192246979495 0.44199914595762274 0.44203485282325317 0.4420428299772518 0.4441949380595756 0.44497249438910713 0.44497690528828254 0.444984549337442 0.44498957721683363 0.44500458922767744 0.44500907801856293 0.44802345287562506 0.44802823576437295 0.44803590644287 0.44803711750210906 0.4480408437795805 0.4480434945458415 0.44804351402605763 0.4480596214924386 0.44913314271922256 0.44970185347340175 0.4499892391802301 0.4510669890116444 0.4510698038722895 0.45107419671105314 0.45107564484235435 0.4510776255251843 0.4510829603054669 0.45108881330309425 0.4510900915023369 0.45109328716693003 0.4510948532839134 0.45109789287215873 0.45110452376779553 0.4511471222248354 0.45361944189073883 0.4541147813019628 0.4541164789164484 0.45411868291196794 0.45411888442905624 0.45412034805285567 0.4541300795383756 0.45413422296995165 0.45413904464991167 0.4541414825323968 0.45414766676573126 0.45415379555529567 0.4541606969784472 0.45436616735074903 0.454825598392937 0.45716422553671227 0.4571661681405651 0.45717167457853214 0.4571768756603869 0.4571774360970539 0.4571779952279326 0.4571800838002165 0.45718722997770106 0.4571884836923346 0.45719136280295203 0.4571986675347263 0.4571998445691718 0.4592535300712989 0.4602034753512122 0.46021653510247734 0.4602214752506845 0.4602219583822322 0.4602243694285681 0.46022794220263386 0.4602374487759003 0.4602401858036686 0.46024933105980176 0.4602564831421185 0.46032128610020345 0.4632749710273449 0.4632754059814214 0.4632805694236945 0.46328227812701356 0.46328782255713785 0.4632912660461609 0.4632938898643121 0.4632977042544106 0.4632998553476496 0.4633164470010226 0.46332665068439405 0.46335404181019774 0.4662135352495578 0.46632837625324114 0.46632837625324114 0.46632860539341164 0.4663370509112981 0.4663406650016138 0.4663434290986895 0.4663456425829993 0.4663460747786115 0.46639106007540837 0.4664068610228792 0.4693640249370579 0.46936914067692004 0.4693695073259308 0.4693700333557693 0.4693719029583811 0.46937225614546785 0.4693735541578708 0.4693764708488482 0.4693790827592197 0.46938016539322774 0.4693801986554559 0.4693808988140631 0.469403669237005 0.46940870989347944 0.46942839593892444 0.4705470913454139 0.47241194541583265 0.47241255542107197 0.47242127065625034 0.47242190842155823 0.4724221368990149 0.47242305097413695 0.4724239459921003 0.4724245064186839 0.472424520725312 0.47242485016510016 0.4724315349344968 0.4724327792971192 0.4724344368747753 0.47243623446528393 0.4724579971668649 0.47344115008984744 0.47546107614473654 0.4754644497029625 0.47546740415379396 0.47547047061749265 0.475473770103931 0.47547669248345026 0.47548109106718445 0.4754815606488865 0.47548381452454136 0.47556199512711705 0.47576212891133696 0.47850988531537453 0.478511442477986 0.47852116391454536 0.47852719067465493 0.4785317863495293 0.4785342562996188 0.4785363035055259 0.478537105776085 0.4785504376283275 0.47856611409295524 0.48156356020741886 0.48157107875267563 0.48157208034387783 0.4815990524417062 0.48460445884896347 0.4846112858761146 0.48461819986804533 0.48462241537026324 0.48462908123248394 0.484634583699069 0.4876604357790974 0.48766413294598276 0.4876708714247312 0.4876791200443625 0.4876803843610724 0.4876829028708872 0.4876835247037284 0.48768853091402004 0.4899730358875351 0.49069985863303667 0.49070291317308906 0.49070692175194713 0.4907129884084412 0.4907136991797109 0.49071819952594053 0.49072176602923495 0.49075078034636266 0.4908640679605133 0.4931694769082148 0.49351715241039074 0.4937612374522045 0.49378292586090167 0.4968064451534555 0.49681580594855146 0.49684293468283 0.49977341834629696 0.4998557563575867 0.4998595699248599 0.4998631617074731 0.49986364493750673 0.49986511478863976 0.499912544343164 0.5005067588805793 0.5020408012656874 0.50288776225034 0.5028994127774719 0.502905417212269 0.5029157171703746 0.5029191696382627 0.5030871162342295 0.5055137954589534 0.5059435758857749 0.5059582004080875 0.5059587778757688 0.5059632299444683 0.5067429289606036 0.5068306790299901 0.5082094941578611 0.5090008315064392 0.5091616550481363 0.5093525703368608 0.5094163566784959 0.5103935858887055 0.5111718651663134 0.5118238570685465 0.5118363264736105 0.5120450872857396 0.5120800733326991 0.5136714621154382 0.515089192204513 0.5152139856429443 0.5154482397939507 0.5165912493245581 0.5167731702736713 0.5170037959304532 0.5174739429355709 0.5176728462349686 0.5181464074346742 0.5181532919655317 0.5203450462475079 0.521187908216518 0.5211933529769978 0.5218813979097591 0.5222704904176959 0.5234097048627894 0.5237159263992355 0.5242399808226147 0.5242492205112429 0.5246085050467657 0.5257496686557447 0.5258572420717962 0.5261504264244927 0.5266068979642589 0.527290532125172 0.5278204007934626 0.5283784400422926 0.5284117192885742 0.5288150331268038 0.5290265551354797 0.5296943638527258 0.5303367723266901 0.530834493290994 0.5311474110164109 0.5320200113679857 0.5339765743237348 0.5347150610265987 0.5349176851556555 0.5354807363693157 0.5366776607538418 0.5366970245403571 0.5378585104500551 0.5388720728065827 0.5391656982564013 0.5392397775561035 0.5398878624921631 0.5406502672740665 0.5407136473266893 0.5413043596253492 0.5422357949816476 0.544516055855631 0.5450338303396146 0.5455760295527681 0.5458438517462876 0.5461948883777193 0.5463734399923356 0.5464130598461938 0.5470455062191816 0.5477169500278587 0.5478346507809506 0.5485740265783077 0.5490930701197099 0.5492698867274151 0.5504690650038694 0.5520083434747375 0.55206809474455 0.5521735002922922 0.554206440823038 0.5553119315053969 0.5559632213684061 0.5561024766064567 0.5571775078614118 0.5574449658982423 0.5581843288732188 0.5583132566839654 0.5585469851509037 0.560028027286469 0.5602742912568299 0.5611893538223485 0.5612133477457865 0.5612807998596593 0.5616003002467699 0.5617042902062372 0.563229676014866 0.5643108693673748 0.5643619703013276 0.5644823202859851 0.5644844007553026 0.5653887990683389 0.5661507224294944 0.5681978003671854 0.5684799694943858 0.5699708437342121 0.5702150167798482 0.5702898327666458 0.5703760391743868 0.5704076727823054 0.5706372566620166 0.571923843836259 0.5733889188840487 0.573456511257969 0.573468086441354 0.5735490637864495 0.5768563534250122 0.5775187575169463 0.5791562935197737 0.5794919720484011 0.5795423252059959 0.5795517695103239 0.579555977502003 0.57963743127806 0.5800364907408305 0.5825783566905167 0.5825798312991147 0.5825812000208094 0.5826169334975786 0.5826237674472311 0.582669206545996 0.5829760413127969 0.5833449585022287 0.583733838045129 0.5853307173388598 0.5855546959832224 0.5855888999491478 0.5867885182422706 0.5876691904461068 0.5880212055082938 0.5886199947891855 0.5886353486349002 0.5886681022590912 0.5886692335663708 0.5886967983063998 0.5887037296876477 0.591632667180969 0.5916339070023385 0.5916812018745039 0.5916921731225779 0.5916964260845922 0.5917170582081215 0.5917331474697227 0.5917541886888502 0.5919415004876677 0.5919487544455801 0.5920801206098019 0.5932921283548084 0.5943779545801027 0.5946914017985202 0.5947235540563843 0.5947334173551116 0.5947596913423498 0.5947596913423498 0.5947749840293214 0.5947976461245527 0.5948175289065455 0.5949019719255377 0.5958698766515879 0.5969463426518542 0.5977315481743393 0.5977486582491689 0.5977659167584721 0.597767055037846 0.5977705554764717 0.5977726933520475 0.5977735347170317 0.5977949752873537 0.597818198745837 0.5979707951053984 0.5979763876117415 0.6007523312374654 0.6007825160117303 0.6007915042582521 0.6008146199992526 0.6008602045246336 0.6008932041630547 0.6008932041630547 0.6011075268649305 0.6011379688644234 0.6021067690251077 0.6024421079338314 0.603832902749533 0.6038405657215623 0.6038451260158215 0.6038492676417518 0.6038534307659759 0.6038644612486458 0.603865595136828 0.6038737282797438 0.6038751041833983 0.6039138916691008 0.6039169328269416 0.6039357145268718 0.6039540319900207 0.6039619068684074 0.6040110103452542 0.6040125924722003 0.6062857407142744 0.6063072959491933 0.6068221980920184 0.6068374720212145 0.6068394580307741 0.6068701911459333 0.6069026168109524 0.6069105398725465 0.6069124196878446 0.6069164189940892 0.6069215021384538 0.6069279182890993 0.6069323765728911 0.6069342280906631 0.6069548540363146 0.6069656650037543 0.6069851324307678 0.6069892209182215 0.6070124314231319 0.6070492903056273 0.6070671380600249 0.6077329017116093 0.6079183200377218 0.6090014952331909 0.6098697473616718 0.6099243011341277 0.6099453731670471 0.6099523259055827 0.6099548554938654 0.6099620402089259 0.6099642982587319 0.6099644490125479 0.6099686053799326 0.6099896951301332 0.6100153607889564 0.6100207249585241 0.6101236377325119 0.6110318644738767 0.612906416506737 0.6129887195610012 0.6129935498189935 0.6130026301591561 0.6130103126188743 0.6130118126645105 0.6130179910909218 0.6130195806736645 0.613020035387106 0.6130269616755408 0.6130483891278015 0.6130619549636218 0.6130925520059411 0.6131108410851764 0.6131271674485853 0.6131350734511667 0.6132917245799027 0.6140444079328731 0.6153095051697064 0.6159700572331077 0.6159873156841478 0.6160130030921602 0.6160361203419522 0.6160416615873768 0.616051970748565 0.6160618864417488 0.6160717692155285 0.6160772500711036 0.6160893221589091 0.6160915701546047 0.6160950696096482 0.6161304886483647 0.6162057694266007 0.6162099501325462 0.6162134458714842 0.6165290809040261 0.6190136086120795 0.6190342566742507 0.619068063055264 0.6190716167758972 0.6190765483655987 0.6190769787041349 0.6190891259224014 0.619106508645907 0.6191071789182367 0.6191142870449723 0.6191385968747019 0.6191436337230855 0.6191627139515106 0.6191639046782517 0.6191892573506843 0.619227810134397 0.6192329004609368 0.6194117222416138 0.6196436364799441 0.6213642926595045 0.6220816868529085 0.622091863537401 0.6221207992968328 0.622123363411938 0.6221234347604684 0.622133633814949 0.6221379109072116 0.6221430886253838 0.6221435277161133 0.6221437473513065 0.6221660885035235 0.6221697069414285 0.622179660265327 0.6222473266384932 0.6235527056309605 0.6251351239508548 0.6251692042882754 0.6251818569940649 0.6251930343355095 0.6251944242408203 0.6252070409528234 0.6252291091303428 0.6252291854215866 0.6252395455136469 0.625253703420265 0.6252588129551675 0.6252773584750024 0.6252870500051039 0.6255428590808422 0.6270342030680921 0.6277258727621895 0.6277330983582045 0.6281512446702129 0.6281949201059885 0.6282043030634371 0.6282103693291993 0.6282115605174624 0.6282128940994359 0.6282133157248627 0.6282141596874724 0.6282267183667973 0.628238538924796 0.6282420321283666 0.6282522335024071 0.6282641337024706 0.628284137786602 0.6282904446373824 0.6283166085063614 0.6284102386042719 0.6293343815210642 0.6312453874652113 0.6312499254730712 0.6312526896858314 0.63125964612932 0.6312711966767368 0.6312741831151991 0.6312776103533687 0.6312776819148374 0.6312805497511706 0.6312848711795455 0.631287547828449 0.6312887806501238 0.6312982707681577 0.6313007710813214 0.6313354205250788 0.6313437394215632 0.6313450558433235 0.6313481607800658 0.6313601165279265 0.6316190803554304 0.6316546642261487 0.6326720391916867 0.6332213084455832 0.6334965945347248 0.6342775206300927 0.6342919587430043 0.6342997032091889 0.6343035720626123 0.6343181919301578 0.6343193229030241 0.6343342496941886 0.6343386600627616 0.6343398935087675 0.6343425117380233 0.6343430218203354 0.6343447000565655 0.6343538812705984 0.6343600339271322 0.6343687081381465 0.6343792178797321 0.6343868568184499 0.6344007713294135 0.6344222784257859 0.6344467182146305 0.6349128519410393 0.636368410518088 0.6373085522569661 0.6373289231043031 0.6373606482142116 0.6373626074060048 0.6373667523743768 0.6373691512698847 0.6373749677342478 0.6373811148513896 0.6373832704963336 0.6375013678654403 0.6403545748795697 0.6403866499508519 0.6403975438011149 0.6404002931252828 0.6404004308630322 0.6404004308630322 0.6404224473403964 0.6404342357818418 0.6404454700847838 0.640447223474347 0.6404646634433531 0.6404819302468455 0.640483912094522 0.6422855228958276 0.6425400869330624 0.64344002889813 0.6434676827845672 0.6434731243204587 0.6434746149962403 0.6434788182692093 0.6434877252633594 0.6434883033050629 0.6434898226235198 0.6434977541900775 0.6435172065156776 0.6435335153427865 0.643551521888282 0.6435899645039047 0.6436055189103769 0.6464564039152528 0.6464729399729648 0.6464771879815612 0.646494305930464 0.6465154069065004 0.6465272129461159 0.6465498946900077 0.6465952224588021 0.6480912179110487 0.6490430071987898 0.6494409929079107 0.6494989738528706 0.6495026838958577 0.6495216218189674 0.6495512128886084 0.6495513505109947 0.6495638409325315 0.6495772493049157 0.6495800300106493 0.6495807445735868 0.6507730310185075 0.6511587687443106 0.6525905498630732 0.6525914313653347 0.6525966062207004 0.6526016801077437 0.6526133980395048 0.6526168294302355 0.6526317794297966 0.6526550649067894 0.6526954033314641 0.6527349153628449 0.6527631082464155 0.6556418310080824 0.6556460494255147 0.6556555950623362 0.6556576019809935 0.6556655427180603 0.6556689107371162 0.6556701070658989 0.65569151898771 0.6556922425050076 0.6557332358016631 0.6560867800479812 0.6586908751655933 0.6587022087399741 0.658710984499015 0.6587539944774359 0.6594273491789039 0.6594665605924478 0.6617179609147782 0.6617317236927301 0.6617624252951844 0.6618008665207302 0.6618055826246223 0.6618328660377992 0.6618393700252422 0.6647644406586573 0.6647843992765075 0.6648126828886116 0.6648359923122236 0.6649114688335164 0.6651461849326226 0.6666004717685653 0.6678166015530477 0.6678575321426766 0.6678586384935837 0.6678917734391053 0.6680286954235102 0.6700657789436311 0.6708308264012627 0.6708891647857322 0.6709142424257712 0.6709521681119338 0.6709566283328303 0.6710014147846048 0.6739349967941426 0.6750303163485049 0.6770538140845112 0.6770976869576552 0.6776429150832883 0.6776883656347934 0.6800323232547346 0.6800379431078057 0.6817192662872789 0.6860916430184562 0.6919981708636286 0.7035690756980212 0.7071300216504871 0.7075369867798074

UCB,40 0.022859395239000813 0.019073273186958322 0.019160987081612752 0.0033359730050897423 0.017238526489922724 0.006639740889150877 0.0037506480474352346 0.03331964999055224 0.004394243105458983 0.004394243105458983 0.030999666617923225 0.016336087092305416 0.0036024724354426613 0.003522899271809022 0.01598211128610774 0.003088686680657225 0.022459869806901175 0.003567753365528895 0.02028291928249343 0.019019957662139746

UCB,9 0.11060608263939632 0.013675504444744717 0.10520976283356245 0.03405428007071599 0.0838470491048274 0.04793965760428607 0.03599298690677663 0.03370018254574625 0.02184487712103739 0.10928901486386285 0.059331091699496345 0.018839936293638847 0.03569397942661558 0.048369507878671676 0.016336087092305416 0.019552927712836742 0.009413964874705324 0.11418228801769194 0.03418868017144466 0.025917754737827408

PI,9 0.11060608263939632 0.013675504444744717 0.10520976283356245 0.03405428007071599 0.0838470491048274 0.04793965760428607 0.03599298690677663 0.03370018254574625 0.02184487712103739 0.10928901486386285 0.059331091699496345 0.018839936293638847 0.03569397942661558 0.048369507878671676 0.016336087092305416 0.019552927712836742 0.009413964874705324 0.11418228801769194 0.03418868017144466 0.025917754737827408

EI,15 0.11060608263939632 0.029275759272383302 0.006740223654442929 0.03370018254574625 0.023021326220791807 0.006378087320829396 0.006728316119953276 0.003741240401048897 0.03195364221388859 0.02810253622358781 0.043857645988122904 0.025403559943172435 0.006541054127224352 0.006623034774155322 0.006983506237065932 0.0034050260161267373 0.006378087320829396 0.006805101948783317 0.003930777619103516 0.006805101948783317

b2,40 0.05314300430503428 0.018842757413853998 0.0030427121315276936 0.03357869516333697 0.039100339750746387 0.06408000834424506 0.0033453768392936803 0.048552808450329485 0.004057109027438634 0.03150940046923375 0.002820681383425205 0.04354357227548682 0.0036453870578707997 0.0342919754490972 0.03455103468487046 0.10025246654335553 0.11818070426826571 0.006760640069765232 0.0342919754490972 0.046619609569066495

progressive,40 0.003567753365528895 0.0036953002402303294 0.0030427121315276936 0.03377015114070721 0.039100339750746387 0.060297821178508994 0.030999666617923225 0.0335324512881888 0.0031485615972123176 0.003567753365528895 0.003956961101322045 0.0031126955107711432 0.003297601322407533 0.0342919754490972 0.006541054127224352 0.01396496301355342 0.11175917091914092 0.019758609319798504 0.021988369121881728 0.0650895908598528

progressive,15 0.05314300430503428 0.09249944818985643 0.04704340143804609 0.03263045263500228 0.039100339750746387 0.06408000834424506 0.045516123520584685 0.048552808450329485 0.004057109027438634 0.018842757413853998 0.002820681383425205 0.0031126955107711432 0.0036453870578707997 0.0342919754490972 0.042936645369320514 0.1039575524695808 0.11175917091914092 0.019758609319798504 0.06631874696255075 0.0650895908598528

rand,15 0.05314300430503428 0.018842757413853998 0.0444856310189385 0.03331964999055224 0.03128062522777677 0.045516123520584685 0.0033453768392936803 0.02379039432446283 0.004057109027438634 0.04451015295026978 0.002820681383425205 0.029180051332583577 0.0036453870578707997 0.032753018599549225 0.0026782698402051247 0.006837461641357463 0.03488328953972235 0.019758609319798504 0.0342919754490972 0.032673674057344844

UCB,15 0.11060608263939632 0.029275759272383302 0.006740223654442929 0.03370018254574625 0.023021326220791807 0.006378087320829396 0.006728316119953276 0.003741240401048897 0.03195364221388859 0.02810253622358781 0.043857645988122904 0.025403559943172435 0.006541054127224352 0.006623034774155322 0.006983506237065932 0.0034050260161267373 0.006378087320829396 0.006805101948783317 0.003930777619103516 0.006805101948783317

SimAnnealing,40 0.003682275572254709 0.09249944818985643 0.030999666617923225 0.030999666617923225 0.039100339750746387 0.003682275572254709 0.0033453768392936803 0.03576152826952687 0.004057109027438634 0.003682275572254709 0.002820681383425205 0.002875607959487928 0.0036453870578707997 0.0342919754490972 0.03397882912416217 0.0036453870578707997 0.11175917091914092 0.0567846104931336 0.043696046783712916 0.0650895908598528

bonr,15 0.05314300430503428 0.018842757413853998 0.03331632514270435 0.03331964999055224 0.039100339750746387 0.06408000834424506 0.045516123520584685 0.03576152826952687 0.004057109027438634 0.04451015295026978 0.002820681383425205 0.0031126955107711432 0.0036453870578707997 0.0342919754490972 0.042936645369320514 0.006837461641357463 0.11175917091914092 0.019758609319798504 0.0342919754490972 0.0650895908598528

ExpProgressive,9 0.09739577124549242 0.09249944818985643 0.04704340143804609 0.0444856310189385 0.039100339750746387 0.06408000834424506 0.0033453768392936803 0.048552808450329485 0.004057109027438634 0.04451015295026978 0.002820681383425205 0.04354357227548682 0.0036453870578707997 0.0342919754490972 0.042936645369320514 0.06960486990500032 0.11175917091914092 0.02667430633805063 0.06631874696255075 0.0650895908598528

PI,40 0.022859395239000813 0.019073273186958322 0.019160987081612752 0.0033359730050897423 0.017238526489922724 0.006639740889150877 0.0037506480474352346 0.03331964999055224 0.004394243105458983 0.004394243105458983 0.030999666617923225 0.016336087092305416 0.0036024724354426613 0.003522899271809022 0.01598211128610774 0.003088686680657225 0.022459869806901175 0.003567753365528895 0.02028291928249343 0.019019957662139746

EI,40 0.022859395239000813 0.019073273186958322 0.019160987081612752 0.0033359730050897423 0.017238526489922724 0.006639740889150877 0.0037506480474352346 0.03331964999055224 0.004394243105458983 0.004394243105458983 0.030999666617923225 0.016336087092305416 0.0036024724354426613 0.003522899271809022 0.01598211128610774 0.003088686680657225 0.022459869806901175 0.003567753365528895 0.02028291928249343 0.019019957662139746

SimAnnealing,9 0.09739577124549242 0.09249944818985643 0.03531638136247455 0.0444856310189385 0.039100339750746387 0.06408000834424506 0.0033453768392936803 0.048552808450329485 0.004057109027438634 0.03501198206670111 0.032899358222853635 0.003930777619103516 0.0036453870578707997 0.0342919754490972 0.03397882912416217 0.062382029884477226 0.11175917091914092 0.02667430633805063 0.06631874696255075 0.0650895908598528

bonr,40 0.003080434814755245 0.018842757413853998 0.0030427121315276936 0.022413299282992967 0.039100339750746387 0.017309914862995233 0.03549305971408725 0.0335324512881888 0.003567753365528895 0.003090087169367673 0.002820681383425205 0.0031126955107711432 0.0036453870578707997 0.0342919754490972 0.042936645369320514 0.006623034774155322 0.11175917091914092 0.006837461641357463 0.006519223575864257 0.0650895908598528

b2,9 0.11279204955365035 0.018842757413853998 0.0030427121315276936 0.03357869516333697 0.039100339750746387 0.06408000834424506 0.0033453768392936803 0.048552808450329485 0.004057109027438634 0.03150940046923375 0.002820681383425205 0.04354357227548682 0.0036453870578707997 0.0342919754490972 0.03455103468487046 0.10025246654335553 0.11818070426826571 0.019758609319798504 0.06422084219663537 0.046619609569066495

