SimAnnealing,15 0.282842712474619 0.2902763425248186 0.2902763425248186 0.20783470901701995 0.2902763425248186 0.20783470901701995 0.2902763425248186 0.21593336688643383 0.2902763425248186 0.2959289855641745 0.20783470901701995 0.2902763425248186 0.28471931574341147 0.2902763425248186 0.2902763425248186 0.2902763425248186 0.2902763425248186 0.2902763425248186 0.2902763425248186 0.2902763425248186

PI,15 0.19999999999999987 0.2929143502255349 0.2959289855641745 0.2959289855641745 0.2993088685899034 0.277989399993733 0.3321082022295831 0.17405705383053474 0.30711484273349426 0.30653628992571186 0.2993088685899034 0.29757401744438 0.2686807568703535 0.28471931574341147 0.2993088685899034 0.30304177851680325 0.23281147616033154 0.2686807568703535 0.29757401744438 0.2686807568703535

rand,9 0.2959289855641745 0.3162277660168379 0.30653628992571186 0.2902763425248186 0.2959289855641745 0.30711484273349426 0.32653823502755575 0.21593336688643383 0.30711484273349426 0.2902763425248186 0.2969270625479813 0.277989399993733 0.28471931574341147 0.2902763425248186 0.2959289855641745 0.224267380570973 0.20783470901701995 0.30304177851680325 0.3212402002741708 0.2959289855641745

EI,40 0.19999999999999987 0.2733205846836903 0.2959289855641745 0.2902763425248186 0.2959289855641745 0.21593336688643383 0.277989399993733 0.2959289855641745 0.17405705383053474 0.21593336688643383 0.224267380570973 0.2902763425248186 0.2504433937861493 0.2959289855641745 0.21593336688643383 0.2929143502255349 0.16605410111479146 0.2959289855641745 0.224267380570973 0.224267380570973

ExpProgressive,15 0.30304177851680325 0.3162277660168379 0.2902763425248186 0.2902763425248186 0.2969270625479813 0.30711484273349426 0.2902763425248186 0.19999999999999987 0.30711484273349426 0.2902763425248186 0.1852553012121891 0.2959289855641745 0.28471931574341147 0.2902763425248186 0.30711484273349426 0.1852553012121891 0.2902763425248186 0.30304177851680325 0.2993088685899034 0.2959289855641745

bonr,9 0.3440104580768907 0.32653823502755575 0.30304177851680325 0.2902763425248186 0.2969270625479813 0.30711484273349426 0.30711484273349426 0.21593336688643383 0.30711484273349426 0.2959289855641745 0.2902763425248186 0.2959289855641745 0.28471931574341147 0.2902763425248186 0.30711484273349426 0.35684349245363706 0.3440104580768907 0.30304177851680325 0.2993088685899034 0.2959289855641745

b2,15 0.19999999999999987 0.32653823502755575 0.1852553012121891 0.16605410111479146 0.28740833372722147 0.30711484273349426 0.2993088685899034 0.2504433937861493 0.2929143502255349 0.224267380570973 0.30304177851680325 0.1852553012121891 0.28471931574341147 0.2902763425248186 0.2959289855641745 0.2929143502255349 0.2902763425248186 0.2902763425248186 0.2902763425248186 0.2959289855641745

PI,40 0.19999999999999987 0.2733205846836903 0.2959289855641745 0.2902763425248186 0.2959289855641745 0.21593336688643383 0.277989399993733 0.2959289855641745 0.17405705383053474 0.21593336688643383 0.224267380570973 0.2902763425248186 0.2504433937861493 0.2959289855641745 0.21593336688643383 0.2929143502255349 0.16605410111479146 0.2959289855641745 0.224267380570973 0.224267380570973

SimAnnealing,40 0.282842712474619 0.282842712474619 0.282842712474619 0.20783470901701995 0.15229992210171797 0.20783470901701995 0.282842712474619 0.21593336688643383 0.15229992210171797 0.2902763425248186 0.20783470901701995 0.282842712474619 0.282842712474619 0.282842712474619 0.15229992210171797 0.2902763425248186 0.282842712474619 0.282842712474619 0.2902763425248186 0.23281147616033154

rand,40 0.19999999999999987 0.2902763425248186 0.28471931574341147 0.28471931574341147 0.28471931574341147 0.28471931574341147 0.277989399993733 0.21593336688643383 0.30304177851680325 0.2902763425248186 0.31547841006784433 0.2902763425248186 0.2686807568703535 0.224267380570973 0.24154336104780882 0.224267380570973 0.20783470901701995 0.24154336104780882 0.2929143502255349 0.224267380570973

EI,9 0.2993088685899034 0.3321082022295831 0.30711484273349426 0.30653628992571186 0.3212402002741708 0.3162277660168379 0.3776288525733408 0.30711484273349426 0.2686807568703535 0.3503168472841754 0.30304177851680325 0.2733205846836903 0.21593336688643383 0.224267380570973 0.19999999999999987 0.30304177851680325 0.3321082022295831 0.30304177851680325 0.2993088685899034 0.17405705383053474

progressive,9 0.3440104580768907 0.3162277660168379 0.2902763425248186 0.2902763425248186 0.19999999999999987 0.30711484273349426 0.32653823502755575 0.21593336688643383 0.30711484273349426 0.2959289855641745 0.1852553012121891 0.24154336104780882 0.28471931574341147 0.2902763425248186 0.1852553012121891 0.2902763425248186 0.3440104580768907 0.30304177851680325 0.2993088685899034 0.2959289855641745

base,1599 0.15229992210171797 0.16605410111479146 0.16605410111479146 0.17405705383053474 0.1852553012121891 0.1852553012121891 0.19999999999999987 0.19999999999999987 0.20783470901701995 0.21593336688643383 0.21593336688643383 0.21593336688643383 0.21593336688643383 0.224267380570973 0.224267380570973 0.224267380570973 0.224267380570973 0.224267380570973 0.224267380570973 0.224267380570973 0.224267380570973 0.23281147616033154 0.23281147616033154 0.24154336104780882 0.24154336104780882 0.24154336104780882 0.24154336104780882 0.2504433937861493 0.25949427374512307 0.2686807568703535 0.2686807568703535 0.2686807568703535 0.2686807568703535 0.2686807568703535 0.2686807568703535 0.2686807568703535 0.2686807568703535 0.2686807568703535 0.2686807568703535 0.2733205846836903 0.277989399993733 0.277989399993733 0.277989399993733 0.277989399993733 0.277989399993733 0.277989399993733 0.28284271247461895 0.28284271247461895 0.282842712474619 0.28471931574341147 0.28471931574341147 0.28740833372722147 0.2902763425248186 0.2902763425248186 0.2902763425248186 0.2902763425248186 0.2902763425248186 0.2902763425248186 0.2902763425248186 0.2902763425248186 0.2902763425248186 0.2902763425248186 0.2902763425248186 0.2902763425248186 0.2902763425248186 0.2902763425248186 0.2902763425248186 0.2902763425248186 0.2929143502255349 0.2929143502255349 0.2929143502255349 0.2929143502255349 0.2929143502255349 0.2929143502255349 0.2929143502255349 0.2959289855641745 0.2959289855641745 0.2959289855641745 0.2959289855641745 0.2959289855641745 0.2959289855641745 0.2959289855641745 0.2959289855641745 0.2959289855641745 0.2959289855641745 0.2959289855641745 0.2959289855641745 0.2959289855641745 0.2959289855641745 0.2959289855641745 0.2959289855641745 0.2959289855641745 0.2969270625479813 0.2969270625479813 0.2969270625479813 0.2969270625479813 0.2969270625479813 0.2969270625479813 0.2969270625479813 0.2969270625479813 0.2969270625479813 0.2969270625479813 0.2969270625479813 0.29701561817936784 0.29757401744438 0.2993088685899034 0.2993088685899034 0.2993088685899034 0.2993088685899034 0.2993088685899034 0.2993088685899034 0.2993088685899034 0.2993088685899034 0.2993088685899034 0.2993088685899034 0.2993088685899034 0.2993088685899034 0.2993088685899034 0.30304177851680325 0.30304177851680325 0.30304177851680325 0.30304177851680325 0.30304177851680325 0.30304177851680325 0.30304177851680325 0.30304177851680325 0.30304177851680325 0.30304177851680325 0.30304177851680325 0.30304177851680325 0.30304177851680325 0.30304177851680325 0.30304177851680325 0.30304177851680325 0.30304177851680325 0.30304177851680325 0.30304177851680325 0.30304177851680325 0.30304177851680325 0.30304177851680325 0.30653628992571186 0.30653628992571186 0.30653628992571186 0.30653628992571186 0.30653628992571186 0.30711484273349426 0.30711484273349426 0.30711484273349426 0.30711484273349426 0.30711484273349426 0.30711484273349426 0.30711484273349426 0.30711484273349426 0.30711484273349426 0.30711484273349426 0.30711484273349426 0.30711484273349426 0.30711484273349426 0.30711484273349426 0.30711484273349426 0.30711484273349426 0.30711484273349426 0.30711484273349426 0.30711484273349426 0.30711484273349426 0.30711484273349426 0.30711484273349426 0.30711484273349426 0.30711484273349426 0.30711484273349426 0.30711484273349426 0.30711484273349426 0.30711484273349426 0.30711484273349426 0.30711484273349426 0.30711484273349426 0.30711484273349426 0.30711484273349426 0.30711484273349426 0.30711484273349426 0.30711484273349426 0.30711484273349426 0.30711484273349426 0.30711484273349426 0.30711484273349426 0.30927477681499427 0.3100126187904872 0.31151471894333205 0.31151471894333205 0.31151471894333205 0.31151471894333205 0.31151471894333205 0.31151471894333205 0.31151471894333205 0.31151471894333205 0.31151471894333205 0.31151471894333205 0.31151471894333205 0.31151471894333205 0.31151471894333205 0.31151471894333205 0.31151471894333205 0.31547841006784433 0.3162277660168379 0.3162277660168379 0.3162277660168379 0.3162277660168379 0.3162277660168379 0.3162277660168379 0.3162277660168379 0.3162277660168379 0.3162277660168379 0.3162277660168379 0.3162277660168379 0.3162277660168379 0.3162277660168379 0.3162277660168379 0.3162277660168379 0.3162277660168379 0.3162277660168379 0.3162277660168379 0.3162277660168379 0.3162277660168379 0.3162277660168379 0.3162277660168379 0.3162277660168379 0.3162277660168379 0.3162277660168379 0.3212402002741708 0.3212402002741708 0.3212402002741708 0.3212402002741708 0.3212402002741708 0.3212402002741708 0.3212402002741708 0.3212402002741708 0.3212402002741708 0.3212402002741708 0.3212402002741708 0.3212402002741708 0.3212402002741708 0.3212402002741708 0.3212402002741708 0.3212402002741708 0.3212402002741708 0.3212402002741708 0.3212402002741708 0.3212402002741708 0.3212402002741708 0.3212402002741708 0.3212402002741708 0.32599415539103205 0.32599415539103205 0.32599415539103205 0.32599415539103205 0.3263569759322527 0.32653823502755575 0.32653823502755575 0.32653823502755575 0.32653823502755575 0.32653823502755575 0.32653823502755575 0.32653823502755575 0.32653823502755575 0.32653823502755575 0.32653823502755575 0.32653823502755575 0.32653823502755575 0.32653823502755575 0.32653823502755575 0.32653823502755575 0.32653823502755575 0.32653823502755575 0.32653823502755575 0.3321082022295831 0.3321082022295831 0.3321082022295831 0.3321082022295831 0.3321082022295831 0.3321082022295831 0.3321082022295831 0.3321082022295831 0.3321082022295831 0.3321082022295831 0.3321082022295831 0.3321082022295831 0.3321082022295831 0.3321082022295831 0.3321082022295831 0.3321082022295831 0.3321082022295831 0.3321082022295831 0.3321082022295831 0.3321082022295831 0.3321082022295831 0.3321082022295831 0.3321082022295831 0.3321082022295831 0.3321082022295831 0.3340229550785322 0.3340229550785322 0.33582892235297024 0.33582892235297024 0.33582892235297024 0.33582892235297024 0.33582892235297024 0.33582892235297024 0.33582892235297024 0.33582892235297024 0.33582892235297024 0.33582892235297024 0.33793665594598143 0.33793665594598143 0.33793665594598143 0.33793665594598143 0.33793665594598143 0.33793665594598143 0.33793665594598143 0.33793665594598143 0.33793665594598143 0.33793665594598143 0.33793665594598143 0.33793665594598143 0.33793665594598143 0.33793665594598143 0.33793665594598143 0.33793665594598143 0.33793665594598143 0.33793665594598143 0.33793665594598143 0.33793665594598143 0.33793665594598143 0.3440104580768907 0.3440104580768907 0.3440104580768907 0.3440104580768907 0.3440104580768907 0.3440104580768907 0.3440104580768907 0.3440104580768907 0.3440104580768907 0.3440104580768907 0.3440104580768907 0.3440104580768907 0.3440104580768907 0.3440104580768907 0.3440104580768907 0.3440104580768907 0.3440104580768907 0.3440104580768907 0.3440104580768907 0.3440104580768907 0.34572623160375743 0.34572623160375743 0.34572623160375743 0.34572623160375743 0.34572623160375743 0.34572623160375743 0.34572623160375743 0.3503168472841754 0.3503168472841754 0.3503168472841754 0.3503168472841754 0.3503168472841754 0.3503168472841754 0.3503168472841754 0.3503168472841754 0.3503168472841754 0.3503168472841754 0.3503168472841754 0.3503168472841754 0.3503168472841754 0.3503168472841754 0.3503168472841754 0.3503168472841754 0.3503168472841754 0.3503168472841754 0.3556808622060582 0.3556808622060582 0.35684349245363706 0.35684349245363706 0.35684349245363706 0.35684349245363706 0.35684349245363706 0.35684349245363706 0.35684349245363706 0.35684349245363706 0.35684349245363706 0.35684349245363706 0.35684349245363706 0.35684349245363706 0.35684349245363706 0.35684349245363706 0.35684349245363706 0.35684349245363706 0.35684349245363706 0.35684349245363706 0.35684349245363706 0.35684349245363706 0.35684349245363706 0.35684349245363706 0.35684349245363706 0.35684349245363706 0.35684349245363706 0.35899267352547787 0.35899267352547787 0.36357853224912223 0.36357853224912223 0.36357853224912223 0.36357853224912223 0.36357853224912223 0.36357853224912223 0.36357853224912223 0.36357853224912223 0.36357853224912223 0.36357853224912223 0.36357853224912223 0.36357853224912223 0.36357853224912223 0.36357853224912223 0.36357853224912223 0.36357853224912223 0.36357853224912223 0.36357853224912223 0.36357853224912223 0.36357853224912223 0.36357853224912223 0.36357853224912223 0.36357853224912223 0.36357853224912223 0.36357853224912223 0.3656881330462988 0.3656881330462988 0.3656881330462988 0.3656881330462988 0.3656881330462988 0.3656881330462988 0.36702062886414755 0.3698712393898864 0.3705106024243782 0.3705106024243782 0.3705106024243782 0.3705106024243782 0.3705106024243782 0.3705106024243782 0.3705106024243782 0.3705106024243782 0.3705106024243782 0.3705106024243782 0.3705106024243782 0.3705106024243782 0.3705106024243782 0.3705106024243782 0.3757438382098403 0.3757438382098403 0.3757438382098403 0.3757438382098403 0.3757438382098403 0.3757438382098403 0.3776288525733408 0.3776288525733408 0.3776288525733408 0.3776288525733408 0.3776288525733408 0.3776288525733408 0.3776288525733408 0.3776288525733408 0.3776288525733408 0.3776288525733408 0.3776288525733408 0.3776288525733408 0.3776288525733408 0.3776288525733408 0.3776288525733408 0.3776288525733408 0.3776288525733408 0.3776288525733408 0.38125454697065425 0.3849229539445171 0.3849229539445171 0.3849229539445171 0.3849229539445171 0.3849229539445171 0.3849229539445171 0.3849229539445171 0.3849229539445171 0.3849229539445171 0.3849229539445171 0.3849229539445171 0.3849229539445171 0.3849229539445171 0.3849229539445171 0.3849229539445171 0.3849229539445171 0.3849229539445171 0.3849229539445171 0.3849229539445171 0.3849229539445171 0.3849229539445171 0.3849229539445171 0.38584419089182914 0.38584419089182914 0.38584419089182914 0.38584419089182914 0.38584419089182914 0.38584419089182914 0.38584419089182914 0.38584419089182914 0.38584419089182914 0.38584419089182914 0.38584419089182914 0.3923830998417492 0.3923830998417492 0.3923830998417492 0.3923830998417492 0.3923830998417492 0.3923830998417492 0.3923830998417492 0.3923830998417492 0.3923830998417492 0.3923830998417492 0.3923830998417492 0.3923830998417492 0.3923830998417492 0.3923830998417492 0.3923830998417492 0.3923830998417492 0.3923830998417492 0.3923830998417492 0.3923830998417492 0.3923830998417492 0.3923830998417492 0.3923830998417492 0.3923830998417492 0.3923830998417492 0.3923830998417492 0.3923830998417492 0.3923830998417492 0.3959857746533461 0.3959857746533461 0.3959857746533461 0.3959857746533461 0.3959857746533461 0.3959857746533461 0.3959857746533461 0.3959857746533461 0.3959857746533461 0.3959857746533461 0.39999999999999997 0.39999999999999997 0.39999999999999997 0.39999999999999997 0.39999999999999997 0.39999999999999997 0.39999999999999997 0.39999999999999997 0.39999999999999997 0.39999999999999997 0.39999999999999997 0.39999999999999997 0.39999999999999997 0.39999999999999997 0.39999999999999997 0.39999999999999997 0.39999999999999997 0.39999999999999997 0.39999999999999997 0.39999999999999997 0.39999999999999997 0.39999999999999997 0.4051606610822747 0.40616550099827947 0.40616550099827947 0.40616550099827947 0.40616550099827947 0.40616550099827947 0.40776487017534063 0.40776487017534063 0.40776487017534063 0.40776487017534063 0.40776487017534063 0.40776487017534063 0.40776487017534063 0.40776487017534063 0.40776487017534063 0.40776487017534063 0.40776487017534063 0.40776487017534063 0.40776487017534063 0.40776487017534063 0.40776487017534063 0.41566941803403984 0.41566941803403984 0.41566941803403984 0.41566941803403984 0.41566941803403984 0.41566941803403984 0.41566941803403984 0.41566941803403984 0.41566941803403984 0.41566941803403984 0.41566941803403984 0.41566941803403984 0.41566941803403984 0.41566941803403984 0.41566941803403984 0.41638057239151866 0.41638057239151866 0.41638057239151866 0.41638057239151866 0.41638057239151866 0.41638057239151866 0.41638057239151866 0.41638057239151866 0.41638057239151866 0.4237058262744743 0.4237058262744743 0.4237058262744743 0.4237058262744743 0.4237058262744743 0.4237058262744743 0.4237058262744743 0.4237058262744743 0.4237058262744743 0.4237058262744743 0.4237058262744743 0.4237058262744743 0.4237058262744743 0.4237058262744743 0.4237058262744743 0.4237058262744743 0.4237058262744743 0.4237058262744743 0.4244035145887298 0.4264897315578188 0.4264897315578188 0.4266284499649859 0.4266284499649859 0.4266284499649859 0.4266284499649859 0.4266284499649859 0.4266284499649859 0.4266284499649859 0.4266284499649859 0.42925558240934475 0.42925558240934475 0.42925558240934475 0.42925558240934475 0.42925558240934475 0.42925558240934475 0.42925558240934475 0.42925558240934475 0.42925558240934475 0.42925558240934475 0.42925558240934475 0.43104386849605836 0.43104386849605836 0.43104386849605836 0.43104386849605836 0.43104386849605836 0.43104386849605836 0.43104386849605836 0.43104386849605836 0.43104386849605836 0.43104386849605836 0.43104386849605836 0.43104386849605836 0.43104386849605836 0.43104386849605836 0.43186673377286766 0.43186673377286766 0.43186673377286766 0.43186673377286766 0.43186673377286766 0.43186673377286766 0.43186673377286766 0.43186673377286766 0.43186673377286766 0.43186673377286766 0.43186673377286766 0.43186673377286766 0.43186673377286766 0.43186673377286766 0.43186673377286766 0.43186673377286766 0.43186673377286766 0.43186673377286766 0.43309810031566903 0.43309810031566903 0.43309810031566903 0.43309810031566903 0.43309810031566903 0.43309810031566903 0.43309810031566903 0.43309810031566903 0.43309810031566903 0.43309810031566903 0.43309810031566903 0.43309810031566903 0.43309810031566903 0.43309810031566903 0.43309810031566903 0.43309810031566903 0.43309810031566903 0.43309810031566903 0.43309810031566903 0.43309810031566903 0.43309810031566903 0.43309810031566903 0.43309810031566903 0.43309810031566903 0.43309810031566903 0.43309810031566903 0.43309810031566903 0.43309810031566903 0.43309810031566903 0.43309810031566903 0.43309810031566903 0.43309810031566903 0.43309810031566903 0.43309810031566903 0.43309810031566903 0.43309810031566903 0.43309810031566903 0.43309810031566903 0.43309810031566903 0.43309810031566903 0.43309810031566903 0.43309810031566903 0.43309810031566903 0.43309810031566903 0.43309810031566903 0.43309810031566903 0.43309810031566903 0.43309810031566903 0.43309810031566903 0.43309810031566903 0.4354145137872279 0.4354145137872279 0.4354145137872279 0.4354145137872279 0.4354145137872279 0.4354145137872279 0.4354145137872279 0.4354145137872279 0.4354145137872279 0.4354145137872279 0.4354145137872279 0.4354145137872279 0.4354145137872279 0.4354145137872279 0.4354145137872279 0.4354145137872279 0.4354145137872279 0.4354145137872279 0.4354145137872279 0.4354145137872279 0.4354145137872279 0.4354145137872279 0.4354145137872279 0.4354145137872279 0.4354145137872279 0.4354145137872279 0.4354145137872279 0.4354145137872279 0.4354145137872279 0.4354145137872279 0.4354145137872279 0.4354145137872279 0.4354145137872279 0.4354145137872279 0.4354145137872279 0.4354145137872279 0.4354145137872279 0.4354145137872279 0.4354145137872279 0.4354145137872279 0.4354145137872279 0.4354145137872279 0.4354145137872279 0.4354145137872279 0.43690682526655145 0.43690682526655145 0.43690682526655145 0.43690682526655145 0.4379889490919003 0.4379889490919003 0.4379889490919003 0.4379889490919003 0.4379889490919003 0.4379889490919003 0.4379889490919003 0.4379889490919003 0.4379889490919003 0.4379889490919003 0.4379889490919003 0.4379889490919003 0.4379889490919003 0.4379889490919003 0.4379889490919003 0.4379889490919003 0.4379889490919003 0.4379889490919003 0.4379889490919003 0.4379889490919003 0.4379889490919003 0.4379889490919003 0.4379889490919003 0.4379889490919003 0.4379889490919003 0.4379889490919003 0.4379889490919003 0.4379889490919003 0.4379889490919003 0.4379889490919003 0.4379889490919003 0.4379889490919003 0.4379889490919003 0.4379889490919003 0.4379889490919003 0.4379889490919003 0.4379889490919003 0.4379889490919003 0.4379889490919003 0.4379889490919003 0.4379889490919003 0.4379889490919003 0.4379889490919003 0.4379889490919003 0.4379889490919003 0.4379889490919003 0.4379889490919003 0.4379889490919003 0.4379889490919003 0.4379889490919003 0.4379889490919003 0.4379889490919003 0.4379889490919003 0.4379889490919003 0.4379889490919003 0.4379889490919003 0.4379889490919003 0.4379889490919003 0.4379889490919003 0.4379889490919003 0.4379889490919003 0.4379889490919003 0.4379889490919003 0.4379889490919003 0.4379889490919003 0.4379889490919003 0.4379889490919003 0.4379889490919003 0.4379889490919003 0.4379889490919003 0.4379889490919003 0.4379889490919003 0.4379889490919003 0.4379889490919003 0.4379889490919003 0.4379889490919003 0.4379889490919003 0.4379889490919003 0.4379889490919003 0.440145215412922 0.440145215412922 0.440145215412922 0.440145215412922 0.440145215412922 0.440145215412922 0.440145215412922 0.440145215412922 0.440145215412922 0.440145215412922 0.440145215412922 0.440145215412922 0.440145215412922 0.440145215412922 0.440145215412922 0.440145215412922 0.440145215412922 0.440145215412922 0.440145215412922 0.4408168855967508 0.4408168855967508 0.4408168855967508 0.4408168855967508 0.4408168855967508 0.4408168855967508 0.4408168855967508 0.4408168855967508 0.4408168855967508 0.4408168855967508 0.4408168855967508 0.4408168855967508 0.4408168855967508 0.4408168855967508 0.4408168855967508 0.4408168855967508 0.4408168855967508 0.4408168855967508 0.4408168855967508 0.4408168855967508 0.4408168855967508 0.4408168855967508 0.4408168855967508 0.4408168855967508 0.4408168855967508 0.4408168855967508 0.4408168855967508 0.4408168855967508 0.4408168855967508 0.4408168855967508 0.4408168855967508 0.4408168855967508 0.4408168855967508 0.4408168855967508 0.4408168855967508 0.4408168855967508 0.4408168855967508 0.4408168855967508 0.4408168855967508 0.4408168855967508 0.4408168855967508 0.4408168855967508 0.4408168855967508 0.4408168855967508 0.4408168855967508 0.4408168855967508 0.4408168855967508 0.4408168855967508 0.4408168855967508 0.4408168855967508 0.4408168855967508 0.4408168855967508 0.4408168855967508 0.4408168855967508 0.4408168855967508 0.4408168855967508 0.4408168855967508 0.4408168855967508 0.4408168855967508 0.4408168855967508 0.4408168855967508 0.4408168855967508 0.4408168855967508 0.4408168855967508 0.4408168855967508 0.4408168855967508 0.4408168855967508 0.4408168855967508 0.4408168855967508 0.4408168855967508 0.4408168855967508 0.4408168855967508 0.4408168855967508 0.4408168855967508 0.4408168855967508 0.4408168855967508 0.4408168855967508 0.4408168855967508 0.4408168855967508 0.4408168855967508 0.4408168855967508 0.4408168855967508 0.4408168855967508 0.4408168855967508 0.4408168855967508 0.4408168855967508 0.4408168855967508 0.4408168855967508 0.4408168855967508 0.4408168855967508 0.4408168855967508 0.4408168855967508 0.4408168855967508 0.4408168855967508 0.4408168855967508 0.4408168855967508 0.4408168855967508 0.44232441439961745 0.44389347834626175 0.44389347834626175 0.44389347834626175 0.44389347834626175 0.44389347834626175 0.44389347834626175 0.44389347834626175 0.44389347834626175 0.44389347834626175 0.44389347834626175 0.44389347834626175 0.44389347834626175 0.44389347834626175 0.44389347834626175 0.44389347834626175 0.44389347834626175 0.44389347834626175 0.44389347834626175 0.44389347834626175 0.44389347834626175 0.44389347834626175 0.44389347834626175 0.44389347834626175 0.44389347834626175 0.44389347834626175 0.44389347834626175 0.44389347834626175 0.44389347834626175 0.44389347834626175 0.44389347834626175 0.44389347834626175 0.44389347834626175 0.44389347834626175 0.44389347834626175 0.44389347834626175 0.44389347834626175 0.44389347834626175 0.44389347834626175 0.44602120044074534 0.4472135954999578 0.4472135954999578 0.4472135954999578 0.4472135954999578 0.4472135954999578 0.4472135954999578 0.4472135954999578 0.4472135954999578 0.4472135954999578 0.4472135954999578 0.4472135954999578 0.4472135954999578 0.4472135954999578 0.4472135954999578 0.4472135954999578 0.4472135954999578 0.4472135954999578 0.4472135954999578 0.4472135954999578 0.4472135954999578 0.4472135954999578 0.4472135954999578 0.4472135954999578 0.4472135954999578 0.4472135954999578 0.4472135954999578 0.4472135954999578 0.4472135954999578 0.4472135954999578 0.4472135954999578 0.4472135954999578 0.4472135954999578 0.4472135954999578 0.4472135954999578 0.4472135954999578 0.4472135954999579 0.4472135954999579 0.4472135954999579 0.4472135954999579 0.4472135954999579 0.4472135954999579 0.4472135954999579 0.4485347611419461 0.4485347611419461 0.4485347611419461 0.4485347611419461 0.4485347611419461 0.4485347611419461 0.4485347611419461 0.4485347611419461 0.45077185612257265 0.45077185612257265 0.45077185612257265 0.45077185612257265 0.45077185612257265 0.45077185612257265 0.45077185612257265 0.45077185612257265 0.45077185612257265 0.45077185612257265 0.45077185612257265 0.45077185612257265 0.45077185612257265 0.45077185612257265 0.45077185612257265 0.45077185612257265 0.45077185612257265 0.45077185612257265 0.45077185612257265 0.45077185612257265 0.45077185612257265 0.45077185612257265 0.45077185612257265 0.45077185612257265 0.45077185612257265 0.45077185612257265 0.45077185612257265 0.45077185612257265 0.45077185612257265 0.45077185612257265 0.45077185612257265 0.45077185612257265 0.45077185612257265 0.45077185612257265 0.45077185612257265 0.45077185612257265 0.45077185612257265 0.45077185612257265 0.45077185612257265 0.45077185612257265 0.45077185612257265 0.45077185612257265 0.45077185612257265 0.45077185612257265 0.45077185612257265 0.45077185612257265 0.45077185612257265 0.45077185612257265 0.45077185612257265 0.4545626677752048 0.4545626677752048 0.4545626677752048 0.4545626677752048 0.4545626677752048 0.4545626677752048 0.4545626677752048 0.4545626677752048 0.4545626677752048 0.4545626677752048 0.4545626677752048 0.4545626677752048 0.4545626677752048 0.4545626677752048 0.4545626677752048 0.4545626677752048 0.4545626677752048 0.4545626677752048 0.4545626677752048 0.4545626677752048 0.4545626677752048 0.4545626677752048 0.4545626677752048 0.4545626677752048 0.4545626677752048 0.4568997663051537 0.457029254692706 0.457029254692706 0.457029254692706 0.457029254692706 0.457029254692706 0.457029254692706 0.457029254692706 0.457029254692706 0.457029254692706 0.4575468417834785 0.4575468417834785 0.4575468417834785 0.4575468417834785 0.4575468417834785 0.4575468417834785 0.4585802634088886 0.4585802634088886 0.4585802634088886 0.4585802634088886 0.4585802634088886 0.4585802634088886 0.4585802634088886 0.4585802634088886 0.4585802634088886 0.4585802634088886 0.4585802634088886 0.4585802634088886 0.4585802634088886 0.4585802634088886 0.4585802634088886 0.4585802634088886 0.4585802634088886 0.4585802634088886 0.4585802634088886 0.4585802634088886 0.4585802634088886 0.4585802634088886 0.4585802634088886 0.4585802634088886 0.4585802634088886 0.4585802634088886 0.4585802634088886 0.4585802634088886 0.4585802634088886 0.4628187371228099 0.4628187371228099 0.4628187371228099 0.4628187371228099 0.4628187371228099 0.4628187371228099 0.4628187371228099 0.4628187371228099 0.4628187371228099 0.4628187371228099 0.4628187371228099 0.4628187371228099 0.4628187371228099 0.4628187371228099 0.4628187371228099 0.4628187371228099 0.4628187371228099 0.4628187371228099 0.4628187371228099 0.4628187371228099 0.4628187371228099 0.4628187371228099 0.4628187371228099 0.46562295232066325 0.46562295232066325 0.46562295232066325 0.46562295232066325 0.46562295232066325 0.46562295232066325 0.46562295232066325 0.46562295232066325 0.46562295232066325 0.46562295232066325 0.46562295232066325 0.46562295232066325 0.46562295232066325 0.46562295232066325 0.46562295232066325 0.46727207841499807 0.46727207841499807 0.46727207841499807 0.46727207841499807 0.46727207841499807 0.46727207841499807 0.46727207841499807 0.46727207841499807 0.46727207841499807 0.46727207841499807 0.46727207841499807 0.46727207841499807 0.46727207841499807 0.46727207841499807 0.46727207841499807 0.46727207841499807 0.46727207841499807 0.46727207841499807 0.46727207841499807 0.46727207841499807 0.46727207841499807 0.4677783321695621 0.46790481002293993 0.46790481002293993 0.46790481002293993 0.46790481002293993 0.46790481002293993 0.46790481002293993 0.46790481002293993 0.46790481002293993 0.46790481002293993 0.4719342046208605 0.4719342046208605 0.4719342046208605 0.4719342046208605 0.4719342046208605 0.4719342046208605 0.4719342046208605 0.4719342046208605 0.4719342046208605 0.4719342046208605 0.4719342046208605 0.4719342046208605 0.4719342046208605 0.4743104618297845 0.4743104618297845 0.4743104618297845 0.4743104618297845 0.4743104618297845 0.4743104618297845 0.4743104618297845 0.4743104618297845 0.4743104618297845 0.4743104618297845 0.4743104618297845 0.4743104618297845 0.4743104618297845 0.4743104618297845 0.4767989913018995 0.4767989913018995 0.4767989913018995 0.4767989913018995 0.4767989913018995 0.4767989913018995 0.4767989913018995 0.4767989913018995 0.4767989913018995 0.4767989913018995 0.4767989913018995 0.4767989913018995 0.4782858940526096 0.4782858940526096 0.4786568980339706 0.4818603004112561 0.4818603004112561 0.4818603004112561 0.4818603004112561 0.4818603004112561 0.4818603004112561 0.4818603004112561 0.4818603004112561 0.4818603004112561 0.4818603004112561 0.4818603004112561 0.4818603004112561 0.4818603004112561 0.4818603004112561 0.4818603004112561 0.4818603004112561 0.4818603004112561 0.4818603004112561 0.4818603004112561 0.4818603004112561 0.4818603004112561 0.4818603004112561 0.4818603004112561 0.4818603004112561 0.4818603004112561 0.4818603004112561 0.4818603004112561 0.4818603004112561 0.4818603004112561 0.4818603004112561 0.4818603004112561 0.4830867220956178 0.4830867220956178 0.4830867220956178 0.4830867220956178 0.4830867220956178 0.4830867220956178 0.4830867220956178 0.4830867220956178 0.4830867220956178 0.4830867220956178 0.4871120061226942 0.4871120061226942 0.4871120061226942 0.4871120061226942 0.4871120061226942 0.4871120061226942 0.4871120061226942 0.4871120061226942 0.4886886207467257 0.4886886207467257 0.489535463898379 0.4919469832405993 0.4919469832405993 0.4919469832405993 0.4919469832405993 0.4925480182640652 0.4925480182640652 0.4925480182640652 0.4925480182640652 0.4925480182640652 0.4925480182640652 0.4925480182640652 0.49816230334437467 0.49816230334437467 0.49816230334437467 0.49816230334437467 0.49816230334437467 0.49816230334437467 0.49816230334437467 0.49816230334437467 0.49816230334437467 0.49911163684641024 0.49911163684641024 0.49911163684641024 0.49911163684641024 0.49911163684641024 0.49911163684641024 0.49911163684641024 0.5008867875722985 0.5008867875722985 0.5008867875722985 0.5008867875722985 0.5008867875722985 0.5008867875722985 0.5008867875722985 0.5039489032048984 0.5039489032048984 0.5039489032048984 0.5039489032048984 0.5039489032048984 0.5039489032048984 0.5039489032048984 0.5039489032048984 0.5039489032048984 0.5039489032048984 0.5039489032048984 0.5039489032048984 0.5039489032048984 0.5095536972824366 0.5095536972824366 0.5095536972824366 0.5099019513592785 0.5099019513592785 0.5099019513592785 0.5099019513592785 0.5099019513592785 0.5099019513592785 0.5099019513592785 0.5099019513592785 0.5099019513592785 0.5099019513592785 0.5099019513592785 0.5099019513592785 0.5099019513592785 0.5099019513592785 0.5099019513592785 0.5099019513592785 0.5099019513592785 0.5099019513592785 0.5099019513592785 0.5099019513592785 0.5099019513592785 0.5099019513592785 0.5099019513592785 0.5099019513592785 0.5112925956271958 0.5160156871153361 0.5160156871153361 0.5160156871153361 0.5160156871153361 0.5160156871153361 0.5160156871153361 0.5160156871153361 0.5189885474902461 0.5189885474902461 0.5189885474902461 0.5189885474902461 0.5189885474902461 0.5189885474902461 0.5189885474902461 0.5200136548047867 0.5200136548047867 0.5222844675928601 0.5222844675928601 0.5222844675928601 0.5222844675928601 0.5222844675928601 0.5222844675928601 0.5222844675928601 0.5222844675928601 0.5281428890391344 0.5281428890391344 0.5281428890391344 0.5281428890391344 0.5281428890391344 0.5281428890391344 0.5281428890391344 0.5281428890391344 0.5281428890391344 0.5281428890391344 0.5281428890391344 0.5287027777673718 0.5287027777673718 0.5287027777673718 0.5287027777673718 0.5287027777673718 0.5352652386804555 0.5352652386804555 0.5352652386804555 0.5352652386804555 0.5352652386804555 0.5352652386804555 0.5352652386804555 0.5352652386804555 0.5352652386804555 0.537361513740707 0.537361513740707 0.5419666139633396 0.5419666139633396 0.5419666139633396 0.5439282932204211 0.5466411693673805 0.5466411693673805 0.5466411693673805 0.5466411693673805 0.5466411693673805 0.5466411693673805 0.5488018148226759 0.5514907178133821 0.5557659036365674 0.5559787999874662 0.5559787999874662 0.5559787999874662 0.5559787999874662 0.5559787999874662 0.5559787999874662 0.5559787999874662 0.5559787999874662 0.5620124448494717 0.5628540963054374 0.5628540963054374 0.5653715330773218 0.5653715330773218 0.5653715330773218 0.5694386314868229 0.5694386314868229 0.5700617634968893 0.570087712549569 0.5707878910488968 0.5707878910488968 0.5723407765457931 0.5723407765457931 0.5723407765457931 0.5737089957760114 0.5740956356013935 0.5740956356013935 0.5760506223645864 0.5760506223645864 0.5773844309167755 0.5795779374242784 0.5805526850496372 0.5805526850496372 0.5805526850496372 0.5805526850496372 0.5805526850496372 0.5805526850496372 0.58309518948453 0.58309518948453 0.58309518948453 0.58309518948453 0.58309518948453 0.584817778730714 0.5858287004510699 0.5858287004510699 0.5858287004510699 0.588750557481614 0.5918579711283491 0.5918579711283491 0.5918579711283491 0.5918579711283491 0.5923576402516446 0.5938541250959624 0.59514803488876 0.6022639732634888 0.603441804844775 0.603441804844775 0.6060835570336065 0.6060835570336065 0.6060835570336065 0.6091996884068717 0.6091996884068717 0.6100732325814877 0.6130725798514238 0.6227444507079721 0.6235041270510597 0.6253992807439336 0.6276659119638568 0.6276659119638568 0.6276659119638568 0.6324555320336758 0.6324555320336758 0.6324555320336758 0.6324555320336758 0.6324555320336758 0.6373948457189722 0.6396189694149971 0.6424804005483415 0.6424804005483415 0.6424804005483415 0.6477087518467964 0.6478001006593015 0.6478001006593015 0.6530764700551115 0.6530764700551115 0.6560596018529352 0.6560596018529352 0.6560596018529352 0.6560596018529352 0.658580147477046 0.658580147477046 0.6716578447059407 0.6716578447059407 0.6716578447059407 0.6716578447059407 0.675873311891963 0.6880209161537814 0.7071067811865475 0.7101129170981089 0.7211102550927978 0.7233223805967774 0.7256908563120464 0.7269332518620412 0.7337187439791027 0.7500690303537787 0.7576044462920081 0.7615773105863908 0.7625090939413085 0.8246211251235319

UCB,9 0.2993088685899034 0.3321082022295831 0.30711484273349426 0.30653628992571186 0.3212402002741708 0.3162277660168379 0.3776288525733408 0.30711484273349426 0.2686807568703535 0.3503168472841754 0.30304177851680325 0.2733205846836903 0.21593336688643383 0.224267380570973 0.19999999999999987 0.30304177851680325 0.3321082022295831 0.30304177851680325 0.2993088685899034 0.17405705383053474

progressive,40 0.30304177851680325 0.1852553012121891 0.2902763425248186 0.2902763425248186 0.19999999999999987 0.21593336688643383 0.1852553012121891 0.19999999999999987 0.30711484273349426 0.15229992210171797 0.1852553012121891 0.2959289855641745 0.28471931574341147 0.277989399993733 0.2959289855641745 0.19999999999999987 0.2902763425248186 0.1852553012121891 0.1852553012121891 0.1852553012121891

UCB,40 0.19999999999999987 0.2733205846836903 0.2959289855641745 0.2902763425248186 0.2959289855641745 0.21593336688643383 0.277989399993733 0.2959289855641745 0.17405705383053474 0.21593336688643383 0.224267380570973 0.2902763425248186 0.2504433937861493 0.2959289855641745 0.21593336688643383 0.2929143502255349 0.16605410111479146 0.2959289855641745 0.224267380570973 0.224267380570973

PI,9 0.2993088685899034 0.3321082022295831 0.30711484273349426 0.30653628992571186 0.3212402002741708 0.3162277660168379 0.3776288525733408 0.30711484273349426 0.2686807568703535 0.3503168472841754 0.30304177851680325 0.2733205846836903 0.21593336688643383 0.224267380570973 0.19999999999999987 0.30304177851680325 0.3321082022295831 0.30304177851680325 0.2993088685899034 0.17405705383053474

b2,40 0.19999999999999987 0.19999999999999987 0.1852553012121891 0.16605410111479146 0.2902763425248186 0.2929143502255349 0.2902763425248186 0.2504433937861493 0.2929143502255349 0.224267380570973 0.30304177851680325 0.1852553012121891 0.224267380570973 0.19999999999999987 0.19999999999999987 0.2902763425248186 0.2902763425248186 0.2902763425248186 0.2902763425248186 0.1852553012121891

ExpProgressive,40 0.30304177851680325 0.2959289855641745 0.19999999999999987 0.15229992210171797 0.2686807568703535 0.1852553012121891 0.2902763425248186 0.19999999999999987 0.1852553012121891 0.15229992210171797 0.1852553012121891 0.2959289855641745 0.28471931574341147 0.277989399993733 0.30304177851680325 0.3162277660168379 0.1852553012121891 0.28740833372722147 0.19999999999999987 0.2959289855641745

EI,15 0.19999999999999987 0.2929143502255349 0.2959289855641745 0.2959289855641745 0.2993088685899034 0.277989399993733 0.3321082022295831 0.17405705383053474 0.30711484273349426 0.30653628992571186 0.2993088685899034 0.29757401744438 0.2686807568703535 0.28471931574341147 0.2993088685899034 0.30304177851680325 0.23281147616033154 0.2686807568703535 0.29757401744438 0.2686807568703535

progressive,15 0.30304177851680325 0.1852553012121891 0.2902763425248186 0.2902763425248186 0.2969270625479813 0.2686807568703535 0.30711484273349426 0.19999999999999987 0.30711484273349426 0.2902763425248186 0.1852553012121891 0.24154336104780882 0.28471931574341147 0.2902763425248186 0.30711484273349426 0.1852553012121891 0.2902763425248186 0.30304177851680325 0.2993088685899034 0.2959289855641745

rand,15 0.2959289855641745 0.30304177851680325 0.30653628992571186 0.2902763425248186 0.2959289855641745 0.30711484273349426 0.2993088685899034 0.21593336688643383 0.30711484273349426 0.2902763425248186 0.2969270625479813 0.2902763425248186 0.28471931574341147 0.224267380570973 0.24154336104780882 0.224267380570973 0.20783470901701995 0.30304177851680325 0.3162277660168379 0.224267380570973

bonr,40 0.224267380570973 0.2959289855641745 0.28471931574341147 0.15229992210171797 0.2686807568703535 0.1852553012121891 0.2959289855641745 0.19999999999999987 0.1852553012121891 0.15229992210171797 0.3162277660168379 0.2959289855641745 0.28471931574341147 0.277989399993733 0.30304177851680325 0.3162277660168379 0.1852553012121891 0.28740833372722147 0.19999999999999987 0.2959289855641745

UCB,15 0.19999999999999987 0.2929143502255349 0.2959289855641745 0.2959289855641745 0.2993088685899034 0.277989399993733 0.3321082022295831 0.17405705383053474 0.30711484273349426 0.30653628992571186 0.2993088685899034 0.29757401744438 0.2686807568703535 0.28471931574341147 0.2993088685899034 0.30304177851680325 0.23281147616033154 0.2686807568703535 0.29757401744438 0.2686807568703535

bonr,15 0.282842712474619 0.3162277660168379 0.2686807568703535 0.2686807568703535 0.2969270625479813 0.30711484273349426 0.30711484273349426 0.21593336688643383 0.23281147616033154 0.2902763425248186 0.2902763425248186 0.2959289855641745 0.28471931574341147 0.2902763425248186 0.30711484273349426 0.35684349245363706 0.2902763425248186 0.30304177851680325 0.2902763425248186 0.2959289855641745

ExpProgressive,9 0.3440104580768907 0.32653823502755575 0.2902763425248186 0.2902763425248186 0.2969270625479813 0.30711484273349426 0.1852553012121891 0.21593336688643383 0.30711484273349426 0.2959289855641745 0.1852553012121891 0.24154336104780882 0.28471931574341147 0.2902763425248186 0.1852553012121891 0.2902763425248186 0.3440104580768907 0.30304177851680325 0.2993088685899034 0.2959289855641745

SimAnnealing,9 0.2929143502255349 0.2929143502255349 0.3503168472841754 0.2902763425248186 0.2902763425248186 0.30711484273349426 0.32653823502755575 0.2902763425248186 0.30711484273349426 0.2959289855641745 0.2902763425248186 0.2902763425248186 0.28471931574341147 0.2902763425248186 0.2902763425248186 0.30653628992571186 0.30304177851680325 0.2929143502255349 0.3212402002741708 0.33582892235297024

b2,9 0.19999999999999987 0.32653823502755575 0.3503168472841754 0.20783470901701995 0.2969270625479813 0.30711484273349426 0.32653823502755575 0.30711484273349426 0.2929143502255349 0.2959289855641745 0.30304177851680325 0.2969270625479813 0.28471931574341147 0.2902763425248186 0.2959289855641745 0.4354145137872279 0.4264897315578188 0.30304177851680325 0.2929143502255349 0.2959289855641745

