#
 0,              rand,40,  0.24,  0.13,  --*----            |                   ,  0.17,  0.93
 0,              bonr,40,  0.25,  0.22,  ---*-------        |                   ,  0.17,  0.93
 0,              rand,30,  0.26,  0.14,  ---*---            |                   ,  0.17,  0.93
 0,      SimAnnealing,40,  0.31,  0.17,    ----*----        |                   ,  0.17,  0.93
 0,                EI,40,  0.31,  0.09,     ---*-           |                   ,  0.17,  0.93
 0,      SimAnnealing,30,  0.31,  0.17,    ----*----        |                   ,  0.17,  0.93
 0,                PI,40,  0.31,  0.09,     ---*-           |                   ,  0.17,  0.93
 0,               UCB,40,  0.31,  0.09,     ---*-           |                   ,  0.17,  0.93
 0,               UCB,30,  0.31,  0.07,     ---*            |                   ,  0.17,  0.93
 0,                EI,30,  0.31,  0.07,     ---*            |                   ,  0.17,  0.93
 0,                PI,30,  0.31,  0.07,     ---*            |                   ,  0.17,  0.93
 0,              rand,20,  0.32,  0.16,  ------*-           |                   ,  0.17,  0.93
#
 1,               UCB,20,  0.32,  0.05,        -*           |                   ,  0.17,  0.93
 1,    ExpProgressive,40,  0.32,  0.21,  -------*---        |                   ,  0.17,  0.93
 1,    ExpProgressive,30,  0.32,  0.22,  -------*---        |                   ,  0.17,  0.93
 1,       progressive,40,  0.32,  0.20,  -------*---        |                   ,  0.17,  0.93
 1,                PI,20,  0.32,  0.05,        -*           |                   ,  0.17,  0.93
 1,                EI,20,  0.32,  0.05,        -*           |                   ,  0.17,  0.93
 1,                b2,40,  0.33,  0.15,     ----*---        |                   ,  0.17,  0.93
 1,              bonr,30,  0.33,  0.17,    -----*---        |                   ,  0.17,  0.93
 1,              rand,10,  0.33,  0.09,        -*---        |                   ,  0.17,  0.93
 1,       progressive,30,  0.34,  0.17,    ------*--        |                   ,  0.17,  0.93
 1,                b2,20,  0.35,  0.11,        --*--        |                   ,  0.17,  0.93
#
 2,      SimAnnealing,20,  0.35,  0.16,     -----*--        |                   ,  0.17,  0.93
 2,                b2,30,  0.35,  0.13,      ----*--        |                   ,  0.17,  0.93
 2,              bonr,20,  0.35,  0.16,     -----*---       |                   ,  0.17,  0.93
 2,               UCB,10,  0.36,  0.07,         --*         |                   ,  0.17,  0.93
 2,                PI,10,  0.36,  0.07,         --*         |                   ,  0.17,  0.93
 2,                EI,10,  0.36,  0.07,         --*         |                   ,  0.17,  0.93
 2,       progressive,20,  0.37,  0.11,        ---*--       |                   ,  0.17,  0.93
 2,    ExpProgressive,20,  0.37,  0.16,     ------*--       |                   ,  0.17,  0.93
 2,                b2,10,  0.38,  0.09,         ---*        |                   ,  0.17,  0.93
 2,      SimAnnealing,10,  0.39,  0.06,          --*        |                   ,  0.17,  0.93
 2,       progressive,10,  0.39,  0.07,          --*-       |                   ,  0.17,  0.93
 2,    ExpProgressive,10,  0.39,  0.07,          --*-       |                   ,  0.17,  0.93
#
 3,              bonr,10,  0.39,  0.07,          --*-       |                   ,  0.17,  0.93
#
 4,             baseline,398,  0.55,  0.20,              -------*---                ,  0.17,  0.93
