#
 0,                EI,40,  0.38,  0.05,            *-       |                   ,  0.16,  0.90
 0,                PI,40,  0.38,  0.05,            *-       |                   ,  0.16,  0.90
 0,               UCB,40,  0.38,  0.05,            *-       |                   ,  0.16,  0.90
 0,              bonr,40,  0.39,  0.03,            -*       |                   ,  0.16,  0.90
 0,      SimAnnealing,40,  0.39,  0.07,           --*       |                   ,  0.16,  0.90
 0,    ExpProgressive,40,  0.39,  0.03,            -*       |                   ,  0.16,  0.90
#
 1,       progressive,40,  0.40,  0.03,            -*       |                   ,  0.16,  0.90
 1,      SimAnnealing,30,  0.40,  0.06,           --*-      |                   ,  0.16,  0.90
 1,              bonr,30,  0.40,  0.03,             *       |                   ,  0.16,  0.90
 1,    ExpProgressive,30,  0.40,  0.03,             -*      |                   ,  0.16,  0.90
 1,       progressive,30,  0.40,  0.03,             -*      |                   ,  0.16,  0.90
 1,              bonr,20,  0.41,  0.03,             -*      |                   ,  0.16,  0.90
 1,                EI,30,  0.41,  0.03,             -*      |                   ,  0.16,  0.90
 1,                PI,30,  0.41,  0.03,             -*      |                   ,  0.16,  0.90
 1,               UCB,30,  0.41,  0.03,             -*      |                   ,  0.16,  0.90
 1,              rand,40,  0.41,  0.03,             -*      |                   ,  0.16,  0.90
#
 2,                b2,40,  0.41,  0.05,            --*      |                   ,  0.16,  0.90
 2,              rand,30,  0.41,  0.02,             -*      |                   ,  0.16,  0.90
 2,      SimAnnealing,20,  0.41,  0.05,            --*      |                   ,  0.16,  0.90
#
 3,       progressive,20,  0.42,  0.03,              *      |                   ,  0.16,  0.90
 3,                EI,20,  0.42,  0.02,              *      |                   ,  0.16,  0.90
 3,                PI,20,  0.42,  0.02,              *      |                   ,  0.16,  0.90
 3,    ExpProgressive,20,  0.42,  0.03,              *      |                   ,  0.16,  0.90
 3,               UCB,20,  0.42,  0.02,              *      |                   ,  0.16,  0.90
 3,                b2,30,  0.42,  0.05,            ---*     |                   ,  0.16,  0.90
#
 4,                b2,20,  0.42,  0.05,            ---*     |                   ,  0.16,  0.90
 4,                PI,10,  0.42,  0.03,              -*     |                   ,  0.16,  0.90
 4,                EI,10,  0.42,  0.03,              -*     |                   ,  0.16,  0.90
 4,               UCB,10,  0.42,  0.03,              -*     |                   ,  0.16,  0.90
 4,              rand,20,  0.42,  0.02,              -*     |                   ,  0.16,  0.90
 4,                b2,10,  0.43,  0.06,            ---*     |                   ,  0.16,  0.90
 4,              bonr,10,  0.43,  0.02,              -*     |                   ,  0.16,  0.90
 4,              rand,10,  0.43,  0.03,              -*     |                   ,  0.16,  0.90
 4,      SimAnnealing,10,  0.43,  0.02,              -*     |                   ,  0.16,  0.90
 4,    ExpProgressive,10,  0.43,  0.02,              -*     |                   ,  0.16,  0.90
 4,       progressive,10,  0.43,  0.02,              -*     |                   ,  0.16,  0.90
#
 5,           baseline,10000,  0.57,  0.25,                -----|*------            ,  0.16,  0.90
