#
 0,      SimAnnealing,40,  0.38,  0.04, *--                 |                   ,  0.38,  0.76
#
 1,                b2,40,  0.41,  0.02,    *-               |                   ,  0.38,  0.76
 1,              bonr,40,  0.41,  0.02,    *-               |                   ,  0.38,  0.76
 1,      SimAnnealing,30,  0.41,  0.04, ---*                |                   ,  0.38,  0.76
#
 2,              bonr,30,  0.42,  0.02,    -*               |                   ,  0.38,  0.76
 2,      SimAnnealing,20,  0.43,  0.05,    --*--            |                   ,  0.38,  0.76
 2,    ExpProgressive,30,  0.43,  0.03,    --*-             |                   ,  0.38,  0.76
 2,    ExpProgressive,40,  0.43,  0.02,    --*              |                   ,  0.38,  0.76
 2,       progressive,40,  0.43,  0.02,    --*              |                   ,  0.38,  0.76
 2,                EI,30,  0.43,  0.04,      *---           |                   ,  0.38,  0.76
 2,              rand,40,  0.43,  0.06,    --*---           |                   ,  0.38,  0.76
 2,               UCB,30,  0.43,  0.04,      *---           |                   ,  0.38,  0.76
 2,               UCB,40,  0.43,  0.04,    --*-             |                   ,  0.38,  0.76
 2,                EI,40,  0.43,  0.04,    --*-             |                   ,  0.38,  0.76
#
 3,       progressive,30,  0.43,  0.02,     -*-             |                   ,  0.38,  0.76
 3,                b2,30,  0.43,  0.01,      *-             |                   ,  0.38,  0.76
 3,                PI,40,  0.43,  0.04,    --*-             |                   ,  0.38,  0.76
 3,              bonr,20,  0.43,  0.04,    --*-             |                   ,  0.38,  0.76
 3,                PI,30,  0.43,  0.04,      *---           |                   ,  0.38,  0.76
 3,                b2,20,  0.44,  0.04,      --*-           |                   ,  0.38,  0.76
 3,    ExpProgressive,20,  0.45,  0.05,      --*--          |                   ,  0.38,  0.76
 3,       progressive,20,  0.45,  0.04,      --*--          |                   ,  0.38,  0.76
 3,              rand,30,  0.46,  0.03,      ---*           |                   ,  0.38,  0.76
#
 4,              bonr,10,  0.47,  0.06,      ----*-         |                   ,  0.38,  0.76
 4,                b2,10,  0.47,  0.02,          *-         |                   ,  0.38,  0.76
 4,                EI,20,  0.47,  0.02,         --*         |                   ,  0.38,  0.76
 4,               UCB,20,  0.47,  0.02,         --*         |                   ,  0.38,  0.76
 4,                PI,20,  0.47,  0.02,         --*         |                   ,  0.38,  0.76
 4,              rand,20,  0.47,  0.02,          -*         |                   ,  0.38,  0.76
 4,      SimAnnealing,10,  0.47,  0.06,      -----*         |                   ,  0.38,  0.76
 4,       progressive,10,  0.48,  0.03,         --*         |                   ,  0.38,  0.76
 4,                PI,10,  0.48,  0.04,        ---*         |                   ,  0.38,  0.76
 4,              rand,10,  0.48,  0.03,          -*-        |                   ,  0.38,  0.76
 4,               UCB,10,  0.48,  0.04,        ---*         |                   ,  0.38,  0.76
 4,    ExpProgressive,10,  0.48,  0.03,         --*         |                   ,  0.38,  0.76
#
 5,                EI,10,  0.48,  0.04,        ---*         |                   ,  0.38,  0.76
#
 6,              baseline,93,  0.49,  0.03,          --*        |                   ,  0.38,  0.76
