#
 0,    ExpProgressive,40,  0.08,  0.03,  -*                 |                   ,  0.04,  0.76
 0,              rand,30,  0.08,  0.04,  -*-                |                   ,  0.04,  0.76
 0,      SimAnnealing,40,  0.08,  0.03,  -*                 |                   ,  0.04,  0.76
 0,              rand,40,  0.09,  0.04,  -*                 |                   ,  0.04,  0.76
 0,       progressive,40,  0.09,  0.03,  -*                 |                   ,  0.04,  0.76
 0,                b2,40,  0.09,  0.02,  -*                 |                   ,  0.04,  0.76
 0,                b2,30,  0.09,  0.04,  -*                 |                   ,  0.04,  0.76
 0,                EI,40,  0.09,  0.01,   *                 |                   ,  0.04,  0.76
 0,                PI,40,  0.09,  0.01,   *                 |                   ,  0.04,  0.76
 0,               UCB,40,  0.09,  0.01,   *                 |                   ,  0.04,  0.76
 0,              bonr,40,  0.09,  0.04,  -*                 |                   ,  0.04,  0.76
 0,    ExpProgressive,30,  0.09,  0.07,  -*--               |                   ,  0.04,  0.76
 0,                PI,30,  0.09,  0.05,  -*-                |                   ,  0.04,  0.76
 0,                EI,30,  0.09,  0.05,  -*-                |                   ,  0.04,  0.76
 0,               UCB,30,  0.09,  0.05,  -*-                |                   ,  0.04,  0.76
 0,       progressive,30,  0.09,  0.04,  -*                 |                   ,  0.04,  0.76
 0,                b2,20,  0.09,  0.06,  --*-               |                   ,  0.04,  0.76
#
 1,      SimAnnealing,30,  0.10,  0.03,   -*                |                   ,  0.04,  0.76
 1,                PI,20,  0.10,  0.05,   -*                |                   ,  0.04,  0.76
 1,                EI,20,  0.10,  0.05,   -*                |                   ,  0.04,  0.76
 1,      SimAnnealing,20,  0.10,  0.02,    *                |                   ,  0.04,  0.76
 1,               UCB,20,  0.10,  0.05,   -*                |                   ,  0.04,  0.76
 1,              rand,20,  0.11,  0.04,   -*                |                   ,  0.04,  0.76
 1,              bonr,30,  0.11,  0.05,   -*-               |                   ,  0.04,  0.76
 1,       progressive,20,  0.11,  0.06,   -*-               |                   ,  0.04,  0.76
 1,              bonr,20,  0.11,  0.06,   --*-              |                   ,  0.04,  0.76
 1,                PI,10,  0.12,  0.08,   --*-              |                   ,  0.04,  0.76
#
 2,                EI,10,  0.12,  0.08,   --*-              |                   ,  0.04,  0.76
 2,               UCB,10,  0.12,  0.08,   --*-              |                   ,  0.04,  0.76
 2,    ExpProgressive,20,  0.12,  0.06,   --*-              |                   ,  0.04,  0.76
 2,      SimAnnealing,10,  0.12,  0.05,    -*-              |                   ,  0.04,  0.76
#
 3,              rand,10,  0.14,  0.06,    --*              |                   ,  0.04,  0.76
 3,                b2,10,  0.14,  0.08,    --*--            |                   ,  0.04,  0.76
 3,       progressive,10,  0.15,  0.08,     -*--            |                   ,  0.04,  0.76
 3,              bonr,10,  0.15,  0.07,   ---*              |                   ,  0.04,  0.76
 3,    ExpProgressive,10,  0.15,  0.08,     --*-            |                   ,  0.04,  0.76
#
 4,             baseline,500,  0.33,  0.24,          -------*---|-                  ,  0.04,  0.76
