#
 0,      SimAnnealing,40,  0.07,  0.01, *                   |                   ,  0.07,  0.90
 0,      SimAnnealing,30,  0.08,  0.03, *                   |                   ,  0.07,  0.90
#
 1,      SimAnnealing,20,  0.08,  0.13, *-----              |                   ,  0.07,  0.90
 1,    ExpProgressive,40,  0.10,  0.09, -*--                |                   ,  0.07,  0.90
 1,              bonr,40,  0.10,  0.09, -*--                |                   ,  0.07,  0.90
 1,              bonr,30,  0.15,  0.14, ----*--             |                   ,  0.07,  0.90
 1,       progressive,40,  0.15,  0.13, ----*-              |                   ,  0.07,  0.90
 1,                b2,30,  0.15,  0.13, ----*-              |                   ,  0.07,  0.90
 1,    ExpProgressive,30,  0.15,  0.11,   --*---            |                   ,  0.07,  0.90
 1,                b2,40,  0.15,  0.09, ----*               |                   ,  0.07,  0.90
 1,              rand,40,  0.18,  0.15, -----*-             |                   ,  0.07,  0.90
 1,              rand,30,  0.18,  0.15, -----*-             |                   ,  0.07,  0.90
 1,                EI,40,  0.18,  0.13, -----*              |                   ,  0.07,  0.90
#
 2,                PI,40,  0.18,  0.13, -----*              |                   ,  0.07,  0.90
 2,               UCB,40,  0.18,  0.13, -----*              |                   ,  0.07,  0.90
 2,       progressive,30,  0.18,  0.10,  ----*              |                   ,  0.07,  0.90
#
 3,                PI,30,  0.19,  0.08,     --*-            |                   ,  0.07,  0.90
 3,                EI,30,  0.19,  0.08,     --*-            |                   ,  0.07,  0.90
 3,               UCB,30,  0.19,  0.08,     --*-            |                   ,  0.07,  0.90
 3,       progressive,20,  0.20,  0.09,     --*-            |                   ,  0.07,  0.90
 3,                b2,20,  0.20,  0.10,     --*-            |                   ,  0.07,  0.90
#
 4,    ExpProgressive,20,  0.20,  0.15,   ----*---          |                   ,  0.07,  0.90
 4,              bonr,20,  0.22,  0.09,     ---*            |                   ,  0.07,  0.90
 4,              rand,20,  0.22,  0.09,      --*-           |                   ,  0.07,  0.90
 4,                PI,20,  0.22,  0.13,   -----*-           |                   ,  0.07,  0.90
 4,                EI,20,  0.22,  0.13,   -----*-           |                   ,  0.07,  0.90
 4,               UCB,20,  0.22,  0.13,   -----*-           |                   ,  0.07,  0.90
#
 5,      SimAnnealing,10,  0.24,  0.07,       --*-          |                   ,  0.07,  0.90
 5,              bonr,10,  0.24,  0.10,       --*--         |                   ,  0.07,  0.90
 5,       progressive,10,  0.24,  0.05,         *-          |                   ,  0.07,  0.90
 5,    ExpProgressive,10,  0.24,  0.06,        -*-          |                   ,  0.07,  0.90
 5,                b2,10,  0.24,  0.06,       --*           |                   ,  0.07,  0.90
 5,              rand,10,  0.25,  0.10,        -*---        |                   ,  0.07,  0.90
#
 6,                PI,10,  0.26,  0.07,        --*          |                   ,  0.07,  0.90
 6,                EI,10,  0.26,  0.07,        --*          |                   ,  0.07,  0.90
 6,               UCB,10,  0.26,  0.07,        --*          |                   ,  0.07,  0.90
#
 7,             baseline,500,  0.52,  0.22,                 ----|*----              ,  0.07,  0.90
