#
 0,                b2,40,  0.26,  0.07,     --*-            |                   ,  0.15,  0.88
 0,      SimAnnealing,40,  0.28,  0.05,       -*            |                   ,  0.15,  0.88
 0,                b2,30,  0.28,  0.06,       -*-           |                   ,  0.15,  0.88
 0,                EI,40,  0.28,  0.05,       -*            |                   ,  0.15,  0.88
 0,              bonr,40,  0.28,  0.07,     ---*            |                   ,  0.15,  0.88
 0,                PI,40,  0.28,  0.05,       -*            |                   ,  0.15,  0.88
 0,               UCB,40,  0.28,  0.05,       -*            |                   ,  0.15,  0.88
#
 1,       progressive,40,  0.28,  0.03,        *            |                   ,  0.15,  0.88
 1,              rand,40,  0.30,  0.05,       --*           |                   ,  0.15,  0.88
 1,    ExpProgressive,30,  0.30,  0.08,        -*--         |                   ,  0.15,  0.88
 1,    ExpProgressive,40,  0.30,  0.06,       --*           |                   ,  0.15,  0.88
 1,              bonr,30,  0.30,  0.06,       --*-          |                   ,  0.15,  0.88
#
 2,       progressive,30,  0.30,  0.04,        -*           |                   ,  0.15,  0.88
 2,              rand,30,  0.31,  0.07,        -*-          |                   ,  0.15,  0.88
 2,                EI,20,  0.31,  0.08,        -*--         |                   ,  0.15,  0.88
 2,                PI,20,  0.31,  0.08,        -*--         |                   ,  0.15,  0.88
 2,      SimAnnealing,30,  0.31,  0.09,       --*--         |                   ,  0.15,  0.88
 2,               UCB,20,  0.31,  0.08,        -*--         |                   ,  0.15,  0.88
 2,                EI,30,  0.32,  0.08,        --*-         |                   ,  0.15,  0.88
 2,                PI,30,  0.32,  0.08,        --*-         |                   ,  0.15,  0.88
 2,               UCB,30,  0.32,  0.08,        --*-         |                   ,  0.15,  0.88
 2,                b2,20,  0.32,  0.08,        --*-         |                   ,  0.15,  0.88
 2,       progressive,20,  0.33,  0.05,         -*          |                   ,  0.15,  0.88
 2,              bonr,20,  0.33,  0.10,         -*---       |                   ,  0.15,  0.88
 2,    ExpProgressive,20,  0.33,  0.08,         -*--        |                   ,  0.15,  0.88
 2,                PI,10,  0.33,  0.08,         -*--        |                   ,  0.15,  0.88
#
 3,                EI,10,  0.33,  0.08,         -*--        |                   ,  0.15,  0.88
 3,               UCB,10,  0.33,  0.08,         -*--        |                   ,  0.15,  0.88
 3,              rand,20,  0.35,  0.05,          -*-        |                   ,  0.15,  0.88
 3,      SimAnnealing,20,  0.35,  0.07,        ----*        |                   ,  0.15,  0.88
 3,       progressive,10,  0.36,  0.15,          --*-----   |                   ,  0.15,  0.88
 3,                b2,10,  0.36,  0.07,          --*-       |                   ,  0.15,  0.88
#
 4,              rand,10,  0.37,  0.11,          ---*--     |                   ,  0.15,  0.88
 4,      SimAnnealing,10,  0.39,  0.05,            -*-      |                   ,  0.15,  0.88
 4,    ExpProgressive,10,  0.41,  0.13,          -----*--   |                   ,  0.15,  0.88
 4,              bonr,10,  0.41,  0.13,            ---*---  |                   ,  0.15,  0.88
#
 5,             baseline,500,  0.58,  0.19,                   --|--*----            ,  0.15,  0.88
