#
 0,                EI,40,  0.04,  0.03,  *-                 |                   ,  0.00,  0.77
 0,                PI,40,  0.04,  0.03,  *-                 |                   ,  0.00,  0.77
 0,               UCB,40,  0.04,  0.03,  *-                 |                   ,  0.00,  0.77
 0,                b2,30,  0.05,  0.03,   *                 |                   ,  0.00,  0.77
 0,                b2,40,  0.05,  0.03,  -*                 |                   ,  0.00,  0.77
 0,       progressive,40,  0.05,  0.02,  -*                 |                   ,  0.00,  0.77
 0,      SimAnnealing,40,  0.06,  0.04, --*                 |                   ,  0.00,  0.77
#
 1,      SimAnnealing,20,  0.06,  0.04,   *-                |                   ,  0.00,  0.77
 1,      SimAnnealing,30,  0.06,  0.02,   *                 |                   ,  0.00,  0.77
 1,    ExpProgressive,40,  0.06,  0.05,  --*                |                   ,  0.00,  0.77
 1,              bonr,40,  0.06,  0.03,  --*                |                   ,  0.00,  0.77
 1,       progressive,30,  0.06,  0.07,   -*-               |                   ,  0.00,  0.77
#
 2,              bonr,30,  0.06,  0.04,    *-               |                   ,  0.00,  0.77
 2,    ExpProgressive,30,  0.06,  0.04,    *-               |                   ,  0.00,  0.77
 2,                b2,20,  0.07,  0.06,    *--              |                   ,  0.00,  0.77
 2,              rand,40,  0.07,  0.07,   -*-               |                   ,  0.00,  0.77
 2,              bonr,20,  0.07,  0.09,    *---             |                   ,  0.00,  0.77
 2,              rand,30,  0.07,  0.07,   -*-               |                   ,  0.00,  0.77
 2,    ExpProgressive,20,  0.07,  0.09,    *---             |                   ,  0.00,  0.77
 2,               UCB,30,  0.09,  0.04,    -*               |                   ,  0.00,  0.77
 2,                EI,30,  0.09,  0.04,    -*               |                   ,  0.00,  0.77
 2,      SimAnnealing,10,  0.09,  0.11,   --*---            |                   ,  0.00,  0.77
 2,                PI,30,  0.09,  0.04,    -*               |                   ,  0.00,  0.77
 2,              rand,20,  0.10,  0.11,   ---*-             |                   ,  0.00,  0.77
 2,       progressive,20,  0.11,  0.08,    --*-             |                   ,  0.00,  0.77
#
 3,                b2,10,  0.11,  0.11,     -*----          |                   ,  0.00,  0.77
 3,              rand,10,  0.12,  0.08,     --*-            |                   ,  0.00,  0.77
 3,                EI,20,  0.12,  0.10,    ---*-            |                   ,  0.00,  0.77
 3,                PI,20,  0.12,  0.10,    ---*-            |                   ,  0.00,  0.77
 3,               UCB,20,  0.12,  0.10,    ---*-            |                   ,  0.00,  0.77
 3,               UCB,10,  0.15,  0.10,       -*---         |                   ,  0.00,  0.77
#
 4,                PI,10,  0.15,  0.10,       -*---         |                   ,  0.00,  0.77
 4,                EI,10,  0.15,  0.10,       -*---         |                   ,  0.00,  0.77
 4,       progressive,10,  0.15,  0.11,     ----*-          |                   ,  0.00,  0.77
 4,    ExpProgressive,10,  0.17,  0.11,      ---*-          |                   ,  0.00,  0.77
 4,              bonr,10,  0.17,  0.14,      ---*---        |                   ,  0.00,  0.77
#
 5,             baseline,500,  0.41,  0.21,                -----|*---               ,  0.00,  0.77
