#
 0,                b2,30,  0.00,  0.09, *--                 |                   ,  0.00,  0.95
 0,                b2,40,  0.00,  0.06, *-                  |                   ,  0.00,  0.95
#
 1,              rand,40,  0.06,  0.14, --*--               |                   ,  0.00,  0.95
#
 2,              rand,30,  0.06,  0.16,   *------           |                   ,  0.00,  0.95
 2,      SimAnnealing,40,  0.09,  0.16,   -*-----           |                   ,  0.00,  0.95
 2,      SimAnnealing,30,  0.13,  0.16,   ---*---           |                   ,  0.00,  0.95
 2,                b2,20,  0.13,  0.23, -----*---           |                   ,  0.00,  0.95
 2,              bonr,40,  0.13,  0.14,    --*---           |                   ,  0.00,  0.95
#
 3,              rand,20,  0.19,  0.16,   -----*-           |                   ,  0.00,  0.95
 3,    ExpProgressive,40,  0.19,  0.17,   -----*-           |                   ,  0.00,  0.95
 3,                EI,40,  0.19,  0.14,    ----*-           |                   ,  0.00,  0.95
 3,                PI,40,  0.19,  0.14,    ----*-           |                   ,  0.00,  0.95
 3,               UCB,40,  0.19,  0.14,    ----*-           |                   ,  0.00,  0.95
 3,      SimAnnealing,20,  0.22,  0.21,    ------*--        |                   ,  0.00,  0.95
 3,                PI,30,  0.22,  0.19,   -------*          |                   ,  0.00,  0.95
 3,                EI,30,  0.22,  0.19,   -------*          |                   ,  0.00,  0.95
 3,               UCB,30,  0.22,  0.19,   -------*          |                   ,  0.00,  0.95
 3,       progressive,40,  0.22,  0.17,   -------*          |                   ,  0.00,  0.95
 3,                PI,20,  0.22,  0.15,      ----*-         |                   ,  0.00,  0.95
 3,                EI,20,  0.22,  0.15,      ----*-         |                   ,  0.00,  0.95
 3,    ExpProgressive,30,  0.22,  0.16,    ------*          |                   ,  0.00,  0.95
 3,       progressive,30,  0.22,  0.16,      ----*--        |                   ,  0.00,  0.95
 3,               UCB,20,  0.22,  0.15,      ----*-         |                   ,  0.00,  0.95
 3,                b2,10,  0.23,  0.21,    ------*--        |                   ,  0.00,  0.95
#
 4,       progressive,20,  0.23,  0.14,        --*----      |                   ,  0.00,  0.95
 4,              bonr,30,  0.23,  0.21,    ------*--        |                   ,  0.00,  0.95
 4,              rand,10,  0.23,  0.25,    ------*----      |                   ,  0.00,  0.95
 4,              bonr,20,  0.23,  0.18,      ----*--        |                   ,  0.00,  0.95
 4,    ExpProgressive,20,  0.23,  0.16,        --*----      |                   ,  0.00,  0.95
#
 5,      SimAnnealing,10,  0.31,  0.26,      -------*---    |                   ,  0.00,  0.95
 5,                PI,10,  0.31,  0.12,           --*--     |                   ,  0.00,  0.95
 5,              bonr,10,  0.31,  0.17,          ---*---    |                   ,  0.00,  0.95
 5,                EI,10,  0.31,  0.12,           --*--     |                   ,  0.00,  0.95
 5,               UCB,10,  0.31,  0.12,           --*--     |                   ,  0.00,  0.95
 5,       progressive,10,  0.35,  0.19,          -----*--   |                   ,  0.00,  0.95
 5,    ExpProgressive,10,  0.35,  0.19,          -----*--   |                   ,  0.00,  0.95
#
 6,             baseline,206,  0.56,  0.29,                  ---|--*-----           ,  0.00,  0.95
