#
 0,               UCB,40,  0.06,  0.03,   *                 |                   ,  0.00,  1.00
 0,                EI,40,  0.06,  0.03,   *                 |                   ,  0.00,  1.00
 0,                PI,40,  0.06,  0.03,   *                 |                   ,  0.00,  1.00
 0,              rand,40,  0.06,  0.02,   *                 |                   ,  0.00,  1.00
 0,              rand,30,  0.07,  0.02,   *                 |                   ,  0.00,  1.00
 0,                EI,30,  0.07,  0.02,   *                 |                   ,  0.00,  1.00
 0,               UCB,30,  0.07,  0.02,   *                 |                   ,  0.00,  1.00
 0,                PI,30,  0.07,  0.02,   *                 |                   ,  0.00,  1.00
#
 1,       progressive,30,  0.07,  0.03,   *                 |                   ,  0.00,  1.00
 1,                EI,20,  0.07,  0.03,   *                 |                   ,  0.00,  1.00
 1,               UCB,20,  0.07,  0.03,   *                 |                   ,  0.00,  1.00
 1,                PI,20,  0.07,  0.03,   *                 |                   ,  0.00,  1.00
 1,    ExpProgressive,30,  0.08,  0.04,   -*                |                   ,  0.00,  1.00
 1,       progressive,40,  0.08,  0.03,   -*                |                   ,  0.00,  1.00
 1,              bonr,40,  0.08,  0.04,   -*                |                   ,  0.00,  1.00
 1,    ExpProgressive,20,  0.08,  0.04,   -*                |                   ,  0.00,  1.00
 1,              rand,20,  0.08,  0.02,   -*                |                   ,  0.00,  1.00
 1,       progressive,20,  0.08,  0.03,   -*                |                   ,  0.00,  1.00
 1,    ExpProgressive,40,  0.08,  0.04,   -*                |                   ,  0.00,  1.00
 1,              bonr,30,  0.08,  0.04,   -*                |                   ,  0.00,  1.00
#
 2,              bonr,20,  0.08,  0.04,   -*                |                   ,  0.00,  1.00
 2,              rand,10,  0.09,  0.05,   -*                |                   ,  0.00,  1.00
 2,                PI,10,  0.09,  0.02,   -*                |                   ,  0.00,  1.00
 2,                EI,10,  0.09,  0.02,   -*                |                   ,  0.00,  1.00
 2,               UCB,10,  0.09,  0.02,   -*                |                   ,  0.00,  1.00
 2,              bonr,10,  0.09,  0.04,   -*                |                   ,  0.00,  1.00
 2,      SimAnnealing,30,  0.09,  0.05,   -*                |                   ,  0.00,  1.00
 2,      SimAnnealing,40,  0.09,  0.05,   -*                |                   ,  0.00,  1.00
 2,      SimAnnealing,20,  0.09,  0.05,   -*                |                   ,  0.00,  1.00
 2,      SimAnnealing,10,  0.09,  0.05,   -*                |                   ,  0.00,  1.00
 2,    ExpProgressive,10,  0.09,  0.04,   -*                |                   ,  0.00,  1.00
 2,       progressive,10,  0.09,  0.04,   -*                |                   ,  0.00,  1.00
 2,                b2,20,  0.11,  0.05,    -*               |                   ,  0.00,  1.00
 2,                b2,30,  0.11,  0.05,    -*               |                   ,  0.00,  1.00
 2,                b2,40,  0.11,  0.05,    -*               |                   ,  0.00,  1.00
 2,                b2,10,  0.11,  0.05,    -*               |                   ,  0.00,  1.00
#
 3,            baseline,1512,  0.27,  0.26,      -----*----     |                   ,  0.00,  1.00
