#
 0,      SimAnnealing,40,  0.32,  0.08, *-----              |                   ,  0.32,  0.86
 0,               UCB,40,  0.35,  0.06, --*-                |                   ,  0.32,  0.86
 0,                EI,40,  0.35,  0.06, --*-                |                   ,  0.32,  0.86
 0,                PI,40,  0.35,  0.06, --*-                |                   ,  0.32,  0.86
 0,                b2,40,  0.37,  0.07,   -*---             |                   ,  0.32,  0.86
 0,              rand,40,  0.37,  0.03,   --*               |                   ,  0.32,  0.86
 0,              rand,30,  0.37,  0.04,   --*               |                   ,  0.32,  0.86
#
 1,                EI,20,  0.38,  0.02,    -*               |                   ,  0.32,  0.86
 1,                EI,30,  0.38,  0.06,   --*-              |                   ,  0.32,  0.86
 1,               UCB,30,  0.38,  0.06,   --*-              |                   ,  0.32,  0.86
 1,               UCB,20,  0.38,  0.02,    -*               |                   ,  0.32,  0.86
 1,                PI,20,  0.38,  0.02,    -*               |                   ,  0.32,  0.86
 1,                PI,30,  0.38,  0.06,   --*-              |                   ,  0.32,  0.86
 1,                b2,20,  0.38,  0.08,    -*----           |                   ,  0.32,  0.86
 1,      SimAnnealing,30,  0.38,  0.08, ----*-              |                   ,  0.32,  0.86
 1,                b2,30,  0.38,  0.10,   --*----           |                   ,  0.32,  0.86
 1,              rand,20,  0.39,  0.06,    --*--            |                   ,  0.32,  0.86
 1,      SimAnnealing,20,  0.40,  0.10,   ----*---          |                   ,  0.32,  0.86
 1,    ExpProgressive,40,  0.40,  0.10,   ----*--           |                   ,  0.32,  0.86
#
 2,              bonr,40,  0.41,  0.08,   ----*-            |                   ,  0.32,  0.86
 2,       progressive,30,  0.41,  0.08,     --*---          |                   ,  0.32,  0.86
 2,    ExpProgressive,30,  0.41,  0.08,     --*---          |                   ,  0.32,  0.86
 2,       progressive,40,  0.41,  0.10,   ----*--           |                   ,  0.32,  0.86
 2,              bonr,30,  0.42,  0.07,     ----*-          |                   ,  0.32,  0.86
 2,                PI,10,  0.44,  0.09,     -----*          |                   ,  0.32,  0.86
 2,                EI,10,  0.44,  0.09,     -----*          |                   ,  0.32,  0.86
 2,               UCB,10,  0.44,  0.09,     -----*          |                   ,  0.32,  0.86
#
 3,      SimAnnealing,10,  0.44,  0.08,       ---*-         |                   ,  0.32,  0.86
 3,                b2,10,  0.44,  0.06,       ---*-         |                   ,  0.32,  0.86
 3,              rand,10,  0.45,  0.07,       ---*-         |                   ,  0.32,  0.86
 3,       progressive,20,  0.45,  0.07,     -----*          |                   ,  0.32,  0.86
 3,    ExpProgressive,20,  0.45,  0.07,     ------*         |                   ,  0.32,  0.86
 3,              bonr,20,  0.45,  0.04,         --*         |                   ,  0.32,  0.86
#
 4,    ExpProgressive,10,  0.46,  0.06,         --*-        |                   ,  0.32,  0.86
 4,       progressive,10,  0.46,  0.06,        ---*         |                   ,  0.32,  0.86
 4,              bonr,10,  0.46,  0.04,          -*-        |                   ,  0.32,  0.86
#
 5,             baseline,196,  0.53,  0.14,            ----*----|-                  ,  0.32,  0.86
