#
 0,      SimAnnealing,30,  0.17,  0.11, --*---              |                   ,  0.12,  0.84
 0,      SimAnnealing,40,  0.17,  0.11, --*---              |                   ,  0.12,  0.84
 0,               UCB,40,  0.17,  0.09, --*--               |                   ,  0.12,  0.84
 0,                EI,40,  0.17,  0.09, --*--               |                   ,  0.12,  0.84
 0,                PI,40,  0.17,  0.09, --*--               |                   ,  0.12,  0.84
 0,                b2,40,  0.18,  0.11, --*---              |                   ,  0.12,  0.84
 0,                EI,30,  0.18,  0.14, ---*----            |                   ,  0.12,  0.84
 0,               UCB,30,  0.18,  0.14, ---*----            |                   ,  0.12,  0.84
 0,                b2,30,  0.18,  0.10,  --*--              |                   ,  0.12,  0.84
 0,                PI,30,  0.18,  0.14, ---*----            |                   ,  0.12,  0.84
#
 1,              rand,40,  0.19,  0.06,   -*--              |                   ,  0.12,  0.84
 1,                b2,20,  0.22,  0.09,    --*--            |                   ,  0.12,  0.84
 1,                EI,20,  0.23,  0.07,      *---           |                   ,  0.12,  0.84
 1,               UCB,20,  0.23,  0.07,      *---           |                   ,  0.12,  0.84
 1,                PI,20,  0.23,  0.07,      *---           |                   ,  0.12,  0.84
 1,              rand,20,  0.23,  0.10,   ----*-            |                   ,  0.12,  0.84
 1,              rand,30,  0.23,  0.07,   ----*             |                   ,  0.12,  0.84
 1,      SimAnnealing,20,  0.24,  0.11,   ----*-            |                   ,  0.12,  0.84
#
 2,      SimAnnealing,10,  0.25,  0.13,    ----*---         |                   ,  0.12,  0.84
 2,    ExpProgressive,40,  0.25,  0.12,    ----*--          |                   ,  0.12,  0.84
 2,              bonr,40,  0.28,  0.13,    -----*--         |                   ,  0.12,  0.84
 2,    ExpProgressive,20,  0.28,  0.13,    -----*--         |                   ,  0.12,  0.84
 2,       progressive,30,  0.28,  0.08,       --*--         |                   ,  0.12,  0.84
 2,              rand,10,  0.28,  0.07,       --*-          |                   ,  0.12,  0.84
 2,    ExpProgressive,30,  0.28,  0.13,    -----*--         |                   ,  0.12,  0.84
 2,       progressive,40,  0.28,  0.08,       --*--         |                   ,  0.12,  0.84
 2,              bonr,30,  0.28,  0.08,       --*--         |                   ,  0.12,  0.84
 2,                b2,10,  0.29,  0.08,       ---*          |                   ,  0.12,  0.84
 2,                PI,10,  0.29,  0.13,    ------*          |                   ,  0.12,  0.84
 2,                EI,10,  0.29,  0.13,    ------*          |                   ,  0.12,  0.84
 2,               UCB,10,  0.29,  0.13,    ------*          |                   ,  0.12,  0.84
 2,    ExpProgressive,10,  0.29,  0.08,       ---*-         |                   ,  0.12,  0.84
 2,       progressive,10,  0.30,  0.08,       ---*-         |                   ,  0.12,  0.84
 2,              bonr,10,  0.30,  0.08,       ---*-         |                   ,  0.12,  0.84
 2,              bonr,20,  0.31,  0.08,       ----*         |                   ,  0.12,  0.84
 2,       progressive,20,  0.31,  0.08,       ----*         |                   ,  0.12,  0.84
#
 3,             baseline,756,  0.37,  0.20,           ---*------|                   ,  0.12,  0.84
