#
 0,              rand,30,  0.38,  0.05, --*-                |                   ,  0.35,  0.88
 0,              rand,40,  0.38,  0.04, --*                 |                   ,  0.35,  0.88
 0,                EI,40,  0.39,  0.04,  --*                |                   ,  0.35,  0.88
 0,                PI,40,  0.39,  0.04,  --*                |                   ,  0.35,  0.88
 0,               UCB,40,  0.39,  0.04,  --*                |                   ,  0.35,  0.88
 0,                EI,20,  0.40,  0.07, ---*-               |                   ,  0.35,  0.88
 0,                EI,30,  0.40,  0.07, ---*-               |                   ,  0.35,  0.88
 0,                PI,20,  0.40,  0.07, ---*-               |                   ,  0.35,  0.88
 0,              bonr,40,  0.40,  0.08, ---*--              |                   ,  0.35,  0.88
 0,                PI,30,  0.40,  0.07, ---*-               |                   ,  0.35,  0.88
 0,               UCB,30,  0.40,  0.07, ---*-               |                   ,  0.35,  0.88
 0,               UCB,20,  0.40,  0.07, ---*-               |                   ,  0.35,  0.88
 0,              rand,20,  0.40,  0.06,   --*--             |                   ,  0.35,  0.88
 0,       progressive,40,  0.40,  0.08, ----*-              |                   ,  0.35,  0.88
 0,                b2,40,  0.41,  0.05,   --*-              |                   ,  0.35,  0.88
#
 1,    ExpProgressive,40,  0.41,  0.06,   --*--             |                   ,  0.35,  0.88
 1,                b2,20,  0.41,  0.07,   ---*-             |                   ,  0.35,  0.88
 1,                b2,30,  0.41,  0.07,   ---*-             |                   ,  0.35,  0.88
 1,      SimAnnealing,40,  0.42,  0.05,    --*-             |                   ,  0.35,  0.88
 1,                PI,10,  0.42,  0.07,    --*--            |                   ,  0.35,  0.88
 1,                EI,10,  0.42,  0.07,    --*--            |                   ,  0.35,  0.88
 1,               UCB,10,  0.42,  0.07,    --*--            |                   ,  0.35,  0.88
 1,       progressive,30,  0.42,  0.06,   ---*-             |                   ,  0.35,  0.88
 1,              bonr,20,  0.43,  0.06,    ---*-            |                   ,  0.35,  0.88
 1,       progressive,20,  0.43,  0.06,    ---*-            |                   ,  0.35,  0.88
 1,      SimAnnealing,30,  0.43,  0.05,    ---*             |                   ,  0.35,  0.88
 1,              bonr,30,  0.43,  0.07,    ---*-            |                   ,  0.35,  0.88
 1,      SimAnnealing,20,  0.45,  0.05,    ----*            |                   ,  0.35,  0.88
#
 2,    ExpProgressive,30,  0.45,  0.06,     ---*            |                   ,  0.35,  0.88
 2,    ExpProgressive,20,  0.45,  0.06,     ---*            |                   ,  0.35,  0.88
 2,              bonr,10,  0.45,  0.06,     ---*            |                   ,  0.35,  0.88
 2,              rand,10,  0.45,  0.06,     ---*-           |                   ,  0.35,  0.88
 2,                b2,10,  0.46,  0.06,     ----*           |                   ,  0.35,  0.88
#
 3,       progressive,10,  0.46,  0.06,     ----*           |                   ,  0.35,  0.88
 3,      SimAnnealing,10,  0.46,  0.06,     ----*           |                   ,  0.35,  0.88
 3,    ExpProgressive,10,  0.46,  0.05,      ---*           |                   ,  0.35,  0.88
#
 4,             baseline,196,  0.53,  0.16,           ----*-----|-                  ,  0.35,  0.88
