#
 0,       progressive,40,  0.31,  0.15, ----*---            |                   ,  0.23,  0.97
#
 1,    ExpProgressive,40,  0.31,  0.06,     *---            |                   ,  0.23,  0.97
 1,                PI,30,  0.31,  0.07,     *---            |                   ,  0.23,  0.97
 1,                EI,40,  0.31,  0.15, ----*---            |                   ,  0.23,  0.97
 1,                EI,30,  0.31,  0.07,     *---            |                   ,  0.23,  0.97
 1,                PI,40,  0.31,  0.15, ----*---            |                   ,  0.23,  0.97
 1,               UCB,40,  0.31,  0.15, ----*---            |                   ,  0.23,  0.97
 1,               UCB,30,  0.31,  0.07,     *---            |                   ,  0.23,  0.97
 1,      SimAnnealing,40,  0.38,  0.11,     ----*-          |                   ,  0.23,  0.97
 1,       progressive,30,  0.38,  0.19, --------*-          |                   ,  0.23,  0.97
 1,       progressive,20,  0.38,  0.23,     ----*-------    |                   ,  0.23,  0.97
 1,              rand,40,  0.38,  0.15, --------*           |                   ,  0.23,  0.97
 1,      SimAnnealing,30,  0.38,  0.11,     ----*-          |                   ,  0.23,  0.97
 1,              rand,30,  0.38,  0.11,     ----*-          |                   ,  0.23,  0.97
 1,              rand,20,  0.38,  0.14,     ----*---        |                   ,  0.23,  0.97
 1,    ExpProgressive,30,  0.38,  0.13,     ----*--         |                   ,  0.23,  0.97
#
 2,              bonr,40,  0.38,  0.11,     ----*-          |                   ,  0.23,  0.97
 2,              bonr,30,  0.38,  0.04,         *-          |                   ,  0.23,  0.97
 2,                b2,40,  0.38,  0.08,         *---        |                   ,  0.23,  0.97
 2,    ExpProgressive,20,  0.38,  0.23,     ----*-------    |                   ,  0.23,  0.97
 2,                PI,20,  0.39,  0.14,     ----*---        |                   ,  0.23,  0.97
 2,                EI,20,  0.39,  0.14,     ----*---        |                   ,  0.23,  0.97
 2,              bonr,20,  0.39,  0.16,         *-------    |                   ,  0.23,  0.97
 2,               UCB,20,  0.39,  0.14,     ----*---        |                   ,  0.23,  0.97
 2,                b2,30,  0.42,  0.08,         --*-        |                   ,  0.23,  0.97
 2,                PI,10,  0.42,  0.08,         --*-        |                   ,  0.23,  0.97
 2,              rand,10,  0.42,  0.08,         --*-        |                   ,  0.23,  0.97
 2,      SimAnnealing,20,  0.42,  0.16,         --*-----    |                   ,  0.23,  0.97
 2,                EI,10,  0.42,  0.08,         --*-        |                   ,  0.23,  0.97
 2,               UCB,10,  0.42,  0.08,         --*-        |                   ,  0.23,  0.97
 2,              bonr,10,  0.45,  0.22,         ---*--------|                   ,  0.23,  0.97
 2,      SimAnnealing,10,  0.45,  0.20,         ---*------- |                   ,  0.23,  0.97
#
 3,                b2,20,  0.45,  0.16,         ---*----    |                   ,  0.23,  0.97
 3,                b2,10,  0.46,  0.21,         ----*------ |                   ,  0.23,  0.97
 3,    ExpProgressive,10,  0.46,  0.20,         ----*------ |                   ,  0.23,  0.97
 3,       progressive,10,  0.46,  0.16,         ----*---    |                   ,  0.23,  0.97
#
 4,             baseline,259,  0.72,  0.26,                     |-----*------       ,  0.23,  0.97
