#
 0,                EI,40,  0.02,  0.11, -*---               |                   ,  0.00,  0.86
 0,                PI,40,  0.02,  0.11, -*---               |                   ,  0.00,  0.86
 0,               UCB,40,  0.02,  0.11, -*---               |                   ,  0.00,  0.86
 0,              rand,40,  0.03,  0.10, -*---               |                   ,  0.00,  0.86
 0,                PI,30,  0.05,  0.12, --*---              |                   ,  0.00,  0.86
 0,                EI,30,  0.05,  0.12, --*---              |                   ,  0.00,  0.86
 0,               UCB,30,  0.05,  0.12, --*---              |                   ,  0.00,  0.86
#
 1,              rand,30,  0.06,  0.19, --*------           |                   ,  0.00,  0.86
 1,              rand,20,  0.12,  0.21,  ----*----          |                   ,  0.00,  0.86
 1,                PI,20,  0.14,  0.21, ------*---          |                   ,  0.00,  0.86
 1,                EI,20,  0.14,  0.21, ------*---          |                   ,  0.00,  0.86
#
 2,               UCB,20,  0.14,  0.21, ------*---          |                   ,  0.00,  0.86
 2,      SimAnnealing,40,  0.22,  0.20,   -------*-         |                   ,  0.00,  0.86
 2,              rand,10,  0.22,  0.20,   --------*-        |                   ,  0.00,  0.86
 2,       progressive,40,  0.23,  0.20,   --------*         |                   ,  0.00,  0.86
 2,      SimAnnealing,30,  0.23,  0.13,      -----*         |                   ,  0.00,  0.86
 2,    ExpProgressive,40,  0.23,  0.20,   --------*         |                   ,  0.00,  0.86
 2,    ExpProgressive,30,  0.23,  0.20,   --------*         |                   ,  0.00,  0.86
 2,       progressive,30,  0.23,  0.15,     ------*-        |                   ,  0.00,  0.86
 2,              bonr,30,  0.24,  0.13,      ------*        |                   ,  0.00,  0.86
 2,              bonr,40,  0.24,  0.13,      ------*        |                   ,  0.00,  0.86
 2,                b2,40,  0.24,  0.26, -----------*        |                   ,  0.00,  0.86
 2,                PI,10,  0.24,  0.06,           -*        |                   ,  0.00,  0.86
 2,                EI,10,  0.24,  0.06,           -*        |                   ,  0.00,  0.86
 2,               UCB,10,  0.24,  0.06,           -*        |                   ,  0.00,  0.86
 2,              bonr,20,  0.25,  0.06,          --*        |                   ,  0.00,  0.86
 2,                b2,30,  0.25,  0.26, -----------*-       |                   ,  0.00,  0.86
 2,    ExpProgressive,20,  0.25,  0.16,      ------*-       |                   ,  0.00,  0.86
#
 3,                b2,20,  0.25,  0.14,       -----*-       |                   ,  0.00,  0.86
 3,      SimAnnealing,20,  0.26,  0.06,          --*        |                   ,  0.00,  0.86
 3,       progressive,20,  0.26,  0.08,          --*-       |                   ,  0.00,  0.86
 3,                b2,10,  0.26,  0.03,            -*       |                   ,  0.00,  0.86
 3,      SimAnnealing,10,  0.26,  0.03,            -*       |                   ,  0.00,  0.86
 3,       progressive,10,  0.26,  0.03,            -*       |                   ,  0.00,  0.86
 3,              bonr,10,  0.26,  0.04,            -*       |                   ,  0.00,  0.86
 3,    ExpProgressive,10,  0.26,  0.04,            -*       |                   ,  0.00,  0.86
#
 4,            baseline,1080,  0.36,  0.19,               --*---|-                  ,  0.00,  0.86
