#
 0,    ExpProgressive,40,  0.17,  0.07,   -*---             |                   ,  0.12,  0.71
 0,       progressive,40,  0.17,  0.02,   -*                |                   ,  0.12,  0.71
 0,                b2,40,  0.17,  0.02,    *                |                   ,  0.12,  0.71
 0,                b2,30,  0.17,  0.07,    *----            |                   ,  0.12,  0.71
 0,      SimAnnealing,40,  0.18,  0.02,   -*                |                   ,  0.12,  0.71
 0,              rand,40,  0.18,  0.01,    *                |                   ,  0.12,  0.71
 0,       progressive,30,  0.18,  0.04,   --*               |                   ,  0.12,  0.71
 0,              bonr,30,  0.18,  0.03,    -*               |                   ,  0.12,  0.71
 0,              bonr,40,  0.18,  0.01,    -*               |                   ,  0.12,  0.71
 0,              rand,30,  0.18,  0.01,    -*               |                   ,  0.12,  0.71
 0,                EI,40,  0.18,  0.01,    -*               |                   ,  0.12,  0.71
 0,                PI,40,  0.18,  0.01,    -*               |                   ,  0.12,  0.71
 0,               UCB,40,  0.18,  0.01,    -*               |                   ,  0.12,  0.71
 0,      SimAnnealing,30,  0.18,  0.02,    -*               |                   ,  0.12,  0.71
 0,                EI,30,  0.18,  0.01,    -*               |                   ,  0.12,  0.71
 0,                PI,30,  0.18,  0.01,    -*               |                   ,  0.12,  0.71
 0,               UCB,30,  0.18,  0.01,    -*               |                   ,  0.12,  0.71
 0,    ExpProgressive,30,  0.18,  0.07,   --*--             |                   ,  0.12,  0.71
 0,      SimAnnealing,20,  0.19,  0.03,    -*               |                   ,  0.12,  0.71
 0,                EI,20,  0.19,  0.02,    -*               |                   ,  0.12,  0.71
 0,                PI,20,  0.19,  0.02,    -*               |                   ,  0.12,  0.71
 0,               UCB,20,  0.19,  0.02,    -*               |                   ,  0.12,  0.71
#
 1,              bonr,20,  0.19,  0.02,    -*               |                   ,  0.12,  0.71
 1,              rand,20,  0.19,  0.02,    -*               |                   ,  0.12,  0.71
 1,       progressive,20,  0.19,  0.08,     *----           |                   ,  0.12,  0.71
 1,              bonr,10,  0.19,  0.02,     -*              |                   ,  0.12,  0.71
 1,                PI,10,  0.19,  0.07,     -*---           |                   ,  0.12,  0.71
 1,                EI,10,  0.19,  0.07,     -*---           |                   ,  0.12,  0.71
 1,               UCB,10,  0.19,  0.07,     -*---           |                   ,  0.12,  0.71
 1,      SimAnnealing,10,  0.19,  0.05,     -*-             |                   ,  0.12,  0.71
 1,       progressive,10,  0.19,  0.08,     -*---           |                   ,  0.12,  0.71
 1,                b2,20,  0.20,  0.07,    --*--            |                   ,  0.12,  0.71
#
 2,              rand,10,  0.20,  0.06,     -*--            |                   ,  0.12,  0.71
 2,    ExpProgressive,20,  0.20,  0.08,     -*---           |                   ,  0.12,  0.71
 2,                b2,10,  0.20,  0.08,     -*---           |                   ,  0.12,  0.71
 2,    ExpProgressive,10,  0.21,  0.07,      -*--           |                   ,  0.12,  0.71
#
 3,            baseline,3008,  0.41,  0.24,           ----------*-----              ,  0.12,  0.71
