#
 0,              rand,40,  0.01,  0.02, *                   |                   ,  0.00,  0.71
 0,              rand,30,  0.01,  0.02, *                   |                   ,  0.00,  0.71
#
 1,               UCB,40,  0.02,  0.02, *                   |                   ,  0.00,  0.71
 1,                EI,40,  0.02,  0.02, *                   |                   ,  0.00,  0.71
 1,                PI,40,  0.02,  0.02, *                   |                   ,  0.00,  0.71
 1,              bonr,40,  0.02,  0.03, *                   |                   ,  0.00,  0.71
 1,              rand,20,  0.02,  0.03, *                   |                   ,  0.00,  0.71
 1,              bonr,30,  0.02,  0.04, *-                  |                   ,  0.00,  0.71
 1,                EI,20,  0.02,  0.03, *                   |                   ,  0.00,  0.71
 1,               UCB,20,  0.02,  0.03, *                   |                   ,  0.00,  0.71
#
 2,                PI,20,  0.02,  0.03, *                   |                   ,  0.00,  0.71
 2,                EI,30,  0.02,  0.02, *                   |                   ,  0.00,  0.71
 2,               UCB,30,  0.02,  0.02, *                   |                   ,  0.00,  0.71
 2,                PI,30,  0.02,  0.02, *                   |                   ,  0.00,  0.71
#
 3,       progressive,40,  0.02,  0.03, *                   |                   ,  0.00,  0.71
 3,    ExpProgressive,40,  0.03,  0.04, -*                  |                   ,  0.00,  0.71
 3,      SimAnnealing,30,  0.03,  0.04, -*                  |                   ,  0.00,  0.71
 3,      SimAnnealing,40,  0.03,  0.04, -*                  |                   ,  0.00,  0.71
 3,      SimAnnealing,20,  0.03,  0.04, -*                  |                   ,  0.00,  0.71
 3,              rand,10,  0.03,  0.03, -*                  |                   ,  0.00,  0.71
 3,              bonr,20,  0.03,  0.03, -*                  |                   ,  0.00,  0.71
 3,       progressive,30,  0.03,  0.04, -*                  |                   ,  0.00,  0.71
 3,                b2,20,  0.03,  0.04, -*                  |                   ,  0.00,  0.71
 3,                b2,30,  0.03,  0.04, -*                  |                   ,  0.00,  0.71
 3,              bonr,10,  0.03,  0.04, -*                  |                   ,  0.00,  0.71
 3,                b2,40,  0.03,  0.04, -*                  |                   ,  0.00,  0.71
#
 4,    ExpProgressive,30,  0.03,  0.04, -*                  |                   ,  0.00,  0.71
 4,                b2,10,  0.03,  0.05, -*-                 |                   ,  0.00,  0.71
 4,       progressive,20,  0.04,  0.04, -*-                 |                   ,  0.00,  0.71
 4,                PI,10,  0.04,  0.09, -*---               |                   ,  0.00,  0.71
 4,                EI,10,  0.04,  0.09, -*---               |                   ,  0.00,  0.71
 4,               UCB,10,  0.04,  0.09, -*---               |                   ,  0.00,  0.71
 4,    ExpProgressive,20,  0.04,  0.05, -*-                 |                   ,  0.00,  0.71
 4,      SimAnnealing,10,  0.04,  0.04,  *-                 |                   ,  0.00,  0.71
 4,    ExpProgressive,10,  0.05,  0.03,  -*                 |                   ,  0.00,  0.71
 4,       progressive,10,  0.05,  0.03,  -*                 |                   ,  0.00,  0.71
#
 5,            baseline,3840,  0.12,  0.30,      -*-------------|-                  ,  0.00,  0.71
