#
 0,              rand,40,  0.04,  0.01, *                   |                   ,  0.03,  0.73
 0,              rand,30,  0.04,  0.01, *                   |                   ,  0.03,  0.73
 0,               UCB,40,  0.04,  0.01, *                   |                   ,  0.03,  0.73
 0,                EI,40,  0.04,  0.01, *                   |                   ,  0.03,  0.73
 0,                PI,40,  0.04,  0.01, *                   |                   ,  0.03,  0.73
 0,                EI,30,  0.04,  0.02, *                   |                   ,  0.03,  0.73
 0,               UCB,30,  0.04,  0.02, *                   |                   ,  0.03,  0.73
 0,                PI,30,  0.04,  0.02, *                   |                   ,  0.03,  0.73
 0,              bonr,40,  0.04,  0.04, *-                  |                   ,  0.03,  0.73
 0,              rand,20,  0.04,  0.02, *                   |                   ,  0.03,  0.73
 0,       progressive,40,  0.04,  0.03, *                   |                   ,  0.03,  0.73
 0,              bonr,30,  0.04,  0.03, *-                  |                   ,  0.03,  0.73
#
 1,                EI,20,  0.05,  0.03, *-                  |                   ,  0.03,  0.73
 1,      SimAnnealing,40,  0.05,  0.03, *-                  |                   ,  0.03,  0.73
 1,               UCB,20,  0.05,  0.03, *-                  |                   ,  0.03,  0.73
 1,                PI,20,  0.05,  0.03, *-                  |                   ,  0.03,  0.73
 1,       progressive,30,  0.05,  0.03, *-                  |                   ,  0.03,  0.73
 1,                b2,40,  0.05,  0.02, -*                  |                   ,  0.03,  0.73
 1,      SimAnnealing,30,  0.06,  0.03, -*                  |                   ,  0.03,  0.73
 1,              bonr,20,  0.06,  0.04, -*                  |                   ,  0.03,  0.73
 1,    ExpProgressive,40,  0.06,  0.03, -*                  |                   ,  0.03,  0.73
 1,                b2,30,  0.06,  0.03, -*                  |                   ,  0.03,  0.73
 1,      SimAnnealing,20,  0.06,  0.04, -*                  |                   ,  0.03,  0.73
 1,       progressive,20,  0.07,  0.05, --*                 |                   ,  0.03,  0.73
#
 2,                b2,20,  0.07,  0.03,  -*                 |                   ,  0.03,  0.73
 2,    ExpProgressive,30,  0.07,  0.04, --*                 |                   ,  0.03,  0.73
 2,    ExpProgressive,20,  0.07,  0.04,  -*                 |                   ,  0.03,  0.73
 2,       progressive,10,  0.07,  0.04, --*                 |                   ,  0.03,  0.73
 2,              bonr,10,  0.07,  0.04, --*                 |                   ,  0.03,  0.73
 2,              rand,10,  0.07,  0.04, --*                 |                   ,  0.03,  0.73
 2,      SimAnnealing,10,  0.08,  0.04, --*                 |                   ,  0.03,  0.73
 2,                PI,10,  0.08,  0.07, --*-                |                   ,  0.03,  0.73
 2,                EI,10,  0.08,  0.07, --*-                |                   ,  0.03,  0.73
 2,               UCB,10,  0.08,  0.07, --*-                |                   ,  0.03,  0.73
 2,    ExpProgressive,10,  0.08,  0.08,  -*--               |                   ,  0.03,  0.73
 2,                b2,10,  0.08,  0.02,   *                 |                   ,  0.03,  0.73
#
 3,            baseline,5184,  0.21,  0.38,    -------*---------|----               ,  0.03,  0.73
