#
 0,       progressive,40,  0.02,  0.10, *---                |                   ,  0.00,  1.00
 0,      SimAnnealing,40,  0.02,  0.06, *--                 |                   ,  0.00,  1.00
 0,              bonr,40,  0.03,  0.08, -*--                |                   ,  0.00,  1.00
 0,      SimAnnealing,30,  0.03,  0.15, -*----              |                   ,  0.00,  1.00
 0,    ExpProgressive,40,  0.04,  0.15, -*----              |                   ,  0.00,  1.00
 0,              bonr,30,  0.04,  0.15,  *-----             |                   ,  0.00,  1.00
 0,       progressive,30,  0.05,  0.15, -*----              |                   ,  0.00,  1.00
 0,      SimAnnealing,20,  0.05,  0.15, --*---              |                   ,  0.00,  1.00
#
 1,    ExpProgressive,30,  0.06,  0.15, --*---              |                   ,  0.00,  1.00
 1,              bonr,20,  0.07,  0.15,  -*----             |                   ,  0.00,  1.00
 1,    ExpProgressive,20,  0.07,  0.16,  -*----             |                   ,  0.00,  1.00
 1,       progressive,20,  0.08,  0.15,  --*---             |                   ,  0.00,  1.00
 1,              rand,40,  0.08,  0.13,   -*---             |                   ,  0.00,  1.00
 1,                EI,40,  0.08,  0.17,  --*----            |                   ,  0.00,  1.00
 1,                PI,40,  0.08,  0.17,  --*----            |                   ,  0.00,  1.00
#
 2,               UCB,40,  0.08,  0.17,  --*----            |                   ,  0.00,  1.00
 2,                EI,30,  0.08,  0.21,  --*------          |                   ,  0.00,  1.00
 2,                PI,30,  0.08,  0.21,  --*------          |                   ,  0.00,  1.00
 2,               UCB,30,  0.08,  0.21,  --*------          |                   ,  0.00,  1.00
 2,              rand,30,  0.08,  0.13,   -*---             |                   ,  0.00,  1.00
 2,              rand,20,  0.08,  0.13,   -*----            |                   ,  0.00,  1.00
 2,                b2,40,  0.17,  0.14,  -----*             |                   ,  0.00,  1.00
 2,      SimAnnealing,10,  0.17,  0.17,   ----*--           |                   ,  0.00,  1.00
 2,                b2,20,  0.18,  0.17,   -----*            |                   ,  0.00,  1.00
 2,                b2,30,  0.18,  0.14,   -----*            |                   ,  0.00,  1.00
 2,              rand,10,  0.20,  0.21,   -----*---         |                   ,  0.00,  1.00
 2,                EI,20,  0.20,  0.15,   ------*           |                   ,  0.00,  1.00
 2,                PI,20,  0.20,  0.15,   ------*           |                   ,  0.00,  1.00
 2,               UCB,20,  0.20,  0.15,   ------*           |                   ,  0.00,  1.00
#
 3,                b2,10,  0.20,  0.12,       --*--         |                   ,  0.00,  1.00
 3,              bonr,10,  0.20,  0.20,    -----*--         |                   ,  0.00,  1.00
#
 4,       progressive,10,  0.21,  0.10,       --*--         |                   ,  0.00,  1.00
 4,    ExpProgressive,10,  0.23,  0.11,       ---*-         |                   ,  0.00,  1.00
#
 5,                PI,10,  0.27,  0.11,          -*---      |                   ,  0.00,  1.00
 5,                EI,10,  0.27,  0.11,          -*---      |                   ,  0.00,  1.00
 5,               UCB,10,  0.27,  0.11,          -*---      |                   ,  0.00,  1.00
#
 6,            baseline,6840,  0.57,  0.35,                -----|-*------           ,  0.00,  1.00
