#
 0,       progressive,40,  0.22,  0.11,  --*----            |                   ,  0.15,  0.82
 0,                b2,40,  0.25,  0.09,   ---*--            |                   ,  0.15,  0.82
 0,                EI,30,  0.27,  0.09,   ----*-            |                   ,  0.15,  0.82
 0,               UCB,30,  0.27,  0.09,   ----*-            |                   ,  0.15,  0.82
 0,    ExpProgressive,30,  0.27,  0.11,  -----*-            |                   ,  0.15,  0.82
 0,                PI,30,  0.27,  0.09,   ----*-            |                   ,  0.15,  0.82
 0,                PI,40,  0.27,  0.08,    ----*            |                   ,  0.15,  0.82
 0,               UCB,40,  0.27,  0.08,    ----*            |                   ,  0.15,  0.82
 0,                EI,40,  0.27,  0.08,    ----*            |                   ,  0.15,  0.82
 0,       progressive,30,  0.28,  0.11,  ------*            |                   ,  0.15,  0.82
 0,    ExpProgressive,40,  0.28,  0.11,  ------*            |                   ,  0.15,  0.82
 0,      SimAnnealing,30,  0.28,  0.07,    ----*            |                   ,  0.15,  0.82
#
 1,      SimAnnealing,40,  0.28,  0.08,    ----*            |                   ,  0.15,  0.82
 1,              bonr,40,  0.28,  0.10,   -----*            |                   ,  0.15,  0.82
 1,              rand,30,  0.28,  0.07,     ---*            |                   ,  0.15,  0.82
 1,              rand,40,  0.28,  0.07,     ---*            |                   ,  0.15,  0.82
 1,              bonr,30,  0.28,  0.06,     ---*            |                   ,  0.15,  0.82
 1,                b2,20,  0.29,  0.04,      ---*           |                   ,  0.15,  0.82
 1,    ExpProgressive,20,  0.29,  0.03,       --*           |                   ,  0.15,  0.82
 1,      SimAnnealing,10,  0.29,  0.01,         *           |                   ,  0.15,  0.82
 1,       progressive,10,  0.29,  0.03,       --*           |                   ,  0.15,  0.82
 1,                b2,30,  0.29,  0.09,   ------*           |                   ,  0.15,  0.82
#
 2,              rand,20,  0.29,  0.06,      ---*           |                   ,  0.15,  0.82
 2,      SimAnnealing,20,  0.29,  0.01,        -*           |                   ,  0.15,  0.82
 2,              bonr,20,  0.29,  0.03,       --*           |                   ,  0.15,  0.82
 2,       progressive,20,  0.29,  0.07,     ----*           |                   ,  0.15,  0.82
 2,                EI,20,  0.30,  0.03,       --*           |                   ,  0.15,  0.82
 2,    ExpProgressive,10,  0.30,  0.02,        -*           |                   ,  0.15,  0.82
 2,               UCB,20,  0.30,  0.03,       --*           |                   ,  0.15,  0.82
 2,              rand,10,  0.30,  0.02,         *           |                   ,  0.15,  0.82
 2,                PI,20,  0.30,  0.03,       --*           |                   ,  0.15,  0.82
 2,              bonr,10,  0.30,  0.02,         *           |                   ,  0.15,  0.82
 2,                b2,10,  0.30,  0.01,         *           |                   ,  0.15,  0.82
 2,                PI,10,  0.30,  0.03,         *           |                   ,  0.15,  0.82
 2,                EI,10,  0.30,  0.03,         *           |                   ,  0.15,  0.82
 2,               UCB,10,  0.30,  0.03,         *           |                   ,  0.15,  0.82
#
 3,            baseline,1599,  0.44,  0.11,             ----*-  |                   ,  0.15,  0.82
