#
 0,              bonr,40,  0.12,  0.04,  -*-                |                   ,  0.07,  0.83
 0,      SimAnnealing,40,  0.12,  0.03,   *                 |                   ,  0.07,  0.83
 0,                b2,40,  0.13,  0.04,  --*                |                   ,  0.07,  0.83
 0,                b2,30,  0.14,  0.05,   -*                |                   ,  0.07,  0.83
#
 1,    ExpProgressive,40,  0.14,  0.03,    *                |                   ,  0.07,  0.83
 1,       progressive,40,  0.14,  0.03,    *                |                   ,  0.07,  0.83
 1,              bonr,30,  0.14,  0.06,   -*-               |                   ,  0.07,  0.83
 1,              rand,40,  0.14,  0.06,   -*-               |                   ,  0.07,  0.83
 1,                EI,40,  0.15,  0.05,    -*-              |                   ,  0.07,  0.83
 1,                b2,20,  0.15,  0.04,    -*               |                   ,  0.07,  0.83
 1,                EI,30,  0.15,  0.05,    -*               |                   ,  0.07,  0.83
 1,                PI,40,  0.15,  0.05,    -*-              |                   ,  0.07,  0.83
 1,                PI,30,  0.15,  0.05,    -*               |                   ,  0.07,  0.83
 1,               UCB,30,  0.15,  0.05,    -*               |                   ,  0.07,  0.83
 1,               UCB,40,  0.15,  0.05,    -*-              |                   ,  0.07,  0.83
 1,      SimAnnealing,30,  0.16,  0.06,   --*               |                   ,  0.07,  0.83
 1,    ExpProgressive,30,  0.16,  0.04,    -*               |                   ,  0.07,  0.83
 1,       progressive,30,  0.16,  0.04,    -*               |                   ,  0.07,  0.83
 1,              bonr,20,  0.16,  0.07,    -*--             |                   ,  0.07,  0.83
#
 2,              rand,20,  0.16,  0.08,    -*--             |                   ,  0.07,  0.83
 2,              rand,30,  0.16,  0.06,    -*-              |                   ,  0.07,  0.83
 2,    ExpProgressive,20,  0.16,  0.05,    -*-              |                   ,  0.07,  0.83
 2,       progressive,20,  0.17,  0.05,    --*              |                   ,  0.07,  0.83
 2,                EI,20,  0.18,  0.05,     -*-             |                   ,  0.07,  0.83
 2,                PI,20,  0.18,  0.05,     -*-             |                   ,  0.07,  0.83
 2,               UCB,20,  0.18,  0.05,     -*-             |                   ,  0.07,  0.83
 2,      SimAnnealing,20,  0.18,  0.05,     -*              |                   ,  0.07,  0.83
 2,                b2,10,  0.19,  0.09,    ---*-            |                   ,  0.07,  0.83
 2,    ExpProgressive,10,  0.19,  0.09,     --*--           |                   ,  0.07,  0.83
#
 3,              bonr,10,  0.19,  0.11,     --*---          |                   ,  0.07,  0.83
 3,      SimAnnealing,10,  0.20,  0.07,     --*-            |                   ,  0.07,  0.83
 3,              rand,10,  0.21,  0.11,    ----*-           |                   ,  0.07,  0.83
 3,       progressive,10,  0.21,  0.07,      --*-           |                   ,  0.07,  0.83
 3,                PI,10,  0.22,  0.14,      --*----        |                   ,  0.07,  0.83
 3,                EI,10,  0.22,  0.14,      --*----        |                   ,  0.07,  0.83
 3,               UCB,10,  0.22,  0.14,      --*----        |                   ,  0.07,  0.83
#
 4,           baseline,10000,  0.36,  0.17,            ----*----|                   ,  0.07,  0.83
