#
 0,              bonr,40,  0.04,  0.04,  *-                 |                   ,  0.01,  0.77
 0,                b2,40,  0.05,  0.04, -*-                 |                   ,  0.01,  0.77
#
 1,      SimAnnealing,40,  0.05,  0.04,  *-                 |                   ,  0.01,  0.77
 1,                b2,30,  0.05,  0.04,  -*                 |                   ,  0.01,  0.77
 1,    ExpProgressive,40,  0.05,  0.03,  -*                 |                   ,  0.01,  0.77
 1,       progressive,40,  0.06,  0.04,  -*-                |                   ,  0.01,  0.77
 1,              bonr,30,  0.07,  0.03,  -*                 |                   ,  0.01,  0.77
 1,              rand,40,  0.07,  0.04,  -*                 |                   ,  0.01,  0.77
#
 2,      SimAnnealing,30,  0.07,  0.04,  -*-                |                   ,  0.01,  0.77
 2,       progressive,30,  0.07,  0.05,   -*                |                   ,  0.01,  0.77
 2,    ExpProgressive,30,  0.07,  0.05,   -*                |                   ,  0.01,  0.77
 2,                PI,30,  0.08,  0.03,   -*                |                   ,  0.01,  0.77
 2,                EI,30,  0.08,  0.03,   -*                |                   ,  0.01,  0.77
 2,               UCB,30,  0.08,  0.03,   -*                |                   ,  0.01,  0.77
 2,              rand,30,  0.08,  0.04,  --*                |                   ,  0.01,  0.77
 2,                EI,40,  0.08,  0.04,   -*                |                   ,  0.01,  0.77
 2,                PI,40,  0.08,  0.04,   -*                |                   ,  0.01,  0.77
 2,               UCB,40,  0.08,  0.04,   -*                |                   ,  0.01,  0.77
 2,                b2,20,  0.08,  0.06,  --*                |                   ,  0.01,  0.77
#
 3,                PI,20,  0.09,  0.04,   -*                |                   ,  0.01,  0.77
 3,                EI,20,  0.09,  0.04,   -*                |                   ,  0.01,  0.77
 3,               UCB,20,  0.09,  0.04,   -*                |                   ,  0.01,  0.77
 3,                b2,10,  0.09,  0.07,   -*--              |                   ,  0.01,  0.77
 3,    ExpProgressive,20,  0.09,  0.07,   -*--              |                   ,  0.01,  0.77
 3,      SimAnnealing,20,  0.09,  0.04,    -*               |                   ,  0.01,  0.77
 3,              bonr,20,  0.09,  0.03,    -*               |                   ,  0.01,  0.77
 3,              rand,20,  0.10,  0.06,    -*               |                   ,  0.01,  0.77
 3,                PI,10,  0.11,  0.06,    --*              |                   ,  0.01,  0.77
#
 4,              rand,10,  0.11,  0.04,     -*              |                   ,  0.01,  0.77
 4,                EI,10,  0.11,  0.06,    --*              |                   ,  0.01,  0.77
 4,               UCB,10,  0.11,  0.06,    --*              |                   ,  0.01,  0.77
 4,       progressive,20,  0.11,  0.06,   ---*              |                   ,  0.01,  0.77
#
 5,      SimAnnealing,10,  0.11,  0.07,    --*-             |                   ,  0.01,  0.77
 5,              bonr,10,  0.12,  0.04,     -*              |                   ,  0.01,  0.77
 5,       progressive,10,  0.13,  0.05,      -*             |                   ,  0.01,  0.77
 5,    ExpProgressive,10,  0.13,  0.05,     --*             |                   ,  0.01,  0.77
#
 6,           baseline,10000,  0.23,  0.12,         ---*--      |                   ,  0.01,  0.77
