#
 0,                b2,30,  0.06,  0.04,  -*                 |                   ,  0.01,  0.82
 0,                b2,40,  0.06,  0.04,  -*                 |                   ,  0.01,  0.82
 0,       progressive,40,  0.07,  0.05,  -*                 |                   ,  0.01,  0.82
#
 1,                b2,20,  0.07,  0.05,   -*                |                   ,  0.01,  0.82
 1,    ExpProgressive,40,  0.07,  0.05,  --*                |                   ,  0.01,  0.82
 1,      SimAnnealing,40,  0.07,  0.06,   -*-               |                   ,  0.01,  0.82
 1,              bonr,40,  0.08,  0.05,   -*                |                   ,  0.01,  0.82
#
 2,       progressive,30,  0.09,  0.03,    *                |                   ,  0.01,  0.82
 2,                EI,40,  0.09,  0.04,    -*               |                   ,  0.01,  0.82
 2,                PI,40,  0.09,  0.04,    -*               |                   ,  0.01,  0.82
 2,    ExpProgressive,30,  0.09,  0.04,    -*               |                   ,  0.01,  0.82
 2,               UCB,40,  0.09,  0.04,    -*               |                   ,  0.01,  0.82
 2,      SimAnnealing,30,  0.09,  0.04,    -*               |                   ,  0.01,  0.82
#
 3,              rand,40,  0.10,  0.05,    -*-              |                   ,  0.01,  0.82
 3,              bonr,30,  0.10,  0.07,   --*               |                   ,  0.01,  0.82
 3,       progressive,20,  0.10,  0.06,    -*-              |                   ,  0.01,  0.82
 3,               UCB,30,  0.11,  0.05,    -*               |                   ,  0.01,  0.82
 3,                EI,30,  0.11,  0.05,    -*               |                   ,  0.01,  0.82
 3,                PI,30,  0.11,  0.05,    -*               |                   ,  0.01,  0.82
 3,    ExpProgressive,20,  0.11,  0.06,    -*-              |                   ,  0.01,  0.82
#
 4,      SimAnnealing,20,  0.12,  0.05,     -*              |                   ,  0.01,  0.82
 4,                EI,20,  0.12,  0.08,   ---*              |                   ,  0.01,  0.82
 4,                PI,20,  0.12,  0.08,   ---*              |                   ,  0.01,  0.82
 4,               UCB,20,  0.12,  0.08,   ---*              |                   ,  0.01,  0.82
 4,              rand,30,  0.13,  0.05,     -*              |                   ,  0.01,  0.82
 4,              bonr,20,  0.13,  0.06,    --*              |                   ,  0.01,  0.82
#
 5,                b2,10,  0.13,  0.06,     -*-             |                   ,  0.01,  0.82
 5,       progressive,10,  0.14,  0.07,      -*--           |                   ,  0.01,  0.82
 5,              rand,20,  0.14,  0.06,     --*             |                   ,  0.01,  0.82
#
 6,    ExpProgressive,10,  0.14,  0.03,       *             |                   ,  0.01,  0.82
 6,              bonr,10,  0.14,  0.05,       *-            |                   ,  0.01,  0.82
 6,               UCB,10,  0.15,  0.08,     --*-            |                   ,  0.01,  0.82
 6,                PI,10,  0.15,  0.08,     --*-            |                   ,  0.01,  0.82
 6,                EI,10,  0.15,  0.08,     --*-            |                   ,  0.01,  0.82
 6,              rand,10,  0.15,  0.05,       -*            |                   ,  0.01,  0.82
 6,      SimAnnealing,10,  0.15,  0.06,      --*            |                   ,  0.01,  0.82
#
 7,           baseline,10000,  0.26,  0.12,          ---*--     |                   ,  0.01,  0.82
