#
 0,      SimAnnealing,40,  0.04,  0.03, -*                  |                   ,  0.00,  0.97
#
 1,              bonr,40,  0.04,  0.04,  *                  |                   ,  0.00,  0.97
 1,       progressive,40,  0.05,  0.04,  *-                 |                   ,  0.00,  0.97
 1,                b2,40,  0.05,  0.03,  -*                 |                   ,  0.00,  0.97
 1,                b2,30,  0.05,  0.04,  -*                 |                   ,  0.00,  0.97
 1,              bonr,30,  0.06,  0.05,  -*                 |                   ,  0.00,  0.97
#
 2,      SimAnnealing,30,  0.06,  0.04,  -*                 |                   ,  0.00,  0.97
 2,       progressive,30,  0.06,  0.06,  -*                 |                   ,  0.00,  0.97
 2,    ExpProgressive,40,  0.06,  0.04,  -*                 |                   ,  0.00,  0.97
 2,    ExpProgressive,30,  0.07,  0.03,   *                 |                   ,  0.00,  0.97
#
 3,                b2,20,  0.07,  0.04,   *                 |                   ,  0.00,  0.97
 3,              bonr,20,  0.07,  0.08,   *--               |                   ,  0.00,  0.97
 3,              rand,40,  0.07,  0.04,   *                 |                   ,  0.00,  0.97
 3,                EI,40,  0.08,  0.05,  --*                |                   ,  0.00,  0.97
 3,                PI,40,  0.08,  0.05,  --*                |                   ,  0.00,  0.97
 3,               UCB,40,  0.08,  0.05,  --*                |                   ,  0.00,  0.97
 3,              rand,30,  0.08,  0.04,   -*                |                   ,  0.00,  0.97
 3,                PI,20,  0.08,  0.07,  --*                |                   ,  0.00,  0.97
 3,                EI,20,  0.08,  0.07,  --*                |                   ,  0.00,  0.97
 3,                PI,30,  0.08,  0.04,   -*                |                   ,  0.00,  0.97
 3,               UCB,20,  0.08,  0.07,  --*                |                   ,  0.00,  0.97
 3,                EI,30,  0.08,  0.04,   -*                |                   ,  0.00,  0.97
#
 4,               UCB,30,  0.08,  0.04,   -*                |                   ,  0.00,  0.97
 4,       progressive,20,  0.09,  0.06,    *-               |                   ,  0.00,  0.97
 4,              rand,20,  0.09,  0.06,   -*-               |                   ,  0.00,  0.97
 4,    ExpProgressive,20,  0.09,  0.05,   -*                |                   ,  0.00,  0.97
#
 5,                PI,10,  0.10,  0.04,    -*               |                   ,  0.00,  0.97
 5,                EI,10,  0.10,  0.04,    -*               |                   ,  0.00,  0.97
 5,               UCB,10,  0.10,  0.04,    -*               |                   ,  0.00,  0.97
 5,                b2,10,  0.10,  0.06,   --*               |                   ,  0.00,  0.97
 5,      SimAnnealing,20,  0.11,  0.07,    -*-              |                   ,  0.00,  0.97
#
 6,              rand,10,  0.12,  0.05,    -*-              |                   ,  0.00,  0.97
 6,      SimAnnealing,10,  0.12,  0.06,     -*              |                   ,  0.00,  0.97
 6,       progressive,10,  0.13,  0.08,    --*-             |                   ,  0.00,  0.97
 6,              bonr,10,  0.13,  0.06,     -*-             |                   ,  0.00,  0.97
 6,    ExpProgressive,10,  0.13,  0.05,     -*              |                   ,  0.00,  0.97
#
 7,           baseline,10000,  0.24,  0.14,        ---*--       |                   ,  0.00,  0.97
