progressive_9 0.13414446809472802 0.08563426221181729 0.05532891996051585 0.09487460941849611 0.15837633611748653 0.09870268742652612 0.09689036188982669 0.09606446682418797 0.11793481046918794 0.08432342465727831 0.059810310677936775 0.07312910112384695 0.08781142502184215 0.10894486246333333 0.11759784575752769 0.12030970732470382 0.07389354972440827 0.10738079502440202 0.09127934589731838 0.0382641562686961

b2_9 0.08310206306355901 0.1500143337896492 0.05532891996051585 0.09487460941849611 0.18051407416401863 0.09870268742652612 0.0723502337251269 0.09606446682418797 0.029511347490367358 0.08432342465727831 0.059810310677936775 0.07312910112384695 0.08781142502184215 0.12878132072817122 0.13529133939622134 0.12030970732470382 0.11097668714681408 0.10738079502440202 0.09127934589731838 0.07458515110060888

b2_15 0.0723502337251269 0.1500143337896492 0.05532891996051585 0.08761474371349257 0.18051407416401863 0.09870268742652612 0.05025184582892486 0.09606446682418797 0.029511347490367358 0.08432342465727831 0.059810310677936775 0.07312910112384695 0.08781142502184215 0.12878132072817122 0.13529133939622134 0.12030970732470382 0.11097668714681408 0.10738079502440202 0.09127934589731838 0.07458515110060888

b2_sqrt 0.06678122462527201 0.1500143337896492 0.05532891996051585 0.08761474371349257 0.18051407416401863 0.09870268742652612 0.05025184582892486 0.09606446682418797 0.023408920605627135 0.08432342465727831 0.059810310677936775 0.07312910112384695 0.08781142502184215 0.12878132072817122 0.13529133939622134 0.12030970732470382 0.11097668714681408 0.10738079502440202 0.09127934589731838 0.07458515110060888

PI_15 0.05457370508667704 0.06959980898605184 0.06555986454644984 0.09425602204341806 0.07727105045676613 0.060499681120441455 0.05703678646842845 0.060499681120441455 0.050974159079382374 0.07722248905842 0.03893991222898481 0.019199269545525532 0.023408920605627135 0.0723502337251269 0.0382641562686961 0.08299524610226149 0.10018490561360427 0.029511347490367358 0.02967052168107595 0.05180976722346202

SimAnnealing_15 0.134354934802796 0.0723502337251269 0.05532891996051585 0.09487460941849611 0.030368608200511633 0.09870268742652612 0.04308830093697913 0.08310206306355901 0.10844504715428538 0.08432342465727831 0.059810310677936775 0.07312910112384695 0.08781142502184215 0.08310206306355901 0.11102593054665023 0.08310206306355901 0.07389354972440827 0.10738079502440202 0.058868329738443005 0.0382641562686961

ExpProgressive_sqrt 0.05677465215899003 0.08563426221181729 0.05532891996051585 0.04562551588541833 0.10728271921898695 0.09870268742652612 0.034135102249636326 0.09606446682418797 0.10019673334141595 0.08432342465727831 0.059810310677936775 0.07312910112384695 0.08781142502184215 0.04562551588541833 0.06959980898605184 0.12030970732470382 0.07389354972440827 0.10738079502440202 0.09127934589731838 0.0382641562686961

bonr_9 0.13414446809472802 0.08563426221181729 0.05532891996051585 0.09487460941849611 0.030368608200511633 0.09870268742652612 0.09689036188982669 0.09606446682418797 0.11793481046918794 0.08432342465727831 0.059810310677936775 0.07312910112384695 0.08781142502184215 0.10894486246333333 0.11759784575752769 0.12030970732470382 0.07389354972440827 0.10738079502440202 0.09127934589731838 0.0382641562686961

PI_9 0.13414446809472802 0.09266014645647008 0.06530366529199419 0.04321425314260735 0.07458515110060888 0.09880055588592772 0.11178205009105889 0.05252188736490749 0.12878132072817122 0.1108862187028321 0.08533242378318465 0.12758282113731373 0.10202066115951064 0.038135453597599345 0.09880074579022502 0.07722248905842 0.08846209015234487 0.11368324670546175 0.0885171426601926 0.02003399425027811

ExpProgressive_15 0.13414446809472802 0.08563426221181729 0.05532891996051585 0.09487460941849611 0.11759954332161328 0.09870268742652612 0.09689036188982669 0.09606446682418797 0.11793481046918794 0.08432342465727831 0.059810310677936775 0.07312910112384695 0.08781142502184215 0.09425602204341806 0.06959980898605184 0.12030970732470382 0.07389354972440827 0.10738079502440202 0.09127934589731838 0.0382641562686961

SimAnnealing_sqrt 0.08310206306355901 0.0723502337251269 0.05532891996051585 0.09487460941849611 0.06959980898605184 0.09870268742652612 0.04308830093697913 0.08310206306355901 0.10844504715428538 0.08432342465727831 0.059810310677936775 0.07312910112384695 0.08781142502184215 0.0736218335355585 0.06959980898605184 0.08310206306355901 0.07389354972440827 0.10738079502440202 0.058868329738443005 0.0382641562686961

ExpProgressive_9 0.13414446809472802 0.08563426221181729 0.05532891996051585 0.09487460941849611 0.15837633611748653 0.09870268742652612 0.09689036188982669 0.09606446682418797 0.11793481046918794 0.08432342465727831 0.059810310677936775 0.07312910112384695 0.08781142502184215 0.10894486246333333 0.08846209015234487 0.12030970732470382 0.07389354972440827 0.10738079502440202 0.09127934589731838 0.0382641562686961

rand_9 0.2931594469370479 0.2931594469370479 0.2931594469370479 0.2931594469370479 0.2931594469370479 0.2931594469370479 0.2931594469370479 0.2931594469370479 0.2931594469370479 0.2931594469370479 0.2931594469370479 0.2931594469370479 0.2931594469370479 0.2931594469370479 0.2931594469370479 0.2931594469370479 0.2931594469370479 0.2931594469370479 0.2931594469370479 0.2931594469370479

progressive_sqrt 0.05677465215899003 0.08563426221181729 0.05532891996051585 0.07451111866140235 0.10728271921898695 0.09870268742652612 0.034135102249636326 0.09606446682418797 0.11793481046918794 0.08432342465727831 0.059810310677936775 0.07312910112384695 0.08781142502184215 0.04562551588541833 0.06959980898605184 0.12030970732470382 0.07389354972440827 0.10738079502440202 0.09127934589731838 0.0382641562686961

UCB_15 0.05457370508667704 0.06959980898605184 0.06555986454644984 0.09425602204341806 0.07727105045676613 0.060499681120441455 0.05703678646842845 0.060499681120441455 0.050974159079382374 0.07722248905842 0.03893991222898481 0.019199269545525532 0.023408920605627135 0.0723502337251269 0.0382641562686961 0.08299524610226149 0.10018490561360427 0.029511347490367358 0.02967052168107595 0.05180976722346202

progressive_15 0.13414446809472802 0.08563426221181729 0.05532891996051585 0.09487460941849611 0.11759954332161328 0.09870268742652612 0.08649055461397283 0.09606446682418797 0.11793481046918794 0.08432342465727831 0.059810310677936775 0.07312910112384695 0.08781142502184215 0.09425602204341806 0.07764279359470576 0.12030970732470382 0.07389354972440827 0.10738079502440202 0.09127934589731838 0.0382641562686961

PI_sqrt 0.034135102249636326 0.006111178207122468 0.05457370508667704 0.008586239120553875 0.08075541555367971 0.0007473637588413624 0.06173091761865329 0.021277644326842485 0.09050672257254402 0.08071823509139203 0.034135102249636326 0.02003399425027811 0.06555986454644984 0.021277644326842485 0.06713198483889912 0.05457370508667704 0.0382641562686961 0.05457370508667704 0.10057629163562204 0.03893991222898481

UCB_sqrt 0.034135102249636326 0.006111178207122468 0.05457370508667704 0.008586239120553875 0.08075541555367971 0.0007473637588413624 0.06173091761865329 0.021277644326842485 0.09050672257254402 0.08071823509139203 0.034135102249636326 0.02003399425027811 0.06555986454644984 0.021277644326842485 0.06713198483889912 0.05457370508667704 0.0382641562686961 0.05457370508667704 0.10057629163562204 0.03893991222898481

UCB_9 0.13414446809472802 0.09266014645647008 0.06530366529199419 0.04321425314260735 0.07458515110060888 0.09880055588592772 0.11178205009105889 0.05252188736490749 0.12878132072817122 0.1108862187028321 0.08533242378318465 0.12758282113731373 0.10202066115951064 0.038135453597599345 0.09880074579022502 0.07722248905842 0.08846209015234487 0.11368324670546175 0.0885171426601926 0.02003399425027811

SimAnnealing_9 0.13414446809472802 0.0723502337251269 0.05532891996051585 0.09487460941849611 0.15837633611748653 0.09870268742652612 0.023408920605627135 0.09606446682418797 0.10844504715428538 0.08432342465727831 0.059810310677936775 0.07312910112384695 0.08781142502184215 0.12758282113731373 0.11759784575752769 0.08310206306355901 0.07389354972440827 0.10738079502440202 0.058868329738443005 0.0382641562686961

rand_sqrt 0.13149513226084936 0.13149513226084936 0.13149513226084936 0.13149513226084936 0.13149513226084936 0.13149513226084936 0.13149513226084936 0.13149513226084936 0.13149513226084936 0.13149513226084936 0.13149513226084936 0.13149513226084936 0.13149513226084936 0.13149513226084936 0.13149513226084936 0.13149513226084936 0.13149513226084936 0.13149513226084936 0.13149513226084936 0.13149513226084936

base 0.0007473637588413624 0.006111178207122468 0.008586239120553875 0.019199269545525532 0.02003399425027811 0.020466796587967708 0.021277644326842485 0.023408920605627135 0.024147530214373027 0.025597877256524716 0.0281035672145549 0.029511347490367358 0.02967052168107595 0.030368608200511633 0.03142005946668362 0.03156592076918641 0.034135102249636326 0.038135453597599345 0.0382641562686961 0.03870106513175793 0.03893991222898481 0.039226072306484526 0.039326493932283275 0.0408853285508582 0.04308830093697913 0.04321425314260735 0.044883726257748405 0.045320344504342656 0.04562551588541833 0.04594440035556532 0.049233343707938845 0.04927173054425362 0.05025184582892486 0.050974159079382374 0.05162948984613879 0.0516956526283213 0.05180976722346202 0.05211176503620989 0.05252188736490749 0.05457370508667704 0.05504432310620619 0.05532891996051585 0.055568668599473854 0.056308475545063054 0.05677465215899003 0.05703678646842845 0.05755833752539674 0.058186742149341705 0.058868329738443005 0.05896302441698942 0.059561592720216106 0.059614711176991866 0.059810310677936775 0.060499681120441455 0.060937930180403097 0.06136399527686516 0.06173091761865329 0.06188621037831806 0.06216759832061322 0.06222222475873272 0.06303698128593412 0.06373979741961924 0.06427910861113081 0.06477451059710063 0.06522933540472041 0.06530366529199419 0.06555986454644984 0.06610529136170164 0.06678122462527201 0.06713198483889912 0.06722737255341428 0.06728675283962185 0.06869452197396689 0.06901207886297127 0.06939789413429098 0.06959980898605184 0.07006267573259614 0.07056443555047552 0.07197053377438078 0.0723502337251269 0.07312910112384695 0.07341688033487984 0.07342319026494 0.0736218335355585 0.07389354972440827 0.07424828484036816 0.07446090055870482 0.07451111866140235 0.07458515110060888 0.07469957232036742 0.0753151814469517 0.07572545401912345 0.07707461787446541 0.07710167334553651 0.07710680368036531 0.07722248905842 0.07727105045676613 0.0773934661455737 0.07739417901803258 0.07764279359470576 0.07770766963824423 0.07802982644100029 0.07945670118710743 0.07992689124886969 0.08016592259400068 0.08071823509139203 0.08075541555367971 0.08120229309971663 0.081446476554944 0.08197250940746002 0.08223546974041221 0.0822474771433477 0.0824357702475512 0.08261887043698016 0.08288530657974251 0.08299524610226149 0.08310206306355901 0.08321882360229349 0.08330311549337514 0.08331555174372429 0.08392185887103125 0.08393134226726974 0.0842748777857825 0.08432342465727831 0.08460547966421599 0.08494804826290843 0.08533242378318465 0.08533787863612297 0.08563426221181729 0.08575376331947414 0.08593668512781015 0.0861323908779207 0.08631061307197847 0.08649055461397283 0.08743938138879093 0.08761474371349257 0.08776743012797804 0.08781142502184215 0.08828647498901468 0.08846209015234487 0.0885171426601926 0.08876408088305811 0.08898143663494634 0.08979103759176484 0.09023476443977492 0.09027325830543545 0.09037721671244886 0.09050672257254402 0.09056376926621994 0.09127934589731838 0.0913443624262316 0.09183664679556298 0.09199815275663699 0.0921549464751755 0.09249873458973969 0.09251676906793761 0.09266014645647008 0.09305878782969362 0.09323559567496983 0.09327927303367244 0.09332718929527338 0.09358194625085946 0.09373510144084429 0.09425602204341806 0.09437396881279729 0.09440303114689853 0.09457155307266985 0.0946125700491875 0.09470190719927238 0.09487460941849611 0.09493380418143356 0.09561262679897356 0.09562253326990577 0.09606446682418797 0.0964848490129672 0.09673060322309136 0.09685300197120143 0.09689036188982669 0.09691078306708603 0.09729004115332508 0.09739306614659429 0.09753192843590452 0.09870268742652612 0.09871254034898884 0.0987640329233166 0.09877264668340938 0.09880055588592772 0.09880074579022502 0.09906675459213911 0.09938425092876832 0.10018490561360427 0.10019673334141595 0.10025448726349227 0.10057629163562204 0.1008327860795102 0.10110875530731925 0.10124629581043358 0.10128578062238171 0.10202066115951064 0.10214313743162591 0.10226803409241919 0.1023682524133805 0.10244888762132559 0.10300663048116408 0.10314003759682044 0.1034586561004183 0.10421690719084993 0.10448703646395509 0.10459629256587015 0.10461128710511317 0.1047069757404859 0.10481785721307983 0.10485873221361419 0.10495416997350339 0.10556090118423671 0.10573486144322128 0.10607804371386892 0.10611353674176598 0.10638876685350374 0.10671122960905711 0.10676164980479344 0.10683484226118892 0.10698016446810986 0.1071428787982906 0.10716030387116135 0.10728271921898695 0.10738079502440202 0.10808469775766369 0.10808948759258967 0.10844504715428538 0.10854257618950541 0.10857415201738803 0.10868101900495047 0.10894486246333333 0.10902277661152406 0.10902901806866534 0.10925232623432218 0.10949299200086508 0.10986105201578757 0.1099930930044444 0.1100436255244407 0.11005042503640047 0.11025050597732888 0.11050898741435951 0.11064520347122515 0.11081815873552096 0.1108862187028321 0.11097668714681408 0.11102593054665023 0.11114018584802372 0.11130715526807808 0.11145284048421375 0.111601210162376 0.1116122446398803 0.1117508373118643 0.11178205009105889 0.11195636324971528 0.11208222330819413 0.11222214308808015 0.11231316572609654 0.11287130184444216 0.1129145310278357 0.11301298281895021 0.11307470783533256 0.11307823067684401 0.11319533085451093 0.11332523487381412 0.11333177115727253 0.11338497341759263 0.11343711165684495 0.11363185398549054 0.11368324670546175 0.11379294963631485 0.1138060951207169 0.11381528918948956 0.11435075405570655 0.11471797696428626 0.11489317762171088 0.11551858582781474 0.11553992719384883 0.11567785104747429 0.1157116764375709 0.11580752452711812 0.11610567290806709 0.1161134198220508 0.11614069380203705 0.11653366687190005 0.11693860191663316 0.11706293112806788 0.11750587383387408 0.11758535031937281 0.11759784575752769 0.11759954332161328 0.11765371090894715 0.11793481046918794 0.118155479198537 0.11857502320657835 0.11868687742390571 0.118812185281605 0.1188313990337136 0.11888580034755951 0.11893566366064606 0.11921165067243664 0.11941877181164932 0.1194604042812016 0.11982525057978176 0.11995909212524446 0.11999970542865701 0.12001744216165423 0.12008292993787612 0.12019773683205683 0.12020013343850085 0.1202769702614676 0.12030970732470382 0.12040298445870466 0.12066179773415948 0.12100768249173895 0.12130966202333719 0.12146821587714865 0.12176704518236572 0.12187409596225625 0.12203177018427393 0.12250014433509519 0.12251412975561217 0.12288191219775024 0.12302448733889298 0.12312611446715795 0.12327137201556605 0.12330332331973487 0.12368390989178277 0.12411293083187142 0.12491707604797414 0.1250164947230051 0.12502248772311872 0.12512166113461246 0.12524812629873294 0.12547308177319164 0.125597801936483 0.12594872049040656 0.12607100940534852 0.12644160247664996 0.12659602363002373 0.1270220710029713 0.12708052047088417 0.1273635034311589 0.12746522549556114 0.12758282113731373 0.12768251938556677 0.1277364206897753 0.12800524300831653 0.1281099350980058 0.12829901998437582 0.1283054853453963 0.1283852429042604 0.12856938264086676 0.12870049666916303 0.12878132072817122 0.12918275564281115 0.12930960061128563 0.12951104294493376 0.1298646365160213 0.13009770949637003 0.13037040119649793 0.1304336823522673 0.13070116512901261 0.13077620578871493 0.13123488680887602 0.13149513226084936 0.13176863708024092 0.13247990319664132 0.13267575064426526 0.1327663153397983 0.13295560159070968 0.13365425395671127 0.13412380775106938 0.13414446809472802 0.13422491103880269 0.134354934802796 0.1343778530974283 0.13442670251871613 0.13529133939622134 0.13547485468355192 0.13559603608635654 0.13559975229825555 0.13590919599609821 0.13608310296643675 0.13652304392635473 0.13654433039877534 0.1366030469287337 0.1371758897299414 0.13728049568927425 0.13748663818454507 0.13775869685014086 0.13802498577876499 0.13816100472162215 0.13840849912809342 0.13860853490563374 0.1387310473703691 0.1387335348895615 0.1388252382330939 0.13906894575317771 0.13921882310399153 0.1393562692415613 0.13948257155042304 0.13954360669683125 0.1397332700234434 0.13993085910485684 0.14013009155510348 0.14013614970070876 0.1401586602284466 0.14091681671336315 0.141420817786193 0.1415178090460305 0.14168224808238367 0.14223167323108896 0.14265649996278612 0.14383266164785743 0.14396086350093892 0.14413596043171728 0.1443551953249772 0.14443882211127812 0.14455968187745796 0.14498852103658946 0.14511683218706772 0.14547669370685967 0.14570423257300352 0.1457315850638385 0.1462708519226248 0.14638462845391287 0.1465347874760501 0.14659135746385002 0.14706522320490084 0.14726399305601032 0.14729176068143368 0.1474513637217759 0.1482434845209133 0.1483623041267477 0.14875651039410964 0.14921509851479867 0.14922201037873908 0.1495816816060104 0.15000097623022685 0.1500143337896492 0.1501356056782325 0.1501647705212714 0.150361705504544 0.15047834073490435 0.15064772569214666 0.15074618163197934 0.15080129647941465 0.15086424035774504 0.15118661930792476 0.1512154618348756 0.15160720105596687 0.1519500758101851 0.15204604407826966 0.15304144575032752 0.15306937620362313 0.15318617906475968 0.15319641019723568 0.15400281926969261 0.1540300538361256 0.15448283394106396 0.15499466016458785 0.15499624343646531 0.155169207309287 0.15523198260624765 0.1556418166878022 0.15571974639599986 0.15576310691166298 0.15614801559730412 0.1562313659606153 0.15628201144061862 0.15642278132577261 0.1565670473391886 0.15663504448326263 0.15732724504448195 0.15745432789517744 0.1574891069548508 0.15750027093923716 0.15772901883512877 0.15774734323767728 0.15807018183901284 0.15837633611748653 0.15859948126914583 0.1586512005227313 0.15868046805391117 0.15877595082792936 0.15897432447133766 0.15928639921159876 0.1592864740333836 0.15981320299819993 0.15981802954952387 0.16007751954187058 0.16010676507180982 0.1604048745925065 0.16101666731481953 0.16115391857798633 0.16119985945637189 0.1613833924947026 0.16158661103041919 0.16196610770442144 0.16247324805536545 0.16265553872990293 0.16289058685140748 0.1630109631043879 0.16310147907898354 0.16314877118652724 0.16323604913026812 0.16345517480950514 0.16374669457974345 0.16412361328825528 0.16421937893355232 0.16434714663880146 0.16459249407574914 0.16496577943138702 0.16502585092731717 0.16557225557891259 0.16597872470642866 0.16598230444086365 0.16637918671853072 0.16662105333432517 0.16662981854201503 0.16672893248086407 0.16680065588534715 0.16697777838065886 0.1670086452396428 0.16725593936605232 0.1673301381146864 0.1674009405054574 0.16768986770025485 0.1677989951476396 0.1680236432006449 0.16809135228488062 0.1681914621225063 0.16827764370130519 0.16829062531975536 0.16847662092575874 0.16853758014962925 0.1687048902742997 0.16870595938761518 0.16898173270540268 0.16937507630645265 0.16946268305304488 0.1696351311109729 0.16988628367001288 0.17008796011115643 0.17040129003081667 0.17086496903247414 0.17114226068916072 0.17124266078563163 0.1713495079755629 0.1718499218555108 0.17205253165980486 0.17245795208316717 0.17247848940843943 0.1729610449549199 0.17324440556314372 0.17331903879392138 0.17353705174750347 0.17369090336528434 0.17393949862696476 0.1739540138274871 0.17403887989251285 0.17408994947923603 0.17439976115069442 0.17444206028279968 0.1744952438193212 0.1746124335344785 0.17510414417099793 0.17563278961020576 0.17569834423182124 0.1758050489078883 0.1759947655298967 0.1762882201845106 0.17629644998210015 0.17631514934930337 0.17689977390277178 0.17697865291667172 0.17721462939332927 0.17771193205247257 0.17792150865164144 0.1782247975511974 0.17825390255892795 0.17853342874545777 0.1789504820644899 0.17907328397311703 0.17915464345086873 0.18024032474504353 0.1804649023352023 0.18051407416401863 0.18082084136677337 0.1809655627472777 0.18109391643816558 0.1811234950285833 0.18170903026607715 0.18209285286740376 0.1822374722387514 0.18230089165713279 0.1834710986909881 0.18387199994928902 0.18442120544058663 0.18460262607015523 0.18460453667123025 0.18507786402533746 0.18526446742637476 0.18552056255717303 0.18558413888142278 0.1856282748514757 0.1859007663759442 0.1859447347898705 0.18647756533687557 0.18661552885003535 0.1872093271775467 0.18751911431727525 0.18759290233561768 0.18771315675882808 0.18900471378038927 0.18908831155153194 0.18916209503810977 0.18940617288228095 0.18978008941512126 0.1901588960666879 0.19028383876274652 0.19029854998604903 0.190414555645232 0.19084071065931094 0.19085293640580056 0.19093045313329332 0.1911187354421585 0.19125218350071457 0.19127190705780533 0.19179286349869304 0.1922136646393596 0.1922644741853891 0.19265370417451927 0.19285743390815935 0.19317170777452075 0.1932069411954953 0.19321017943438162 0.19334856698664485 0.19350854309065263 0.19352581291752033 0.19366819659537565 0.19402110379250967 0.1941988332919694 0.19424738139764955 0.19445128810993773 0.19473046490395826 0.19531048797877287 0.19571359904942418 0.19590636858999666 0.19615370809639032 0.19640680316903295 0.19652163952586485 0.19658132320673444 0.1966024886571215 0.19672639649886356 0.19686043960405494 0.19760370150467776 0.1980714944719295 0.19853136229775828 0.19866215378276197 0.19879493864129028 0.20001907215125173 0.20041797314564055 0.2005039548277159 0.20068912750304313 0.20107706692082908 0.20110344930258892 0.201226147106508 0.20158670290167144 0.20180414313412998 0.20199293479253128 0.20219382311513726 0.20230657520275006 0.20235734150669138 0.2023993627249985 0.20256823974425298 0.2027817047214538 0.20306827601440017 0.2031482093159068 0.20318256067389298 0.20325269889399172 0.2036085854316908 0.20373248350377432 0.20428409100480802 0.20438758465574064 0.20446457787828798 0.20464590699463753 0.20471614410400693 0.20543883696172976 0.20633470790206898 0.20633906648978154 0.20644920389169824 0.2069826016778592 0.20710361201626265 0.20747159022805983 0.20771433721055477 0.20782375673682363 0.20807707382314966 0.2081976120284816 0.20858522436612667 0.2088401320205401 0.2091735031956922 0.20919206709216764 0.2093743202911769 0.20942204828649533 0.20977246161933283 0.20997584687706516 0.21042400819090748 0.210625365024095 0.21069486813986898 0.21082994608885516 0.21089498541025317 0.21101096326518787 0.2112775401394684 0.21128646670450835 0.21138291258599884 0.21146649930329492 0.21163513727359748 0.21176242176696153 0.21194495821118556 0.21199233705506085 0.21258213203802884 0.21296140929291307 0.21309030541389354 0.21351276481935025 0.2135293526521589 0.21354155874201916 0.21402882967102405 0.21448890973853063 0.21466798832055606 0.21540669315728422 0.21559750331932218 0.21583055906898083 0.21598896261723374 0.21598899119166345 0.21610837004344308 0.21648814040325282 0.21651961269948006 0.21701527429167436 0.21711095972064248 0.217140556949264 0.21776990415229888 0.21777763824379473 0.2184458602071558 0.21850503273849609 0.21860045982100698 0.2186056211673881 0.21879789703712024 0.21946434537258744 0.21947941967033324 0.22023963100310162 0.2208214121632619 0.2208673283097815 0.22196160792489672 0.22232318930382278 0.22237726440671834 0.2224393101898503 0.22296495038770092 0.2231841124973512 0.22390492421001457 0.22405610182683522 0.22406257866325366 0.22422828434785258 0.22430130656084019 0.2245490914591885 0.22466962451847267 0.22468003253216148 0.2248666612734062 0.2248714290317017 0.2249558786824098 0.22497249014341436 0.2251979106597408 0.22522855147602555 0.2254841790018659 0.22552817721945684 0.22641740448205008 0.22657395428445928 0.22683266676583982 0.22756102201505457 0.22765882721239805 0.22768600523467253 0.22771533791037885 0.22827962897900878 0.22927966252426138 0.22947728035685405 0.2296477993069706 0.22968053953700754 0.23015051870895883 0.2301756999409631 0.23035203295202483 0.230525758670123 0.23055443696521355 0.23128190947629954 0.23161635208913525 0.23164982185855126 0.23178719121825533 0.23181758114737883 0.23212216864090496 0.2321530583627572 0.23217013147555618 0.2322769512767631 0.232560339473266 0.23256998337284698 0.23257914748787378 0.23263547518965075 0.23273493271751275 0.23286377202454941 0.23292880079262018 0.2330335046338983 0.23329208923315473 0.23362850179272265 0.2337350454396641 0.23418160103652227 0.2342271567292426 0.23459483429276254 0.2347449937179367 0.23523419676451196 0.23537901717234938 0.23599307466981315 0.23599371587347362 0.23618463927055827 0.23638733918636606 0.23771427880513823 0.23786469493767018 0.23799822261482015 0.23811280115209332 0.23842663971457115 0.23867556474271992 0.2389403973612253 0.23915801840094028 0.23942974342169843 0.2394721395853659 0.23995908802520566 0.24018591563253366 0.24020703437726434 0.2402980410350364 0.240329313261837 0.24095735971509974 0.24143868404796948 0.2414777681410947 0.2416485696925766 0.2417272298770725 0.24293932587018802 0.24374987739182036 0.24409952234094343 0.24417842749857013 0.24461901274021822 0.2446631625000286 0.2446758145179332 0.2448466890028956 0.24486414208211887 0.24493565143935478 0.24500540107316804 0.24502819682696242 0.24527817232728444 0.2453466420709942 0.2453611023164579 0.2454333360489533 0.2455655969505616 0.24594295925241383 0.2461756284911965 0.2465819837321538 0.24724820876356446 0.24783328364855192 0.24932307281840294 0.24947632735491507 0.24975099470654122 0.25018768968118704 0.25020105431594164 0.25091251919409185 0.25109012126359664 0.25112647894090157 0.2511349522295197 0.2511670103108698 0.2513393487901836 0.2519287635425375 0.2519622421368269 0.2520020004980627 0.2521176918835388 0.2526162241860824 0.25326206939036694 0.25334233299202735 0.25339728005893963 0.2534501927690269 0.2539912225325068 0.2540195107629304 0.2544035217055877 0.25499221527417687 0.255473070850396 0.25579359253286943 0.25583091540247527 0.2564033830755597 0.2564051973064487 0.2570795648719318 0.2571163902110498 0.2579775979977522 0.2586533684709307 0.25886640225071644 0.25933522074255716 0.25982186745119507 0.26060197079321223 0.26082736206934637 0.2609853458310313 0.2612034384878575 0.2613046887531546 0.2617228570330207 0.2620253291616632 0.2620813846682977 0.26221651322129585 0.2623691740173592 0.262488390101277 0.263115736716985 0.26377827022363515 0.2646852402844942 0.26475805922363455 0.2648374265644496 0.2650453019752173 0.26601114211860066 0.2661691984752205 0.2662509349496815 0.2666118910148341 0.26794028130481984 0.2679457527429299 0.26830528466802955 0.2686123667394999 0.2691389547445263 0.26953686372900276 0.2697348028080456 0.27010702456378294 0.27040744876497985 0.2705310978245761 0.2707037915624536 0.27092666307550994 0.27124872892558566 0.27135615609214364 0.2725294022245164 0.2730151640897771 0.27314096533965854 0.2732141606348488 0.27332518057880817 0.2738256431008136 0.2738302779843938 0.27386674630564123 0.2741323714571912 0.27431944232440486 0.27432426598580895 0.2743411218987189 0.2746889260880175 0.27472577045009944 0.2747291281387925 0.27505082659357827 0.275393188542967 0.27553710234756507 0.276081805374211 0.2767033472511648 0.276953519596318 0.27699344174087465 0.2789536313962308 0.2794361985752906 0.2794419688092904 0.27948830996423907 0.2796385492045791 0.2797780850253472 0.28057653403607263 0.28139563143028196 0.28172601763525223 0.2817724799810342 0.2821740183792382 0.28223450048883963 0.28238249079572464 0.28300523772137026 0.2830619925431005 0.28336460981469325 0.2835388633524756 0.28363336930377314 0.28512108110459794 0.2853300318681133 0.28611232559545385 0.2862223912773003 0.28645232221761074 0.28742840414651366 0.2874316903464876 0.2877655756955578 0.28799279108719106 0.2885077546550423 0.28851362334003317 0.28864917836057175 0.2886613982464668 0.2887889627552211 0.2894608431490375 0.2896606422345235 0.2897290814131724 0.29073026938035174 0.2921074156396293 0.29231237939826993 0.2924525173181144 0.29268660468050633 0.2931594469370479 0.29345942458302177 0.29384921980964734 0.29516448644485677 0.2951769747805962 0.29529190145098927 0.29553200673543945 0.2960698877181827 0.29772063052251685 0.2978689151147932 0.29843839294044106 0.29942114466437764 0.29951091252058926 0.2996507361699973 0.30053688962099856 0.3014573452735404 0.3023025260310847 0.30283491322902556 0.30313219419751264 0.303531937950233 0.30381819362405427 0.30426393437182575 0.30468569902881204 0.30478841680614566 0.30553522932356836 0.30587310455473227 0.30598835681103426 0.30624855265754714 0.3074604858701769 0.30764388767373496 0.3087529549749177 0.30908404676628676 0.30988691002273033 0.3109862790518731 0.31103113629948725 0.3118323573239042 0.3119955915740763 0.3120053974904816 0.31228466567393937 0.3123531098576367 0.3125618678466019 0.3126248443944863 0.3127498099613067 0.31289627564404626 0.31295356359597604 0.31320293830407747 0.31373705240976685 0.31392721768592124 0.3140597910556486 0.3141794827385893 0.3147000452713232 0.3159632742936673 0.3162361274718304 0.3165129977046972 0.31695794288122947 0.3185318904112713 0.31882334982103117 0.3195371878339876 0.31958515456900016 0.3197726742224884 0.3200104941426675 0.3201759341310806 0.3202337148954425 0.32071705374068554 0.3214515811721575 0.32159139149686483 0.32226193125113534 0.32244348518792 0.32304342813770853 0.3246287577596708 0.324923090628021 0.32503687063692954 0.32529533062506205 0.3254253527506538 0.32625167423488727 0.3264444751040505 0.32656315535417413 0.3266115510941614 0.32702702855246496 0.32722261981534184 0.3278842375930453 0.328056625443939 0.3284921786410752 0.32855422121306654 0.32855853859369066 0.32913967792978593 0.3293180747894934 0.3297597025190673 0.33045189710594974 0.3307648885961752 0.33094164151913 0.33264605373029915 0.3329459095052744 0.3330809174868016 0.3335249228021354 0.33381160601564275 0.33422030833923105 0.334600818064841 0.33500241312284085 0.3361982610999598 0.33637500592651637 0.33657362214072206 0.33746520445879313 0.33804698183385695 0.33858866706475677 0.33888980260256707 0.34167960705475453 0.34233980200497455 0.3424388772908282 0.3428203647848084 0.34291563621300564 0.3439891171228435 0.3446055405276603 0.34648006948665394 0.35234065448283947 0.35519492602101754 0.35621461064114357 0.358214117175273 0.3589071791729705 0.3626026138406526 0.3633722855426503 0.3805730824144036 0.40032057805706217 0.40601596462276995 0.40617194215606556 0.40664037177482243 0.4077872222813081 0.40881653845731986 0.41016977572645297 0.4102208448165085 0.41193695384431234 0.4120154336714654 0.41214741200331156 0.412385398815701 0.413126218272979 0.414706565120066 0.4157081184357283 0.4162259078326872 0.41800444011843446 0.41972683314599984 0.4201089053497771 0.4207163807038354 0.4207765743476807 0.4217824602142188 0.42185317771183595 0.4227291328515159 0.4255118412915035 0.4257957127200555 0.42594924521534605 0.4273183816584024 0.4278472010931235 0.4279210095858027 0.42815006828717445 0.42862425310893465 0.4299766963446421 0.43037293059453696 0.4314805826108075 0.4327584733913185 0.43332992113710855 0.4335044285207652 0.43351351340720473 0.43393592497172695 0.43416908576728386 0.4357064913748586 0.4358079755656021 0.43585116301091054 0.43653893720221865 0.4389341937605144 0.43898872618634094 0.43927366697418174 0.4399947613934114 0.44159022281037374 0.44261590206898177 0.4430435874567583 0.44324608263587223 0.4437184762639816 0.4456632886853676 0.4495190660497986 0.4499073240326558 0.4523584198878137 0.45454476986004794 0.45637651585328975 0.4577217431465802 0.45798378633722236 0.458937662623606 0.46137566592265294 0.4680677209625686 0.47117726326301285 0.6110661174888876 0.6113481746904821 0.6121069774254141 0.6124905623982283 0.6126621970574682 0.6129096299654555 0.614154701436627 0.6142532967369142 0.6148279392864383 0.615187004325344 0.6152012140940812 0.6154426659981795 0.6157760059417278 0.6157981813464296 0.6159428933377055 0.6163913015015705 0.6165957357059701 0.6166428362844253 0.6170070270734129 0.617019700902691 0.6170440631058772 0.6171734345552232 0.6173581587648261 0.6176515608726799 0.617797147462315 0.6178348269811113 0.6179018063644617 0.617963691274146 0.6185532101416502 0.6188081231193331 0.6188413252987628 0.6189564181997164 0.6195651533530442 0.620022439640674 0.6200485214789094 0.6201125547023003 0.6204672232284486 0.6205084729576794 0.6205101996133826 0.6208406590641024 0.6208420415042673 0.6210017793634325 0.6210718435260597 0.6211744001762868 0.6211765686445723 0.6212720844499254 0.6214067255162085 0.6214521867051892 0.621468177974171 0.6217779029527747 0.6218079873428364 0.6218504118954414 0.6219316718738619 0.6224519984517543 0.6224904190251871 0.6225639269419697 0.62257645896584 0.6226543060399782 0.6229446936231522 0.6230167496361093 0.6230194807995774 0.6231781114455582 0.6234333949977839 0.6235188938663762 0.6235619024722362 0.6236862648426726 0.6237616914255593 0.623797520720124 0.623828317922346 0.6239423217238212 0.6239535016474493 0.6239807518622197 0.624094816739124 0.624281555138521 0.624284448824579 0.6242968803040276 0.6245937970442628 0.6248640176502449 0.6248871473045506 0.6252119774636763 0.625605272157413 0.6257094081941146 0.6257239288181011 0.6258169935762822 0.6259420592924246 0.6261083427208769 0.6262561047980341 0.6262974880173666 0.6266633972556418 0.6266924265469241 0.6271187628018035 0.6271871602415106 0.6273384859511576 0.6273430701924436 0.6274359370319056 0.627705813577037 0.6278884055660554 0.6280062557716072 0.6280088783195229 0.6281894830415088 0.6282216209092282 0.6283901321102002 0.6286838159523954 0.6289667784004266 0.6291438954587606 0.6294454798862299 0.630286128652991 0.6322887789795336 0.7614355195501886 0.7837223503031863 0.7912927239166719 0.8095261735208809 0.8123551338214658 0.8127325242851616 0.8191339283076623 0.8236327687131715 0.8257123844351534 0.8258952566991962 0.8277983340541989 0.8284702047443153 0.8329342325729948 0.8340432164591716 0.8364047348116844 0.8375446005325837 0.8385218142027575 0.8412188474379558 0.8417973263269288 0.845725567921073 0.8464228815618517 0.8477958339782298 0.8544762141997306 0.8553429400671081 0.8600920561099333 0.8609434102463737 0.8634424423754842 0.874212287350594 0.8790015121763352 0.8798099797157657 0.88016375545362 0.888132202093086 0.9054327502869586 0.9057860045991117 0.9108115066181287 0.9128437896509081 0.9161112080631313 0.919497197839685 0.9198354433704979 0.9220722868432952 0.9241713494068116 0.9412432813949886 0.9420267708453606 0.9611875997477101 0.9643791617328517 0.9810773528304328 0.9995283395286931

rand_p90 0.0007473637588413624 0.0007473637588413624 0.0007473637588413624 0.0007473637588413624 0.0007473637588413624 0.0007473637588413624 0.0007473637588413624 0.0007473637588413624 0.0007473637588413624 0.0007473637588413624 0.0007473637588413624 0.0007473637588413624 0.0007473637588413624 0.0007473637588413624 0.0007473637588413624 0.0007473637588413624 0.0007473637588413624 0.0007473637588413624 0.0007473637588413624 0.0007473637588413624

bonr_15 0.134354934802796 0.08563426221181729 0.05532891996051585 0.09487460941849611 0.030368608200511633 0.09870268742652612 0.05532891996051585 0.09606446682418797 0.11793481046918794 0.08432342465727831 0.059810310677936775 0.07312910112384695 0.08781142502184215 0.09425602204341806 0.11759784575752769 0.12030970732470382 0.07389354972440827 0.10738079502440202 0.09127934589731838 0.0382641562686961

bonr_sqrt 0.05677465215899003 0.08563426221181729 0.05532891996051585 0.11706293112806788 0.034135102249636326 0.09870268742652612 0.0382641562686961 0.09606446682418797 0.10019673334141595 0.08432342465727831 0.059810310677936775 0.07312910112384695 0.08781142502184215 0.04562551588541833 0.04308830093697913 0.12030970732470382 0.07389354972440827 0.10738079502440202 0.09127934589731838 0.0382641562686961

rand_15 0.22296495038770092 0.22296495038770092 0.22296495038770092 0.22296495038770092 0.22296495038770092 0.22296495038770092 0.22296495038770092 0.22296495038770092 0.22296495038770092 0.22296495038770092 0.22296495038770092 0.22296495038770092 0.22296495038770092 0.22296495038770092 0.22296495038770092 0.22296495038770092 0.22296495038770092 0.22296495038770092 0.22296495038770092 0.22296495038770092

