progressive_9 0.3107349753995172 0.38577979086522923 0.08959917298883692 0.42419007168582 0.3714664048594193 0.0008157727025445531 0.34883729115878376 0.06013506457144305 0.23343914908388907 0.40177427261794996 0.5512990734339144 0.24769708657374723 0.5932008943121485 0.30779594999678705 0.08959917298883692 0.30047303824141836 0.47178699306291844 0.39043540259816206 0.19063919980779265 0.42440190430528474

ExpProgressive_sqrt 0.19063919980779265 0.3061157638467625 0.08959917298883692 0.38668722705067643 0.2882767684148444 0.0008157727025445531 0.34883729115878376 0.0008157727025445531 0.23343914908388907 0.36543063902228917 0.48064708799265565 0.24769708657374723 0.23343914908388907 0.30779594999678705 0.08959917298883692 0.22054489586971324 0.47178699306291844 0.2160156613388788 0.19063919980779265 0.42440190430528474

bonr_9 0.3107349753995172 0.38577979086522923 0.08959917298883692 0.22885494764533185 0.3714664048594193 0.0008157727025445531 0.34883729115878376 0.06013506457144305 0.23343914908388907 0.40177427261794996 0.5512990734339144 0.24769708657374723 0.5932008943121485 0.30779594999678705 0.08959917298883692 0.30047303824141836 0.47178699306291844 0.39043540259816206 0.0008157727025445531 0.42440190430528474

SimAnnealing_sqrt 0.3107349753995172 0.3061157638467625 0.08959917298883692 0.2160156613388788 0.22076627129591853 0.0008157727025445531 0.06013506457144305 0.06013506457144305 0.23343914908388907 0.2160156613388788 0.5512990734339144 0.12893157914979897 0.23343914908388907 0.30779594999678705 0.08959917298883692 0.06013506457144305 0.47178699306291844 0.34883729115878376 0.0008157727025445531 0.19063919980779265

ExpProgressive_9 0.3107349753995172 0.38577979086522923 0.08959917298883692 0.48530662462720814 0.3714664048594193 0.0008157727025445531 0.34883729115878376 0.06013506457144305 0.23343914908388907 0.40177427261794996 0.5512990734339144 0.24769708657374723 0.5932008943121485 0.30779594999678705 0.08959917298883692 0.30047303824141836 0.47178699306291844 0.39043540259816206 0.19063919980779265 0.42440190430528474

rand_9 0.45052856840463845 0.45052856840463845 0.45052856840463845 0.45052856840463845 0.45052856840463845 0.45052856840463845 0.45052856840463845 0.45052856840463845 0.45052856840463845 0.45052856840463845 0.45052856840463845 0.45052856840463845 0.45052856840463845 0.45052856840463845 0.45052856840463845 0.45052856840463845 0.45052856840463845 0.45052856840463845 0.45052856840463845 0.45052856840463845

progressive_sqrt 0.19063919980779265 0.3061157638467625 0.08959917298883692 0.38668722705067643 0.36543063902228917 0.0008157727025445531 0.34883729115878376 0.0008157727025445531 0.23343914908388907 0.36543063902228917 0.48064708799265565 0.24769708657374723 0.23343914908388907 0.30779594999678705 0.08959917298883692 0.22054489586971324 0.47178699306291844 0.2160156613388788 0.19063919980779265 0.42440190430528474

SimAnnealing_9 0.3107349753995172 0.38577979086522923 0.08959917298883692 0.22885494764533185 0.3714664048594193 0.0008157727025445531 0.34883729115878376 0.06013506457144305 0.23343914908388907 0.2160156613388788 0.5512990734339144 0.24769708657374723 0.5932008943121485 0.30779594999678705 0.08959917298883692 0.30047303824141836 0.47178699306291844 0.4336397150221033 0.0008157727025445531 0.42440190430528474

rand_sqrt 0.45052856840463845 0.45052856840463845 0.45052856840463845 0.45052856840463845 0.45052856840463845 0.45052856840463845 0.45052856840463845 0.45052856840463845 0.45052856840463845 0.45052856840463845 0.45052856840463845 0.45052856840463845 0.45052856840463845 0.45052856840463845 0.45052856840463845 0.45052856840463845 0.45052856840463845 0.45052856840463845 0.45052856840463845 0.45052856840463845

base 0.0008157727025445531 0.06013506457144305 0.08959917298883692 0.12893157914979897 0.14358079906569343 0.19063919980779265 0.2160156613388788 0.22054489586971324 0.22076627129591853 0.22885494764533185 0.23343914908388907 0.24421555483009943 0.24769708657374723 0.277235733972876 0.2826175916283925 0.2882767684148444 0.2928055751244557 0.2936617705936162 0.2971178853706838 0.30047303824141836 0.30165979807983223 0.3061157638467625 0.30779594999678705 0.31063652626150995 0.3107349753995172 0.31480344719926784 0.3182822711473734 0.3279749269962958 0.3350816312775824 0.3371966903993189 0.34516237139443234 0.34883729115878376 0.3490026903986815 0.3504096613072666 0.3559537412410306 0.35740390352809687 0.36543063902228917 0.3714664048594193 0.3740435107332324 0.37423747866083173 0.37774522954939455 0.3781436856910518 0.38135955268194155 0.38159451525157023 0.38577979086522923 0.38668722705067643 0.39043540259816206 0.40136645548157335 0.40177427261794996 0.40522792244061684 0.40927366587727526 0.4144453175595956 0.416158516344139 0.42419007168582 0.42440190430528474 0.4336397150221033 0.43725752587265715 0.43944615046949687 0.4396670444881586 0.44052391364355953 0.4423420020852877 0.44877524032817573 0.45052856840463845 0.4523371282617891 0.45260888736236926 0.4538130823801524 0.4552435568711775 0.45958584852255274 0.46450993445711075 0.4650838184601155 0.4667785573885989 0.46678177571609347 0.47121230471580744 0.47178699306291844 0.47490853031295843 0.48064708799265565 0.48208971010191276 0.4838727370611669 0.48530662462720814 0.4893907953872068 0.4894742590337082 0.49047764558147056 0.495127510292808 0.5000710042083664 0.5089088541420564 0.5134410033031742 0.5146117130627911 0.5156183279054499 0.5180428693522445 0.5197476859203147 0.5311822683393487 0.5315097005726647 0.5376781915291814 0.5407585090725248 0.5415678662665613 0.5418007804817782 0.5468454088638706 0.5496232443277669 0.5512990734339144 0.5544132264172367 0.5554436764240569 0.5566026075799171 0.557869370573187 0.5649782189796909 0.5668188739303087 0.5683577377821232 0.5697547718270681 0.5705585989343974 0.58079953226939 0.582513604515411 0.5859869160230389 0.5866788002332234 0.5872188012323756 0.5932008943121485 0.5959274525720591 0.6055040487478902 0.6088565320172588 0.6101254022772445 0.6109730986765893 0.6122175415703786 0.6173557075229379 0.6205635684165695 0.6251164514340215 0.6258473648508853 0.6282537611582256 0.6286658406246479 0.6298424509150418 0.6379482057985043 0.638364023486124 0.6392368968807813 0.6432457335749402 0.64690529928524 0.6493424971196589 0.6548305848137003 0.6550903681183284 0.6573323005888786 0.6617079118873528 0.6635561642244802 0.6645537076861325 0.664746160366998 0.6671635476075984 0.6728318109387272 0.674377719488046 0.6791524201302185 0.6807121861699968 0.6887988300964554 0.6889150831418425 0.6893220574599949 0.68986787313635 0.6900052128505303 0.6971457619421285 0.7014603710853096 0.7024649324751621 0.703566586518949 0.7055520651730417 0.7055886629410816 0.7078319241473751 0.7114793915959271 0.7163542179268988 0.721794903094604 0.722959418250463 0.7291223405041481 0.7314693008277412 0.7315204171789133 0.7329410062251064 0.7329647779940471 0.7361474362613702 0.7378668641032383 0.7547129957147671 0.7550018187314016 0.7581552826809483 0.7622317016774197 0.7623664495594661 0.7625214361180234 0.7627034323817802 0.7694441984728093 0.7697337808507062 0.7724024960523083 0.7737217250397916 0.7767315037153266 0.7830331491514622 0.7871559955483949 0.789902105318105 0.7928857878395 0.7933467516361902 0.8006593915927506 0.8071875665860603 0.819771820346583 0.8219947461955021 0.8233155823737633 0.8234151205898382 0.8307291822943964 0.8313613270938772 0.8537598333620469 0.8615455153046154 0.8624574567031511 0.8639867870962324 0.87870937899164 0.8804765291998058 0.8829257158087684 0.8950927297941789 0.8972883856575081 0.9114171927385091 0.9132481380599671 0.9545619246045637 0.9545860492603989

rand_p90 0.0008157727025445531 0.0008157727025445531 0.0008157727025445531 0.0008157727025445531 0.0008157727025445531 0.0008157727025445531 0.0008157727025445531 0.0008157727025445531 0.0008157727025445531 0.0008157727025445531 0.0008157727025445531 0.0008157727025445531 0.0008157727025445531 0.0008157727025445531 0.0008157727025445531 0.0008157727025445531 0.0008157727025445531 0.0008157727025445531 0.0008157727025445531 0.0008157727025445531

bonr_sqrt 0.19063919980779265 0.30165979807983223 0.08959917298883692 0.22076627129591853 0.14358079906569343 0.0008157727025445531 0.34883729115878376 0.06013506457144305 0.23343914908388907 0.36543063902228917 0.5512990734339144 0.24769708657374723 0.23343914908388907 0.30779594999678705 0.08959917298883692 0.30047303824141836 0.47178699306291844 0.2160156613388788 0.0008157727025445531 0.42440190430528474

