progressive_9 0.11576260346090175 0.10180021728171967 0.06898395533115129 0.09880417260158134 0.05287542037244525 0.10233729881652084 0.13144588148578548 0.09107956098119828 0.054851970855390786 0.08700781127469737 0.10449341743037034 0.04724666887988786 0.09593056136113373 0.2118580640181874 0.056588188061132985 0.0657500972303813 0.07760647054765256 0.11675669646569743 0.08209778137571767 0.07964273981014112

b2_9 0.08898402607606443 0.10497201587002446 0.07209869473914095 0.0750913465968183 0.0651509139320635 0.12966817882862935 0.21950179041353082 0.13861333713726834 0.1527690326492915 0.08461237592154579 0.0665880704331032 0.11137936435428333 0.2431026537908931 0.06185809585680524 0.04724666887988786 0.09622966129544483 0.29351900475370857 0.09443292519532105 0.08317541227496898 0.09048089118900249

b2_15 0.08898402607606443 0.10497201587002446 0.07209869473914095 0.0750913465968183 0.0651509139320635 0.12966817882862935 0.21950179041353082 0.13861333713726834 0.1527690326492915 0.08461237592154579 0.0665880704331032 0.11137936435428333 0.2431026537908931 0.06185809585680524 0.04724666887988786 0.09622966129544483 0.29351900475370857 0.09443292519532105 0.08317541227496898 0.09048089118900249

b2_sqrt 0.08898402607606443 0.10497201587002446 0.07209869473914095 0.0750913465968183 0.0651509139320635 0.12966817882862935 0.21950179041353082 0.06622868155999705 0.1527690326492915 0.08461237592154579 0.05179730875804896 0.11137936435428333 0.2431026537908931 0.06185809585680524 0.04724666887988786 0.08527108037541 0.29057735581662886 0.09443292519532105 0.08317541227496898 0.09048089118900249

SimAnnealing_15 0.08898402607606443 0.10497201587002446 0.07209869473914095 0.0750913465968183 0.0651509139320635 0.05179730875804896 0.21950179041353082 0.06622868155999705 0.1527690326492915 0.08461237592154579 0.05413328559005235 0.09826551235264595 0.15342179867371358 0.06185809585680524 0.04724666887988786 0.0750913465968183 0.05317513139432968 0.09443292519532105 0.2528222446687388 0.09048089118900249

ExpProgressive_sqrt 0.11576260346090175 0.08700781127469737 0.06898395533115129 0.09880417260158134 0.05287542037244525 0.09742756565917282 0.05179730875804896 0.07143996632719905 0.054851970855390786 0.08832484495857186 0.10449341743037034 0.04724666887988786 0.07521118153173087 0.2118580640181874 0.056588188061132985 0.0657500972303813 0.07760647054765256 0.06317483948161393 0.10221856111799553 0.07964273981014112

bonr_9 0.08898402607606443 0.10497201587002446 0.07209869473914095 0.06796515301188719 0.0651509139320635 0.0652707997341566 0.10551108407483706 0.06622868155999705 0.1527690326492915 0.08461237592154579 0.09227742886053694 0.11137936435428333 0.12483453045415467 0.06185809585680524 0.04724666887988786 0.07521118153173087 0.05317513139432968 0.09443292519532105 0.2528222446687388 0.09048089118900249

ExpProgressive_15 0.11576260346090175 0.10652897211171115 0.06898395533115129 0.09880417260158134 0.05287542037244525 0.0605398878995931 0.05179730875804896 0.09107956098119828 0.054851970855390786 0.08832484495857186 0.10449341743037034 0.04724666887988786 0.08898402607606443 0.2517222253836587 0.056588188061132985 0.0657500972303813 0.07760647054765256 0.06317483948161393 0.11179860763068546 0.07964273981014112

SimAnnealing_sqrt 0.08898402607606443 0.10497201587002446 0.07209869473914095 0.0750913465968183 0.0651509139320635 0.05179730875804896 0.21950179041353082 0.06622868155999705 0.1527690326492915 0.08461237592154579 0.06341415770644482 0.09826551235264595 0.15342179867371358 0.06185809585680524 0.04724666887988786 0.08149838149817809 0.05317513139432968 0.09443292519532105 0.2528222446687388 0.09048089118900249

ExpProgressive_9 0.11576260346090175 0.10180021728171967 0.06898395533115129 0.09880417260158134 0.05287542037244525 0.10233729881652084 0.13144588148578548 0.09107956098119828 0.054851970855390786 0.08700781127469737 0.10449341743037034 0.04724666887988786 0.09593056136113373 0.2517222253836587 0.056588188061132985 0.0657500972303813 0.07760647054765256 0.11675669646569743 0.08209778137571767 0.07964273981014112

rand_9 0.24373187370841795 0.24373187370841795 0.24373187370841795 0.24373187370841795 0.24373187370841795 0.24373187370841795 0.24373187370841795 0.24373187370841795 0.24373187370841795 0.24373187370841795 0.24373187370841795 0.24373187370841795 0.24373187370841795 0.24373187370841795 0.24373187370841795 0.24373187370841795 0.24373187370841795 0.24373187370841795 0.24373187370841795 0.24373187370841795

progressive_sqrt 0.11576260346090175 0.08700781127469737 0.06856444270796462 0.09880417260158134 0.05287542037244525 0.0605398878995931 0.05179730875804896 0.07143996632719905 0.054851970855390786 0.08832484495857186 0.07209869473914095 0.04724666887988786 0.07521118153173087 0.2118580640181874 0.056588188061132985 0.0657500972303813 0.07760647054765256 0.06317483948161393 0.08209778137571767 0.07964273981014112

progressive_15 0.11576260346090175 0.1004216033307276 0.06898395533115129 0.09880417260158134 0.05287542037244525 0.0605398878995931 0.05179730875804896 0.09107956098119828 0.054851970855390786 0.08832484495857186 0.10449341743037034 0.04724666887988786 0.08898402607606443 0.2118580640181874 0.056588188061132985 0.0657500972303813 0.07760647054765256 0.06317483948161393 0.11179860763068546 0.07964273981014112

SimAnnealing_9 0.08898402607606443 0.10497201587002446 0.07209869473914095 0.0750913465968183 0.0651509139320635 0.0950917625530802 0.21950179041353082 0.06622868155999705 0.1527690326492915 0.08461237592154579 0.09227742886053694 0.09826551235264595 0.15342179867371358 0.06185809585680524 0.04724666887988786 0.0750913465968183 0.05317513139432968 0.09443292519532105 0.2528222446687388 0.09048089118900249

rand_sqrt 0.08461237592154579 0.08461237592154579 0.08461237592154579 0.08461237592154579 0.08461237592154579 0.08461237592154579 0.08461237592154579 0.08461237592154579 0.08461237592154579 0.08461237592154579 0.08461237592154579 0.08461237592154579 0.08461237592154579 0.08461237592154579 0.08461237592154579 0.08461237592154579 0.08461237592154579 0.08461237592154579 0.08461237592154579 0.08461237592154579

base 4.102379947142712e-05 0.04227664546194572 0.04293529150197436 0.04724666887988786 0.049283093236008796 0.05053990568724741 0.05078002025795369 0.05179730875804896 0.05281542808411358 0.05287542037244525 0.05317513139432968 0.05413328559005235 0.05461202747310582 0.05479202129034097 0.054851970855390786 0.056588188061132985 0.058743640512668824 0.0605398878995931 0.0605402708922686 0.0609592060699219 0.06185809585680524 0.06317483948161393 0.06341415770644482 0.06347431254953842 0.06407312853136182 0.06473198371359525 0.0651509139320635 0.0652707997341566 0.0657500972303813 0.06622868155999705 0.06658790750308659 0.0665880704331032 0.06682831248794602 0.06784542282263151 0.06796515301188719 0.06820537694265144 0.06856444270796462 0.06898395533115129 0.0695225806917795 0.06970230856181393 0.07143996632719905 0.0714984759902183 0.0717378510619374 0.07173817139972267 0.07209710043164073 0.07209759133689939 0.07209869473914095 0.07275679403201575 0.07299553757811196 0.07305530287202057 0.0730553385560346 0.07335444121653806 0.07371393877017848 0.07383405059188265 0.0750913465968183 0.07521118153173087 0.07652877289069748 0.07694774800706007 0.07760646753256918 0.07760647054765256 0.07796547139309483 0.07826474669758343 0.0784443358303175 0.07862474536683421 0.0791632725865574 0.07946235457155823 0.07964273981014112 0.0806607917773227 0.08072007172685364 0.08095941142227685 0.08125943081752766 0.08149838149817809 0.08161830138839773 0.08209737193835491 0.08209778137571767 0.08233681109515582 0.08245668741287529 0.08317541227496898 0.08329504227545745 0.08359421863765923 0.08359455936440642 0.08431274234181414 0.08431319156724508 0.08449295838412298 0.08455275560700558 0.08461235338551695 0.08461237592154579 0.08485175810121258 0.08503145616120385 0.08509157517670121 0.08527108037541 0.08533088439307336 0.08539094303473091 0.0855113174145739 0.08563030302365297 0.08569007164386702 0.08592971583548262 0.08604950129794128 0.08664886213579881 0.08700781127469737 0.08718738664983308 0.08772616279757248 0.08832484495857186 0.08844466465132057 0.08862460786000743 0.08886505717085375 0.08898402607606443 0.08922331758199348 0.08928367777102507 0.08934344142924777 0.08958244045419039 0.08964307386192291 0.08970266066896312 0.0897030176330857 0.08994204912663009 0.09042125031502957 0.09048089118900249 0.09089978871582369 0.09107956098119828 0.09107966312515522 0.09119933091037642 0.09131932396257833 0.09203750685621345 0.09209752752020924 0.09209799450449714 0.09227742886053694 0.09245672224665809 0.09245690042438151 0.09245705615651072 0.0926967429303408 0.09311570737984878 0.09323514804701342 0.09341486947713289 0.09341623693969764 0.09353515321945192 0.09377453251947294 0.09389403207579149 0.0940734162118216 0.09413416011886079 0.09437362865550683 0.09443292519532105 0.09497194319234256 0.0950917625530802 0.09545076570216128 0.09545081328745539 0.09557099934743431 0.0956306029143211 0.09569061366428852 0.09587023525093362 0.09592992303716188 0.09593056136113373 0.09616965176190513 0.09622964063274257 0.09622966129544483 0.09622998060000916 0.09652883356114969 0.09652886898030427 0.09658872647138962 0.0967087653106177 0.09676836675537116 0.09676844984156417 0.0973673252217666 0.09742756565917282 0.09754741702328726 0.09754765678185433 0.09772627701297364 0.09790589808113932 0.09796568699902379 0.09802622343346343 0.09814544075718906 0.09826551235264595 0.09844507512550989 0.09880417260158134 0.09880502873102047 0.09892441800360023 0.09970270411130394 0.0998225257764788 0.10042082718380879 0.1004216033307276 0.10060050342928697 0.10096026919159788 0.10125941742347801 0.10137925669684536 0.10137966424794019 0.10143942155330128 0.10179841161030374 0.10179891050411143 0.10180021728171967 0.10185846681893507 0.10209878044667083 0.10221856111799553 0.10227727448505708 0.10233729881652084 0.10263692377604891 0.10275635866402084 0.10353552580232249 0.10377441808149358 0.10383424275540724 0.10437331069841191 0.10449341743037034 0.1046126821798179 0.10473247731507979 0.10491256367987639 0.10497201587002446 0.10497251469119456 0.1052713054460002 0.10539105949614744 0.10539141346654636 0.10551108407483706 0.10563158811574014 0.10569152876759515 0.10581118820203057 0.10610963916599228 0.10628923710248041 0.10634899911226593 0.10640922568906167 0.10640960268946205 0.10646891752857052 0.10646915216872752 0.10646917209344012 0.10652897211171115 0.10760726637145293 0.10766700915565128 0.10772632149799605 0.10790651899560341 0.10796612295745753 0.10802622409850433 0.10814548863177191 0.10862484552664262 0.10862492663603479 0.10862518848264878 0.10868450587963631 0.10874526057531496 0.10904414805621222 0.10952322874726536 0.1095834120084694 0.10964264848047339 0.10988201877845051 0.1100619790357219 0.11018164646729617 0.11024187452652999 0.1103611782681269 0.11048088658105962 0.11090074653620068 0.11096031091989889 0.11119968325259648 0.11125956423142078 0.11132014341493696 0.11132036960296682 0.11137936435428333 0.11149980078292267 0.11155897847072872 0.11179860763068546 0.11185850431670369 0.11197857726896984 0.11203795583240984 0.11209769758553444 0.11221758262565086 0.11299714658862871 0.11323603411880344 0.11329525786433564 0.11341526843515418 0.11413427171652181 0.11425353884396088 0.11431364952028578 0.11443313994908144 0.11449294258709611 0.11461340507969653 0.1148523735932371 0.11497251186411368 0.11515236593376438 0.11533169317722858 0.11551200678620527 0.1155710783037836 0.11576260346090175 0.11584035346473762 0.11616441858933801 0.11624781884507271 0.11631963816408214 0.11636221189459693 0.11675669646569743 0.11676299997909986 0.117439456915883 0.11755912628697918 0.11781711301322167 0.11782921496590072 0.1182119021085323 0.11828978072351126 0.11834952115829372 0.11870914632816892 0.11909856211622684 0.11912818039244284 0.11933914905256439 0.11939147054839556 0.11949972407153141 0.11970316268433401 0.11991312507125208 0.11998441478565619 0.12003239550252036 0.12014005171622673 0.12024835063724257 0.12025378802647867 0.12025388213917379 0.1208463997134188 0.12104495475607184 0.1211641186390277 0.12144001753823137 0.1217927830585421 0.12183506805091683 0.12199045100541316 0.12232090624532078 0.12243327548756246 0.12261358708706359 0.12261376455909852 0.12265507129075376 0.12346941052428499 0.12361372005516907 0.12387258940724256 0.12465474191454813 0.12472676841123277 0.12483453045415467 0.1248469402544802 0.12505080691348236 0.12549943499999563 0.1258951067853072 0.12613448834946184 0.12627815662922512 0.12642135783814668 0.1265235329303178 0.1268292013556926 0.12696680169844426 0.1275111949915597 0.1275828946260468 0.12759502098315934 0.1277153971724964 0.12792552408979235 0.12794939782519454 0.12796075021594958 0.12814028726485374 0.12828388333403995 0.12829064480913835 0.12862495634022122 0.1286435914541187 0.12952972808990693 0.12966685154463245 0.12966817882862935 0.13020615797544902 0.13038567547755658 0.13051727911956493 0.13144588148578548 0.13176910376119075 0.1318952242558426 0.1326310695872098 0.13352968445654284 0.1336976063634744 0.13449359536434205 0.1346078135343813 0.13484058054452683 0.1354696728798785 0.1355890218103924 0.13566717407416412 0.1356851151454489 0.1359496681119234 0.13608777300805233 0.1361761105255941 0.1362375839882529 0.13657785733736919 0.13689456383417858 0.1372074924908413 0.13827197661399768 0.13846951495049098 0.13861333713726834 0.13896757822651332 0.1392239886373042 0.1394038849849789 0.13945190673579197 0.1396499156336968 0.13990098691840278 0.14059527227328483 0.14077552117061007 0.14082287972625443 0.14119458142215519 0.14190139116288256 0.1425594607749569 0.14256524038926371 0.14276490438161712 0.14305029494763802 0.14376440808887417 0.14379301610436138 0.14408672488430183 0.14415232471114653 0.14440988385783637 0.14467306747218084 0.14481252631410052 0.14530299894738508 0.14543566121409274 0.14568516980155077 0.14631391145518752 0.14645796997663288 0.1465716381486093 0.14669754316120892 0.14726686340191802 0.1473925141350229 0.147512126182174 0.1476013480599988 0.1478541468823219 0.14853596365987398 0.14863160326619768 0.1486501563918886 0.14894322153924086 0.14907452599731738 0.15002689098061087 0.15010446143521294 0.15036992404152788 0.1513139575666864 0.15180688242760573 0.15227217636130952 0.15251216804851767 0.15258935426603318 0.1527690326492915 0.15286013291843703 0.1529851037454108 0.15306466809449604 0.15342179867371358 0.1539973530712161 0.1544039007900028 0.15440479686601577 0.1556857757448691 0.15581763159972564 0.15614176667364366 0.15620630436893637 0.15624257215644533 0.15677566740112325 0.15713623920222528 0.1575838257181392 0.15771614054042085 0.15781689951495942 0.15855424191054954 0.15944006410921926 0.15971557951778187 0.15978910601988255 0.16024288034088188 0.1610992600332343 0.1612968561798113 0.16199240406176058 0.16219581348425108 0.1626866699684564 0.16401019154290394 0.16505833137162665 0.16508138292901167 0.16603457991431794 0.16673393523640967 0.16695537791856038 0.16702212459611687 0.1676439135365724 0.16805226516127578 0.16849452848560015 0.16925446228775107 0.1693387703456606 0.16935755286293047 0.16938158332993847 0.16947815364113303 0.1695619272466452 0.16968645629378712 0.1697289311697361 0.1717233467968178 0.17181914022047326 0.171836910954719 0.1719562564160264 0.17202178131023693 0.17224997908428374 0.1722796448921573 0.17239932046625034 0.1725545510521083 0.17266846246382608 0.17285427851693552 0.17287195701919678 0.1730768874935043 0.17404018651390682 0.17417089931965524 0.17444725253145857 0.1746144628355065 0.17466981318511055 0.17484735836299245 0.17494407697908593 0.1753583676442042 0.17569368497559537 0.1767410613395368 0.17677198924507545 0.1768963818784348 0.1769261361813318 0.17748894961788483 0.1782923211059836 0.1783512799321559 0.17838257330468354 0.1789868855062037 0.17932115819175024 0.17949017563132516 0.1797468751554322 0.17993230753973524 0.18024419378247017 0.18043556163912824 0.18065066504115657 0.18101148197063532 0.18156740152437292 0.18190362132062485 0.18260912011581446 0.1827232073703094 0.18321459557339861 0.18462163851916852 0.18491968171171658 0.18547159478645564 0.18558404613445828 0.1861066538918922 0.18622657733996767 0.18654531559461393 0.1871183643248284 0.1873648514400003 0.18754360779856255 0.18937683822545529 0.19099829675970506 0.1910833900250493 0.1927044776391752 0.19273554707023227 0.19291427736000497 0.1932335632127753 0.19330358275311127 0.19381435635002273 0.19404315688899063 0.19421508090050169 0.19455065065418195 0.1949621548192325 0.1952811262022964 0.19592768972155153 0.19649143149520967 0.1965213149668457 0.19827413453486703 0.19886017061541045 0.1990423812466785 0.1991727370758541 0.19918941629808712 0.19963974840682716 0.1997523067750819 0.2010530547753914 0.20238292880833686 0.20304772858093534 0.2039107449457679 0.20401059566586596 0.20469987307294604 0.20538914821174267 0.2058014292771287 0.20862822649107493 0.20865118266344357 0.20920248432242253 0.21007930224027305 0.2103534283728863 0.2105199940591841 0.2106649879586775 0.21173068368169612 0.2118580640181874 0.2126229818767479 0.21556868554251424 0.2164187131241384 0.21704273812760752 0.21734639064392938 0.21735926407518838 0.21921750898101394 0.21950179041353082 0.22005996170762593 0.22112624741120362 0.22180191086336112 0.2224007297332741 0.2236812597866519 0.22423438706470508 0.22427134749245373 0.2245875976631607 0.22579124418356056 0.22649924130649482 0.22689844671784812 0.2281422200648786 0.22867791333235812 0.22870686473385565 0.2288041746765096 0.22900775122275907 0.22930676678210127 0.2302529560588065 0.23069600816845712 0.2307490138817378 0.23182803057897036 0.23191146277359997 0.23210959060363423 0.2333071410525605 0.23505020096193818 0.23532528235534078 0.2358284954620698 0.2367985445000474 0.2369878717639116 0.23774432731023779 0.23833817592217627 0.2383674620590967 0.2387918673651702 0.23884024053353903 0.239977326740793 0.24025315477949546 0.24025415106943349 0.24026645295814128 0.24043285605038406 0.24046346380242353 0.24120604878817167 0.24131432880946982 0.24163068198954327 0.24209794677589078 0.2423668516059794 0.2431026537908931 0.24337206266631506 0.24347490878148237 0.24353459142734019 0.24373187370841795 0.24421118755293061 0.24458233189070805 0.24494135285717283 0.244954096178554 0.24505112920317457 0.24518775636359874 0.24597179405183006 0.2463976079959799 0.24706272070270024 0.24826528484929683 0.24831993167139504 0.24851676789555632 0.24869669465738167 0.24896608829647157 0.2490136156671144 0.24920501183004148 0.24933124461725015 0.24948079479949586 0.24972213429932785 0.24986570712698264 0.25006147864759376 0.2500781550280374 0.2501699172474301 0.250414615281361 0.25079289315408904 0.2510275009951617 0.25110877333520376 0.25142850532679156 0.2515060731994244 0.2517222253836587 0.2518532850267361 0.25187947102567915 0.25189363527468783 0.25195963269853383 0.2520393132624071 0.25213345666778364 0.2521703574119802 0.2523372189358738 0.25240961782606564 0.25277531967775096 0.2528222446687388 0.2531820652954531 0.2532185468082158 0.2540933978286529 0.2541260937547459 0.25415325393640936 0.2542955178741582 0.2543729475359918 0.2543926079437812 0.25450516701710046 0.2545722693533866 0.25457789535843245 0.25521360623790545 0.2553156884067548 0.2556906783412767 0.25587046131546354 0.25593065025151107 0.2559889330853542 0.25602284477475973 0.2562009466317042 0.25637890051843204 0.2563910545521155 0.25643557237875597 0.25660057977356054 0.2566499415945438 0.2570394642245392 0.2573053122955163 0.2573801160442827 0.2576385241821517 0.25817043491020586 0.2584037290229758 0.2585545165592669 0.2593015972031731 0.2593439689466 0.2593847816042188 0.25955417584186147 0.25984581572681836 0.25999185916530293 0.26027728104607994 0.2603501306431835 0.26042246500866856 0.2605703486211831 0.26065480987797035 0.26067346442487604 0.26084668408960027 0.2608957018273657 0.2609062917786838 0.260937579710178 0.2609724665214267 0.26109149076651694 0.26115147215411216 0.261195059471993 0.2612717342193674 0.2613031925900605 0.26136756774312353 0.26176188072491047 0.2617679670057129 0.26181070154860825 0.26187129757380456 0.26187655925462555 0.2625121234787177 0.26269724098328096 0.26277576033283667 0.2628171083163275 0.263032076743118 0.2630504387864596 0.2631341177829438 0.26316914995675406 0.2632413694668384 0.2633863931203506 0.2637701715290027 0.264008542078925 0.26442161089102895 0.26506969963659494 0.26512272078134946 0.2655653895256859 0.26564878134043496 0.26573824402721485 0.26590104753261845 0.26610446218732703 0.2661226745045892 0.2662911030086907 0.2664807490687687 0.26664804612668763 0.2667093838529118 0.2671477063791917 0.26715284201917533 0.26726224234953067 0.2672804261898522 0.26740690444382703 0.2676012008050672 0.26800930235545306 0.26814629044392435 0.26822440265936337 0.26842892513333183 0.2686205115013997 0.2686545896498291 0.2686607778850237 0.2687044541355072 0.26884003713766297 0.26902537120830605 0.2691169162007917 0.2692673308549534 0.26932571151248036 0.26971664443240667 0.26979376133971267 0.2697947545232926 0.2699366619993297 0.27047662539771755 0.2711712061719107 0.27121963812178207 0.27136140007698883 0.271421215322087 0.2715221461625986 0.27154276936043137 0.271637160134843 0.27170284010122736 0.2719546787525072 0.2720149237148366 0.27223267762863546 0.27235005463345313 0.2724089931659857 0.2724122780833385 0.2724413352479506 0.2724532583284375 0.27271651119111173 0.27291778339382144 0.27296707149239907 0.2730137000122622 0.27307097010874737 0.2732791256740198 0.27332624111978304 0.2733746104026556 0.27354172263339427 0.27356508991073625 0.27356640250340775 0.27365515861205364 0.27366756875535875 0.2738067110978886 0.27383490581903863 0.2739162175714521 0.27402868361447946 0.2740461928842693 0.2740658422050567 0.27417605769146325 0.2748226392628661 0.2748293458070739 0.2749842961525257 0.27500844553684967 0.27530234286319266 0.27532719760216523 0.27533345096163475 0.2753440738426699 0.27552434647119584 0.2755546487522112 0.27560158468208124 0.2756025248525392 0.27585853077726946 0.2758820822294345 0.275889542487505 0.275974879779433 0.27607481192663835 0.27619506994796234 0.2764876910823759 0.2765118815181108 0.27660825735421984 0.27672809524056763 0.27690044890455345 0.2769484649376899 0.27703603926443887 0.2770449335230826 0.2771645570255254 0.27728535683447403 0.2774766131209121 0.27773332957703983 0.2779490554016877 0.27795958874492377 0.2779605367377427 0.27799168017908804 0.27810706825677206 0.2781559820400889 0.2785367348105755 0.2785656568084249 0.278597013834784 0.2786525035465851 0.27907510618965786 0.27931395500646555 0.2793263847211821 0.2794176329608331 0.27969953348413784 0.2797222122195066 0.27989409804664933 0.28007053002846216 0.28055950988462913 0.28067994808618174 0.2807893688262374 0.2808654178795937 0.28093724538640596 0.28097185800265007 0.280974079025429 0.2812180650844179 0.2813153621183776 0.2815293012827102 0.2817567148445065 0.28184134917425263 0.28196132178407146 0.2819675845579185 0.2820984043885438 0.28233141563964925 0.2823984684766874 0.28241561473528626 0.282422293393657 0.28255432521441737 0.2826610056273232 0.28283989213377997 0.2830277152355946 0.2831579981945819 0.2834278856815881 0.2834304568418826 0.28344513597701965 0.2835179923491715 0.28411566620603557 0.28415277728043115 0.28420668144314815 0.28455512146039674 0.2846744965711724 0.28470315684158787 0.2847815263130478 0.2850023290144481 0.2852663645662074 0.2856439276153134 0.2857818604895701 0.2859313021004988 0.2860935766437055 0.2860974775362947 0.2864335312508936 0.2865062733109961 0.2865246734491434 0.28657881691283493 0.2866524554390094 0.2866677015936428 0.28685983547113597 0.2868719733917774 0.2868841752952491 0.28696825423434147 0.28698934104461554 0.28716803352630704 0.2872012751764812 0.28725601466480866 0.2874724519217831 0.2877416093434983 0.2877596797125747 0.2878051319833158 0.2878602638626121 0.28787702121705194 0.28802635113831315 0.2882364192037319 0.2883032280725333 0.28836749780224047 0.28838203570079846 0.28857635513202934 0.2886294598663336 0.288662131863581 0.2888777372359777 0.28901305666913796 0.2891225545153117 0.28950447873334545 0.28966238015068446 0.2897397729786329 0.2897569763454957 0.2899256757925514 0.2899368669526932 0.2899746249528754 0.29000128551244164 0.2900930555548163 0.2902832036348597 0.29057735581662886 0.2907571059154528 0.29100605503504706 0.29121268730345345 0.2913146228035298 0.29185396782116835 0.29185858682616733 0.29190074569271085 0.2920827812809809 0.2920881959031208 0.2922662213126027 0.2923015988655874 0.2926380453387904 0.29281569624416154 0.2928732459525539 0.2929254625564187 0.29308379662622497 0.2932381721456644 0.29351900475370857 0.29488366586007736 0.2949750624526122 0.2949977455864651 0.2955412671469545 0.29592526241780726 0.2960278784524145 0.29619565327465863 0.2963337219413956 0.29652042460932876 0.29652978453418655 0.2969985452153524 0.29746652281377617 0.2974999904668105 0.2976500418101079 0.297937346567246 0.2979492586375037 0.2981774878752056 0.2983190514885335 0.2983612344916047 0.29849123869085564 0.29869763564027063 0.2988057281018113 0.2994438092377824 0.2994454364887525 0.29968636635112966 0.29972834858731545 0.29973547359887404 0.29977786983183013 0.2998242226253064 0.29992006424933654 0.29997855446556326 0.2999995892078728 0.30008176971449724 0.30033354673476637 0.3007993418424616 0.3013438172512815 0.3013574907045898 0.3016493421558243 0.3020884709507314 0.3021545673876847 0.30220023292367587 0.3022123541290156 0.30235050639110056 0.3024880081983183 0.30323213355545964 0.30346515698727167 0.30353531960975727 0.3035663230228924 0.3040282507702519 0.30413617138630816 0.3045057153063782 0.30475304862189206 0.3050301629336209 0.3054893722475209 0.3064654323625721 0.30677940042824414 0.3068412282533984 0.3068662435293726 0.30690860900864786 0.30732867052911944 0.3073742198433642 0.3073943193750244 0.3076034140448946 0.307742236775886 0.307811347010495 0.30837863135265553 0.3085267924922135 0.3088412343272474 0.30889498447752894 0.3089788501749353 0.3093394050755471 0.3094851246469709 0.30982992071544163 0.31001068090573963 0.311018285604232 0.31115539481580023 0.3112002865164268 0.3114550197290076 0.31244072950193524 0.31264555265682015 0.3128102172018566 0.31284056569404034 0.3129519705657192 0.3129918389200007 0.3134637601547772 0.31383569421763596 0.3139518241147019 0.31453769225119876 0.3145834541408107 0.314658927026794 0.3147203573072639 0.3149066376248024 0.3150822421556908 0.315086167526392 0.31519575280386597 0.3173089543944316 0.31785727215492354 0.31822927475734736 0.31828208204094804 0.3183085526100965 0.31862857751157475 0.3192989826790987 0.319654605239158 0.31988413790028075 0.3199960179822207 0.320620256135305 0.3207905607970977 0.3213809440323442 0.32183393002138355 0.3229090202958107 0.32329898968850873 0.3234350879906898 0.3234970818807891 0.32390040619168453 0.3239497622958394 0.3242364915669483 0.32457437130136235 0.3248724407447348 0.32490343846871267 0.3258899325300167 0.3262724431342443 0.3270423767362213 0.32706041359838595 0.3274189565996005 0.32857189827155653 0.3296938710431422 0.32997584082642245 0.33010778551545794 0.33069839730693984 0.3308876625742555 0.3309208646387749 0.3309358749322037 0.3310770657390503 0.3311450159442793 0.33114533693842263 0.3318416783820064 0.33218186506634556 0.33286684393843874 0.33380652407700795 0.33559432708091946 0.33566188332287705 0.33615023309954695 0.3388100725379581 0.34035534192934197 0.3409003469529949 0.34155592647017474 0.3418641195138691 0.3421816047387817 0.34315615554452944 0.3453523587954836 0.345631785496907 0.3483080097482402 0.35133778853448305 0.35142107628027164 0.35255720558187753 0.35260148491476434 0.354481618398726 0.358027328418478 0.3621211031527861 0.3624005902684433 0.36692815096831133 0.36799114125087307 0.37549417315744427 0.37575478877156127 0.37660516224637314 0.381178353271411 0.3823020907111439 0.38386564962262143 0.3862123020889924 0.38702040350970457 0.3876108734809277 0.3881383791619379 0.38856293039632717 0.39013571178485223 0.39029504015988725 0.3921726704055914 0.3943890173774023 0.39493171330435944 0.3953214740575027 0.3962701016519584 0.3969919410313916 0.3970205829748495 0.3970628936235786 0.39778276641350657 0.3982264187151063 0.39970913792633683 0.3998498130564713 0.40012362922617567 0.40066302960386874 0.4011644886478255 0.402145794093211 0.4027895346206606 0.40302722929571383 0.40366178109729806 0.4038819006712351 0.4039538258266616 0.40500021022617233 0.4054359717872009 0.4070350702581294 0.4071959233713225 0.4075629853799316 0.40769612629342283 0.40818388273212763 0.40822884088147926 0.408286231105114 0.40965572990325305 0.4097613209361913 0.41032579443852213 0.41132247128152744 0.41311024581983324 0.4133623816007472 0.41358882782805906 0.4148506654661992 0.4149273137685888 0.4159247796984447 0.41602530962111467 0.41714682255979874 0.4172194652405446 0.41763283794447825 0.4204172778934274 0.42243587360441753 0.42266635930380203 0.42282034252872086 0.4229617905783443 0.4242730667816344 0.42538164411210844 0.4264662214762725 0.42667409721629307 0.4321310020911094 0.4335156227250452 0.4385182232771587 0.4443303934463758 0.4490442009592239 0.45026045121616376 0.4728906383633019 0.5387376054343538 0.5396207737518398 0.5407201538553963 0.5408579213043592 0.5413476337735508 0.5421329767662997 0.543006745277486 0.5432541336720647 0.5436343147728167 0.544179807085032 0.5441851871034875 0.544695431608032 0.5452996480141967 0.5454405744928502 0.5456009516712913 0.5457763797126151 0.545817930158705 0.5461925922587385 0.5462260232202324 0.546240578176344 0.5465725765829843 0.5465983728587465 0.5466576534398433 0.5473468067137086 0.54734986926507 0.547487278703742 0.5476894057707379 0.5479530481192025 0.5479884954322612 0.5480341592195186 0.5483026490715535 0.5485927414465677 0.5492378870591728 0.5493992362172273 0.5494373522412566 0.5495637549324387 0.549745940195578 0.5498738930285769 0.5499453910911486 0.5502620728397722 0.550671774239169 0.5507561932831778 0.5507590007111046 0.5508432750686003 0.5509239136602472 0.5510569146327511 0.5524634681435372 0.5530125172594395 0.5532993200747769 0.553304600393439 0.5533607275327606 0.5537182039529449 0.5537677881350039 0.5538831336633654 0.5540708099726852 0.5546192586212237 0.5546748482442959 0.5550951210215407 0.5551648651557497 0.5552781741644538 0.5553911543165372 0.5556178821867058 0.5557350748132216 0.5561041199621972 0.5562199134598883 0.5563921130886953 0.5569764768004495 0.5570848352455856 0.5571469753590687 0.5572382669368 0.5574038068682992 0.5574479450539506 0.5574540980648066 0.5577341589917706 0.5577782237328249 0.5579747831837711 0.5581176666420107 0.5583107378485017 0.558326843699546 0.5585898603675407 0.5592466121728467 0.5593760780245592 0.5600006754513813 0.5606495418737968 0.5607282827653121 0.5613199363308758 0.5615694193730947 0.5616586432667737 0.5621727496028477 0.5622511968082172 0.5626937879216739 0.5627886683712866 0.5635925736874717 0.5637319260245635 0.5637405993396797 0.5641669575799942 0.5650539337447151 0.5652151181317874 0.566370820240543 0.5668660022462411 0.5677671546910165 0.5678744483028362 0.5679927743397983 0.5695492172023333 0.5710309048167328 0.5717722916315839 0.5738968822969474 0.5774349048880898 0.6934864804400438 0.6942739382729678 0.6942938282849415 0.6944160899572723 0.6945472136620976 0.6955749505380485 0.695862159957254 0.6960418983762262 0.6963470303623787 0.696462832860987 0.6966891305997863 0.6969583480129866 0.6974735701666768 0.6976454726687437 0.6976980901041062 0.6978918939531089 0.6981898962550881 0.6982781145643849 0.6983118009257376 0.698406719278959 0.698501895839424 0.6985370824435521 0.6991064424279392 0.6991290435194489 0.6991529651106557 0.6992577951453743 0.6992605542412385 0.6993035933314222 0.6993602998747142 0.6994747294163519 0.6997260652357924 0.6997447951597794 0.6998360033776766 0.6999548404496634 0.7000240050982189 0.70004982356049 0.7001614704681505 0.7001954195969802 0.7002626478811028 0.7002776294348071 0.7002855450385878 0.7003196569048152 0.7005283919163064 0.7005695113250144 0.7006245121735363 0.7006375050882759 0.700766583976819 0.7008370120255276 0.7009251237528082 0.7010888382394036 0.7012209666088064 0.7014910312365628 0.701560254930883 0.7015787272613028 0.7016145697621713 0.7016229026501647 0.7016633565428506 0.7016844797485037 0.7017429986631413 0.7017781386107714 0.7018165442870565 0.7018486735273566 0.7018541649158554 0.701870092943346 0.7018993056438738 0.7020333215674776 0.7021576698567477 0.7021987732269412 0.702198912586871 0.7022115534705452 0.7022806466533545 0.7023608551744739 0.7023642113224279 0.7024090544640936 0.7024118020992249 0.7025573517853944 0.7026000646557723 0.702608517000602 0.7026486649068611 0.7027454638141304 0.702991277824511 0.7031364118397725 0.7032221407283902 0.7032519192861706 0.703283881435675 0.7032930371374717 0.703293848830542 0.7033609847142704 0.7035070157147921 0.7035389194188079 0.7035833624143548 0.7036174420658124 0.7037721015053112 0.7037829742613395 0.7038404778193629 0.7040087068219312 0.7041100122559576 0.7042736716038177 0.704386936538643 0.7046003430850272 0.7046195142345874 0.7046958056176802 0.7047792310830325 0.7049813935276296 0.7049950895375588 0.7052930230258558 0.7053755861594617 0.7057697412600556 0.7704507639045762 0.7749705107016435 0.7769687912263228 0.7817117061603538 0.7849777807925882 0.7868138658366547 0.7875642063292502 0.7876262488277378 0.789696057253281 0.7951836092455101 0.7965894174456541 0.797560618772679 0.7995616327823399 0.80263124669023 0.8065117114542816 0.8066993848252766 0.8088938461657889 0.8090670740401589 0.812397732058754 0.8133861920389831 0.8165420005620102 0.8170208173157173 0.8173739352754041 0.8182648426452167 0.8183342591747778 0.819430739714907 0.8200678271701373 0.8220660954777949 0.823350119459545 0.8255789621405221 0.828563321136209 0.8285788237032362 0.8286416479249874 0.8292721130416351 0.8294296800670351 0.8302767025667676 0.8315542423304549 0.831854524363529 0.8327940367654424 0.832815080148194 0.8329680493287386 0.8341897848553351 0.834366217008163 0.8361031124713696 0.837047474092669 0.8379871567486921 0.8393065694127261 0.8399925903569112 0.8411890623016315 0.8421468753300987 0.8435454052025778 0.844418889252656 0.8449613512503004 0.8488759160981161 0.8538786455281516 0.85549343764031 0.8568478326401172 0.8603004376560159 0.8617832116696469 0.8654075850724439 0.86635317465591 0.8694648781933324 0.8702995934062603 0.8739068958649859 0.8838315191154855 0.8889975850451803 0.8890871991210693 0.8905001149933227 0.8921456215736241 0.893478342542974 0.8958483792366296 0.8959739338357221 0.8960322123965258 0.8963559046071335 0.8981427163584359 0.9005281472366476 0.9006722743626521 0.9045988042850868 0.9047918063988566 0.9050306546203298 0.905464963561574 0.9062312656819504 0.906394977415261 0.9071943423032327 0.9122424314377853 0.9181173297253968 0.918273381464501 0.9187081036947613 0.9187153657056931 0.9199636816217704 0.9216392331344269 0.9217896171565834 0.9252703856120474 0.9279533204095742 0.9291265916050181 0.9308155480849551 0.933793021642448 0.9346842065450113 0.9374148446185209 0.9410864378297141 0.9456449812614941 0.9467849243024906 0.9510606460896298 0.9577723746385346 0.9599809601451489 0.9631077118517074 0.9790827076352902 0.998371149266039

rand_p90 4.102379947142712e-05 4.102379947142712e-05 4.102379947142712e-05 4.102379947142712e-05 4.102379947142712e-05 4.102379947142712e-05 4.102379947142712e-05 4.102379947142712e-05 4.102379947142712e-05 4.102379947142712e-05 4.102379947142712e-05 4.102379947142712e-05 4.102379947142712e-05 4.102379947142712e-05 4.102379947142712e-05 4.102379947142712e-05 4.102379947142712e-05 4.102379947142712e-05 4.102379947142712e-05 4.102379947142712e-05

bonr_15 0.08898402607606443 0.10179841161030374 0.06820537694265144 0.06796515301188719 0.0651509139320635 0.06317483948161393 0.10551108407483706 0.06622868155999705 0.1527690326492915 0.08461237592154579 0.09227742886053694 0.11137936435428333 0.12483453045415467 0.06185809585680524 0.04724666887988786 0.07521118153173087 0.05317513139432968 0.09443292519532105 0.2528222446687388 0.09048089118900249

bonr_sqrt 0.07946235457155823 0.10179841161030374 0.06682831248794602 0.06796515301188719 0.0651509139320635 0.05287542037244525 0.10551108407483706 0.06622868155999705 0.1527690326492915 0.08461237592154579 0.05317513139432968 0.11137936435428333 0.12483453045415467 0.06185809585680524 0.04724666887988786 0.06407312853136182 0.05317513139432968 0.09443292519532105 0.2528222446687388 0.09048089118900249

rand_15 0.22930676678210127 0.22930676678210127 0.22930676678210127 0.22930676678210127 0.22930676678210127 0.22930676678210127 0.22930676678210127 0.22930676678210127 0.22930676678210127 0.22930676678210127 0.22930676678210127 0.22930676678210127 0.22930676678210127 0.22930676678210127 0.22930676678210127 0.22930676678210127 0.22930676678210127 0.22930676678210127 0.22930676678210127 0.22930676678210127

