progressive_9 0.47516837356590547 0.38207560321211176 0.4601885108158376 0.4567073576860187 0.5562544090281899 0.45745555293365364 0.4516582690455384 0.4249558589076938 0.46102757153250495 0.36892976043895065 0.45553329641878987 0.4601885108158376 0.49848428330806593 0.5064962756981907 0.38207560321211176 0.638453282738802 0.36892976043895065 0.32012653299473015 0.5230474081280827 0.467081405965204

b2_9 0.47516837356590547 0.38207560321211176 0.44400910161431717 0.4083252000894198 0.5436461827312302 0.5211384344827727 0.4445995944743984 0.4083252000894198 0.44400910161431717 0.467081405965204 0.45553329641878987 0.38207560321211176 0.3164259069728935 0.447705059142028 0.38207560321211176 0.49848428330806593 0.4601885108158376 0.41668875044794335 0.4976484988611443 0.3984556230484778

b2_15 0.47516837356590547 0.38207560321211176 0.44400910161431717 0.4083252000894198 0.4878857691976323 0.4509522821374016 0.4445995944743984 0.4083252000894198 0.4694751202821931 0.4249558589076938 0.45553329641878987 0.38207560321211176 0.32012653299473015 0.447705059142028 0.38207560321211176 0.40357683359835306 0.373962536937878 0.32012653299473015 0.44400910161431717 0.3984556230484778

b2_sqrt 0.47516837356590547 0.38207560321211176 0.44400910161431717 0.4083252000894198 0.4878857691976323 0.4509522821374016 0.4445995944743984 0.4083252000894198 0.4694751202821931 0.4249558589076938 0.45553329641878987 0.38207560321211176 0.32012653299473015 0.447705059142028 0.38207560321211176 0.3984556230484778 0.3773207429627526 0.32012653299473015 0.45553329641878987 0.3984556230484778

PI_15 0.373962536937878 0.36892976043895065 0.44325425808540025 0.467081405965204 0.39445597231778273 0.3773207429627526 0.388030736785339 0.45553329641878987 0.4516582690455384 0.44984553552444695 0.4567073576860187 0.40357683359835306 0.3984556230484778 0.32012653299473015 0.373962536937878 0.40357683359835306 0.3773207429627526 0.447705059142028 0.3164259069728935 0.373962536937878

SimAnnealing_15 0.40357683359835306 0.38207560321211176 0.3984556230484778 0.4249558589076938 0.4516582690455384 0.41668875044794335 0.3984556230484778 0.32012653299473015 0.44400910161431717 0.388030736785339 0.45553329641878987 0.3164259069728935 0.35166741075975716 0.4516582690455384 0.38207560321211176 0.4878857691976323 0.36892976043895065 0.32012653299473015 0.5211384344827727 0.3984556230484778

ExpProgressive_sqrt 0.447705059142028 0.38207560321211176 0.49848428330806593 0.4567073576860187 0.4516582690455384 0.43088765988349514 0.4567073576860187 0.4249558589076938 0.44400910161431717 0.4558104721727954 0.45553329641878987 0.38207560321211176 0.41494030786695546 0.4516582690455384 0.38207560321211176 0.4878857691976323 0.3482003422813653 0.3164259069728935 0.5227844956345693 0.467081405965204

bonr_9 0.46102757153250495 0.38207560321211176 0.4601885108158376 0.4567073576860187 0.5562544090281899 0.500780182192749 0.4445995944743984 0.4249558589076938 0.46102757153250495 0.467081405965204 0.45553329641878987 0.46788156760283 0.49848428330806593 0.5064962756981907 0.38207560321211176 0.638453282738802 0.42412389951739193 0.32012653299473015 0.533438170046282 0.467081405965204

PI_9 0.373962536937878 0.3164259069728935 0.447705059142028 0.43088765988349514 0.4445995944743984 0.3164259069728935 0.4484068363379843 0.35166741075975716 0.4445995944743984 0.3482003422813653 0.4249558589076938 0.40357683359835306 0.3773207429627526 0.40357683359835306 0.45712801740865205 0.41668875044794335 0.44984553552444695 0.4484068363379843 0.4567073576860187 0.507249914054636

ExpProgressive_15 0.447705059142028 0.38207560321211176 0.485152625417959 0.4567073576860187 0.4516582690455384 0.43088765988349514 0.4567073576860187 0.4249558589076938 0.44400910161431717 0.4558104721727954 0.45553329641878987 0.38207560321211176 0.41494030786695546 0.4516582690455384 0.38207560321211176 0.4878857691976323 0.3482003422813653 0.3164259069728935 0.5227844956345693 0.467081405965204

SimAnnealing_sqrt 0.40357683359835306 0.38207560321211176 0.41668875044794335 0.4249558589076938 0.4516582690455384 0.41668875044794335 0.3984556230484778 0.32012653299473015 0.44400910161431717 0.3164259069728935 0.45553329641878987 0.3164259069728935 0.35166741075975716 0.4516582690455384 0.38207560321211176 0.4878857691976323 0.36892976043895065 0.32012653299473015 0.5211384344827727 0.3984556230484778

ExpProgressive_9 0.47516837356590547 0.38207560321211176 0.49848428330806593 0.4567073576860187 0.5562544090281899 0.45745555293365364 0.4516582690455384 0.4249558589076938 0.44400910161431717 0.4558104721727954 0.45553329641878987 0.4601885108158376 0.49848428330806593 0.5064962756981907 0.38207560321211176 0.638453282738802 0.36892976043895065 0.32012653299473015 0.5230474081280827 0.467081405965204

rand_9 0.7027698669139923 0.7027698669139923 0.7027698669139923 0.7027698669139923 0.7027698669139923 0.7027698669139923 0.7027698669139923 0.7027698669139923 0.7027698669139923 0.7027698669139923 0.7027698669139923 0.7027698669139923 0.7027698669139923 0.7027698669139923 0.7027698669139923 0.7027698669139923 0.7027698669139923 0.7027698669139923 0.7027698669139923 0.7027698669139923

progressive_sqrt 0.447705059142028 0.38207560321211176 0.4083252000894198 0.4567073576860187 0.4516582690455384 0.43088765988349514 0.4567073576860187 0.4249558589076938 0.4484068363379843 0.36892976043895065 0.45553329641878987 0.4601885108158376 0.41494030786695546 0.4516582690455384 0.38207560321211176 0.4878857691976323 0.3482003422813653 0.32012653299473015 0.5227844956345693 0.467081405965204

UCB_15 0.373962536937878 0.36892976043895065 0.44325425808540025 0.467081405965204 0.39445597231778273 0.3773207429627526 0.388030736785339 0.45553329641878987 0.4516582690455384 0.44984553552444695 0.4567073576860187 0.40357683359835306 0.3984556230484778 0.32012653299473015 0.373962536937878 0.40357683359835306 0.3773207429627526 0.447705059142028 0.3164259069728935 0.373962536937878

progressive_15 0.447705059142028 0.38207560321211176 0.4083252000894198 0.4567073576860187 0.4516582690455384 0.43088765988349514 0.4567073576860187 0.4249558589076938 0.4484068363379843 0.36892976043895065 0.45553329641878987 0.38207560321211176 0.41494030786695546 0.4516582690455384 0.38207560321211176 0.4878857691976323 0.3482003422813653 0.3164259069728935 0.5227844956345693 0.467081405965204

PI_sqrt 0.373962536937878 0.38207560321211176 0.35166741075975716 0.43088765988349514 0.43088765988349514 0.44400910161431717 0.38207560321211176 0.3482003422813653 0.36846990554864756 0.4445995944743984 0.36892976043895065 0.32012653299473015 0.388030736785339 0.43088765988349514 0.40357683359835306 0.36892976043895065 0.3773207429627526 0.44400910161431717 0.4484068363379843 0.4516582690455384

UCB_sqrt 0.373962536937878 0.38207560321211176 0.35166741075975716 0.43088765988349514 0.43088765988349514 0.44400910161431717 0.38207560321211176 0.3482003422813653 0.36846990554864756 0.4445995944743984 0.36892976043895065 0.32012653299473015 0.388030736785339 0.43088765988349514 0.40357683359835306 0.36892976043895065 0.3773207429627526 0.44400910161431717 0.4484068363379843 0.4516582690455384

UCB_9 0.373962536937878 0.3164259069728935 0.447705059142028 0.43088765988349514 0.4445995944743984 0.3164259069728935 0.4484068363379843 0.35166741075975716 0.4445995944743984 0.3482003422813653 0.4249558589076938 0.40357683359835306 0.3773207429627526 0.40357683359835306 0.45712801740865205 0.41668875044794335 0.44984553552444695 0.4484068363379843 0.4567073576860187 0.507249914054636

SimAnnealing_9 0.47516837356590547 0.38207560321211176 0.41668875044794335 0.4249558589076938 0.5562544090281899 0.47516837356590547 0.4647841471923228 0.4249558589076938 0.4488983530922102 0.4445995944743984 0.45553329641878987 0.47516837356590547 0.4445995944743984 0.5064962756981907 0.38207560321211176 0.638453282738802 0.36892976043895065 0.32012653299473015 0.533438170046282 0.40357683359835306

rand_sqrt 0.701855388415771 0.701855388415771 0.701855388415771 0.701855388415771 0.701855388415771 0.701855388415771 0.701855388415771 0.701855388415771 0.701855388415771 0.701855388415771 0.701855388415771 0.701855388415771 0.701855388415771 0.701855388415771 0.701855388415771 0.701855388415771 0.701855388415771 0.701855388415771 0.701855388415771 0.701855388415771

base 0.3164259069728935 0.32012653299473015 0.3482003422813653 0.35166741075975716 0.36846990554864756 0.36892976043895065 0.373962536937878 0.3773207429627526 0.38207560321211176 0.388030736785339 0.39445597231778273 0.3984556230484778 0.40357683359835306 0.4083252000894198 0.41494030786695546 0.41668875044794335 0.42412389951739193 0.4249558589076938 0.43088765988349514 0.43400974818367466 0.44099638254256474 0.44325425808540025 0.44400910161431717 0.4445995944743984 0.447705059142028 0.4484068363379843 0.4486184666208207 0.4488983530922102 0.44984553552444695 0.4509522821374016 0.4516582690455384 0.45553329641878987 0.4558104721727954 0.45608488937729014 0.4567073576860187 0.45712801740865205 0.45745555293365364 0.4601885108158376 0.4606383323142671 0.46102757153250495 0.46409924323581303 0.4644017106025375 0.4647841471923228 0.467081405965204 0.46768623146739446 0.46788156760283 0.4694751202821931 0.47148916029227994 0.47360534213683453 0.47480256332492343 0.47516837356590547 0.48179303946510016 0.48383667267320135 0.485152625417959 0.48676558695889127 0.4878857691976323 0.49053872549018723 0.4908349470997967 0.49530935715732133 0.49611442166000447 0.4976484988611443 0.49848428330806593 0.49944088702232264 0.4995566148145597 0.500780182192749 0.5031445411148577 0.5043681391720171 0.5056609827861955 0.5064661599384707 0.5064962756981907 0.507249914054636 0.5081123955486133 0.5096605071537478 0.5096961412754358 0.510667978335883 0.5127308558106343 0.5132581528418979 0.5138341646485293 0.5140970978452296 0.5144171485858922 0.5144971485366118 0.5147218679152828 0.5180559865256784 0.5189162404502055 0.519680962742378 0.5196982547723078 0.520436164481371 0.5211384344827727 0.5215177783884206 0.5224188332157975 0.5227844956345693 0.5230106962731828 0.5230474081280827 0.523243492727366 0.5232875938624374 0.5235988987260785 0.5240440531491073 0.5252308394879347 0.5254379957823285 0.5257094374233947 0.5291972759957461 0.5294601887498707 0.5297767411705483 0.5307113903762476 0.5314034555672825 0.531710988790988 0.5323169512360127 0.533438170046282 0.5338520175599969 0.5348362699517082 0.5381262369271147 0.5386843366208429 0.5392108159446118 0.539210966592164 0.540171186129745 0.5410145777058323 0.5413827024437493 0.5423200424668987 0.5436461827312302 0.5443326756317566 0.5478160264689088 0.548446201543277 0.5512031284514045 0.5557057218228425 0.5562544090281899 0.5566087693346233 0.5587693856752886 0.5595940781866473 0.5668052048708151 0.567925441114617 0.5693085898719589 0.5697269725720961 0.5725435575177117 0.5750700177327088 0.576555193649759 0.5766815726487234 0.5797793686610375 0.5821704775906609 0.5824427876026241 0.5831629391601838 0.5838780105444675 0.5847709549287676 0.5856320311506759 0.5904559054300392 0.5996272938004704 0.6072823102737759 0.6087826089260991 0.6163138866735 0.6200556766121914 0.6377173574273626 0.638453282738802 0.6389743622930991 0.6460621657592021 0.647092299395503 0.6524465787471359 0.6534045920472014 0.6551307229495344 0.6556576686098158 0.6559625046839718 0.6583890869943376 0.6584656746745112 0.6664124928383811 0.6723337427129236 0.6736708524154521 0.683352350907475 0.6935404926728325 0.694596715408163 0.695491761167548 0.6958484077815295 0.696361658838521 0.6965022599074857 0.6967411674155572 0.6970143678661587 0.6971332500708314 0.6977025129357312 0.6979231308737673 0.6988318938809736 0.6993154243860891 0.7006528492183446 0.701855388415771 0.7024726614032722 0.7027698669139923 0.7033288421274912 0.7033688503313945 0.7034042863720918 0.7037792225604016 0.7039975542990206 0.7044787986113231 0.7048674519740895 0.7049040311127973 0.7056744792465427 0.7065398045249262 0.7071067811935955 0.743030681798343 0.7565578793581642 0.8565067492476005

rand_p90 0.3482003422813653 0.3482003422813653 0.3482003422813653 0.3482003422813653 0.3482003422813653 0.3482003422813653 0.3482003422813653 0.3482003422813653 0.3482003422813653 0.3482003422813653 0.3482003422813653 0.3482003422813653 0.3482003422813653 0.3482003422813653 0.3482003422813653 0.3482003422813653 0.3482003422813653 0.3482003422813653 0.3482003422813653 0.3482003422813653

bonr_15 0.46102757153250495 0.38207560321211176 0.4601885108158376 0.4567073576860187 0.4516582690455384 0.46102757153250495 0.4445995944743984 0.4249558589076938 0.4484068363379843 0.4445995944743984 0.45553329641878987 0.46788156760283 0.41494030786695546 0.4516582690455384 0.38207560321211176 0.4878857691976323 0.3773207429627526 0.32012653299473015 0.5211384344827727 0.4644017106025375

bonr_sqrt 0.46102757153250495 0.38207560321211176 0.4601885108158376 0.4567073576860187 0.4516582690455384 0.46102757153250495 0.4445995944743984 0.4249558589076938 0.4484068363379843 0.4445995944743984 0.45553329641878987 0.46788156760283 0.41494030786695546 0.4516582690455384 0.38207560321211176 0.4878857691976323 0.3773207429627526 0.32012653299473015 0.5211384344827727 0.4644017106025375

rand_15 0.695491761167548 0.695491761167548 0.695491761167548 0.695491761167548 0.695491761167548 0.695491761167548 0.695491761167548 0.695491761167548 0.695491761167548 0.695491761167548 0.695491761167548 0.695491761167548 0.695491761167548 0.695491761167548 0.695491761167548 0.695491761167548 0.695491761167548 0.695491761167548 0.695491761167548 0.695491761167548

