progressive_9 0.23183783604441746 0.0592724421275854 0.5974397193596906 0.5920677893367732 0.2169604200485268 0.2957521391433775 0.3628299450136156 0.4839926756171418 0.2349159513921678 0.5909185271383899 0.24404763352057862 0.5860465776718556 0.33539127601059804 0.320141696173422 0.0678341064682645 0.5847355948472716 0.20749130560716209 0.5906819850162001 0.0916549123292272 0.09182602308796405

b2_9 0.23183783604441746 0.25315091113094723 0.5938482700932233 0.5966317957389545 0.5851075446454895 0.2957521391433775 0.24407691608967536 0.2896558501541579 0.2349159513921678 0.5158087579216841 0.5063852473321789 0.049697057975508045 0.36587946532056664 0.34454071538799236 0.04318839450376113 0.5840389304949583 0.20749130560716209 0.5925693651239414 0.3323448253705113 0.08247861429428802

b2_15 0.07106616019406377 0.0592724421275854 0.5920677893041956 0.5966317957389545 0.5836014559370893 0.07918460344810584 0.06491814782930565 0.05424556092497837 0.2349159513921678 0.5158087579216841 0.5063852473321789 0.049697057975508045 0.10901627432424187 0.34454071538799236 0.04318839450376113 0.08204090785767922 0.1770041137296246 0.5925693651239414 0.0916549123292272 0.08247861429428802

b2_sqrt 0.07106616019406377 0.0592724421275854 0.0614355044784926 0.5926180177520038 0.07106616019406377 0.0703596151239885 0.06491814782930565 0.0402005834097148 0.07106616019406377 0.37503140118393224 0.5063852473321789 0.049697057975508045 0.10002434467700425 0.34454071538799236 0.04318839450376113 0.04318839450376113 0.10635032905584862 0.11518962784621872 0.0916549123292272 0.0402005834097148

SimAnnealing_15 0.20445554607263655 0.0592724421275854 0.5959946031780672 0.5920677893367732 0.0821591202963597 0.21051773118645417 0.24407691608967536 0.09182602308796405 0.2349159513921678 0.5909185271383899 0.22270071510078707 0.3598270835521481 0.33539127601059804 0.2927049382217305 0.0678341064682645 0.07657786305683711 0.20749130560716209 0.0678341064682645 0.04318839450376113 0.035441382786859245

ExpProgressive_sqrt 0.1800563222763114 0.0592724421275854 0.5163879871546156 0.3018530051102715 0.11061916342282367 0.20445554607263655 0.3628299450136156 0.05424556092497837 0.04279705780732226 0.5493454270583346 0.03005013664366852 0.38725965721588523 0.3262394630836394 0.1213124054205509 0.0678341064682645 0.5807051305332002 0.14523227767586802 0.5839565130365227 0.04318839450376113 0.045054852873286894

bonr_9 0.23183783604441746 0.0592724421275854 0.5946866814563839 0.5920677893367732 0.2169604200485268 0.2957521391433775 0.3628299450136156 0.48691952443527725 0.2349159513921678 0.532704628306277 0.24404763352057862 0.5860465776718556 0.33539127601059804 0.34454071538799236 0.0678341064682645 0.06797794324664437 0.20749130560716209 0.5925693651239414 0.0916549123292272 0.09182602308796405

ExpProgressive_15 0.23183783604441746 0.0592724421275854 0.5938482700932233 0.3018530051102715 0.21969992642456354 0.2957521391433775 0.3628299450136156 0.4818157789887331 0.2349159513921678 0.5909185271383899 0.23793548107168705 0.5847125184237936 0.33539127601059804 0.29270280489936334 0.0678341064682645 0.5847355948472716 0.20749130560716209 0.5925693651239414 0.07661398561807338 0.053720729143873276

SimAnnealing_sqrt 0.20135824789525558 0.056429215864305216 0.2988012313124289 0.3018530051102715 0.035333386743719435 0.0764175167633883 0.24407691608967536 0.09182602308796405 0.07933200452097874 0.5835740258930204 0.19221937664747452 0.035333386743719435 0.0734548815577709 0.2927049382217305 0.04279705780732226 0.0402005834097148 0.16176686799327553 0.045673706528754875 0.045054852873286894 0.035441382786859245

ExpProgressive_9 0.23183783604441746 0.0592724421275854 0.5974397193596906 0.5920677893367732 0.2169604200485268 0.2957521391433775 0.3628299450136156 0.4839926756171418 0.2349159513921678 0.5909185271383899 0.24404763352057862 0.5860465776718556 0.33539127601059804 0.2957521391433775 0.0678341064682645 0.5847355948472716 0.20749130560716209 0.5906819850162001 0.0916549123292272 0.09182602308796405

rand_9 0.6382383405118286 0.6382383405118286 0.6382383405118286 0.6382383405118286 0.6382383405118286 0.6382383405118286 0.6382383405118286 0.6382383405118286 0.6382383405118286 0.6382383405118286 0.6382383405118286 0.6382383405118286 0.6382383405118286 0.6382383405118286 0.6382383405118286 0.6382383405118286 0.6382383405118286 0.6382383405118286 0.6382383405118286 0.6382383405118286

progressive_sqrt 0.1800563222763114 0.0592724421275854 0.5163879871546156 0.3018530051102715 0.11061916342282367 0.20445554607263655 0.2927044591895797 0.05424556092497837 0.04279705780732226 0.5767630730298844 0.03005013664366852 0.38725965721588523 0.3262394630836394 0.1213124054205509 0.050446067337249545 0.5807051305332002 0.14523227767586802 0.5827187117370253 0.04318839450376113 0.045054852873286894

progressive_15 0.23183783604441746 0.05903008882387964 0.5938482700932233 0.5920677893367732 0.21969992642456354 0.2957521391433775 0.3628299450136156 0.4818157789887331 0.2349159513921678 0.5909185271383899 0.23793548107168705 0.5847125184237936 0.33539127601059804 0.29270280489936334 0.0678341064682645 0.5847355948472716 0.20749130560716209 0.5918773400479382 0.07661398561807338 0.053720729143873276

SimAnnealing_9 0.20445554607263655 0.0592724421275854 0.6002080011789703 0.5920677893367732 0.07657786305683711 0.2867669767604968 0.24407691608967536 0.09182602308796405 0.2349159513921678 0.5909185271383899 0.24404763352057862 0.5860465776718556 0.33539127601059804 0.2957521391433775 0.0678341064682645 0.07657786305683711 0.20749130560716209 0.3597813985849713 0.0916549123292272 0.09182602308796405

rand_sqrt 0.6281133798150152 0.6281133798150152 0.6281133798150152 0.6281133798150152 0.6281133798150152 0.6281133798150152 0.6281133798150152 0.6281133798150152 0.6281133798150152 0.6281133798150152 0.6281133798150152 0.6281133798150152 0.6281133798150152 0.6281133798150152 0.6281133798150152 0.6281133798150152 0.6281133798150152 0.6281133798150152 0.6281133798150152 0.6281133798150152

base 0.024669569543254877 0.03005013664366852 0.035333386743719435 0.035441382786859245 0.03896106314564217 0.039716180058783745 0.0402005834097148 0.04279705780732226 0.04318839450376113 0.04377360647891113 0.043841918683215665 0.04452207736626004 0.045054852873286894 0.04565752618438613 0.045673706528754875 0.04615568746324432 0.0476895979149994 0.04796700643675527 0.04835741426741613 0.04867682054998963 0.049697057975508045 0.050446067337249545 0.05062627829432244 0.051026007536813585 0.05152215872973313 0.052014398275783524 0.05347358849472342 0.053720729143873276 0.05424556092497837 0.05624567481348514 0.056294826537417825 0.05640589245938367 0.056429215864305216 0.05652140546166613 0.05656046211612716 0.05657432869597933 0.05682194505650065 0.05683029340799735 0.05730132548652757 0.05902034281234804 0.05903008882387964 0.059087270590836016 0.05914328342718745 0.0592724421275854 0.0593102111838414 0.05947448710835081 0.059729463781154436 0.060168634894948086 0.06059574926378151 0.06089869114045349 0.061396269092968275 0.0614355044784926 0.06163539594215422 0.06194645258339288 0.06194789563222833 0.062078726385352896 0.062218868819233546 0.062247893227325705 0.062255349516165515 0.06432788441376228 0.06449384984165932 0.06453641708877735 0.06470766686121714 0.06491814782930565 0.06503561816406557 0.06526071462809702 0.06570826627341116 0.06751944213366899 0.06778246871983842 0.0678341064682645 0.06784824553498084 0.06788809791674355 0.06797247120877789 0.06797794324664437 0.06799232381426908 0.06806734845202052 0.06825100262528451 0.06840460252833643 0.06857379676187789 0.06893363973962789 0.06907871053740747 0.07006707910506327 0.0703596151239885 0.0704586979131868 0.0704836820836497 0.07048493352964232 0.07048493352964232 0.0706846876104273 0.07079141449775193 0.07089297678360307 0.07090881511576015 0.07106616019406377 0.07122160471265632 0.07123942487853285 0.07300146924888821 0.07317909508812591 0.0734548815577709 0.07347187932812964 0.07350782791571532 0.0735286251953577 0.07357902708557415 0.07363225720991105 0.07365091473449985 0.07466604156464775 0.0760697484995804 0.07619004125322987 0.0762544880737976 0.07628666326115918 0.07640812832203323 0.0764175167633883 0.07654132083535678 0.07657786305683711 0.07658807973076684 0.07660976216015769 0.07661398561807338 0.0766278797174102 0.0767038469909061 0.0767547138888827 0.07682637128611948 0.07691310381093927 0.07697608436471788 0.07709067468563609 0.07726746290061047 0.07746787536422226 0.0791263697116333 0.07916256436848955 0.07918460344810584 0.07924004050321712 0.07933200452097874 0.07935576510499551 0.07938302413675632 0.07938359321300463 0.07940639572337674 0.07944074375163335 0.0794620112436975 0.07947180482634973 0.07954715496171687 0.07956699539072853 0.07984144536026024 0.07990719926539777 0.07991759959762602 0.07994212474039629 0.08204090785767922 0.08211272314666977 0.0821591202963597 0.08216822794078113 0.08217842312877473 0.08218164618191112 0.08218809735588184 0.08228403602800487 0.08237423568996058 0.08240087285898359 0.08247861429428802 0.08256921104175935 0.08272128329152452 0.08276917142138408 0.08367365713186407 0.08489632406470196 0.08514691205841597 0.08523976159748264 0.08532170195378104 0.08533188586020454 0.08542427465090721 0.08558563867010843 0.0855861959990563 0.0856618463305568 0.08576512276796919 0.08580236489021331 0.08593740550031155 0.08600789235142031 0.08781057731226911 0.0878826436197165 0.08808723680468115 0.08810534418033909 0.08810584798023642 0.08817783561613958 0.0882080073357479 0.08824451877870948 0.08824761441083802 0.08824916282027878 0.08840652721336825 0.08843198858861419 0.0885019887800918 0.09063404296735335 0.09077495818727382 0.09100521299714379 0.0910293842403791 0.0910629168977287 0.0910658424388592 0.0911483841492664 0.09126637466988455 0.09127092135919732 0.0913191246172649 0.091483792212795 0.09151787408744491 0.09164686817049149 0.0916549123292272 0.09182602308796405 0.09208562831137114 0.0921198518828803 0.0933143276671988 0.09363441265326948 0.09374787949029458 0.09391651507475463 0.09406802533873558 0.09410430721545583 0.09417177118625084 0.0942366157676034 0.09430120173951247 0.09433700165013642 0.09441580748682248 0.0944304751694647 0.09445330392570721 0.09468405814727998 0.09517269618852747 0.09519976085852196 0.09522238548772764 0.09650998366904907 0.09703129320845938 0.09706180336445946 0.09711913372097845 0.09716761255562538 0.09717707558318103 0.09721604267722364 0.09722606565106764 0.09722893262130856 0.09727259271662929 0.09740754059549238 0.09749288269657456 0.09768510059281253 0.09779982110843914 0.09790211956947503 0.09956214153565125 0.09989576764873394 0.10002434467700425 0.10006673352221457 0.10008215135936134 0.10012592958874875 0.10013968459328652 0.10014060285097559 0.10016591650514464 0.1002942642683453 0.10045024479142098 0.10048281524270233 0.10110571002732316 0.10254901805921898 0.10263936114756096 0.10265110243326586 0.10283263056628923 0.10302381908890218 0.10307048275848478 0.10308155110899153 0.10310509518103382 0.10313501231724514 0.10317276290969814 0.1031989861389097 0.1032098747004869 0.10333109815503302 0.10339458158496904 0.10350880155657226 0.10353277412776415 0.10366876535342505 0.10388436777613284 0.10398861053053092 0.10587211709469915 0.10591581348468738 0.1059418092551279 0.10596541306797544 0.10598913426868721 0.10605196035106496 0.1060584165690879 0.10610471451195994 0.10611254491197844 0.1063330582937644 0.10635032905584862 0.106456930334618 0.10656079716382358 0.10688326039881724 0.10689220083885877 0.10867246178283374 0.10883920253326523 0.10888880590577553 0.10901627432424187 0.10926722218523174 0.10944854166243943 0.10944854166243943 0.11061916342282367 0.11078446675024692 0.11180766464375348 0.11189910021478881 0.11199125603498795 0.11199733157007243 0.11201601307334241 0.11202742123051256 0.11203191062501724 0.11226998237246948 0.11310928490351876 0.11483650678591799 0.11500289416862612 0.11505389014106641 0.11518962784621872 0.11518962784621872 0.11526856269071213 0.11538543995241232 0.11548788946115622 0.11592202602869085 0.11777258815563105 0.11777881626192559 0.1180161611681471 0.11809246498607721 0.11819579780889834 0.11827631825362725 0.11838154195653951 0.1193143312632647 0.12000016194374964 0.12093914849350816 0.12101385472434396 0.12117307452579541 0.12117857038409316 0.1213124054205509 0.12134603710406507 0.12384946947090052 0.1240110835525298 0.127175235450728 0.1271819903297249 0.12735183558098812 0.12738309629668454 0.12759076410409043 0.12999443920328088 0.1302187208522761 0.1302607465730879 0.13027946735204637 0.13596205466695402 0.13624682863979903 0.13629553982779413 0.13663585393502825 0.138754931785345 0.13910882000077757 0.13923846776904938 0.14523227767586802 0.1454307076072816 0.1458970428357184 0.14590509205929397 0.14795525595195536 0.14830173030468116 0.1511245236466097 0.15160003046445733 0.1570709309123028 0.15744100650028248 0.1603337315843867 0.16093823130578067 0.16176686799327553 0.1638419105349433 0.1691668971139412 0.17576329649367656 0.1770041137296246 0.1800563222763114 0.18309598887803288 0.18312244225374247 0.18613175185589478 0.1861469971964101 0.18919699427527856 0.18921584785651005 0.19221937664747452 0.19527722338719372 0.19536894345001155 0.19833426018240854 0.20135824789525558 0.20139499143611478 0.2013964421853174 0.2014076266460662 0.20438677345665557 0.20441543756476352 0.20443020912848006 0.20445554607263655 0.20446403823779694 0.20487678800620854 0.2074734648917505 0.20748265256603793 0.20749130560716209 0.20749246974428523 0.20749601069185233 0.20761024411629905 0.21051773118645417 0.21053982102725244 0.21060382936244437 0.21357162858328488 0.21362176573827163 0.21658864678318637 0.2165955670124527 0.21660464839924676 0.21661839175294575 0.21662000188238742 0.21663019641515938 0.21663827526026186 0.2167039894959335 0.2169604200485268 0.21965564186848122 0.21966384987601495 0.2196788092114303 0.21969711993478425 0.21969992642456354 0.219705516846916 0.2197068971330835 0.21971800919694864 0.22268585865338977 0.22270071510078707 0.22271575999745838 0.22272493256752535 0.2227394363020213 0.22275140813263247 0.22574893655353204 0.2257649745341868 0.22582463804500075 0.22878470208351914 0.2287879589167109 0.22880829066500824 0.22882089453957058 0.22883050519933584 0.22883567032947671 0.22883995135387633 0.22884162900893645 0.2288695063069248 0.228902282908981 0.23183091730640276 0.23183783604441746 0.2318438951173063 0.23185018378176284 0.23185695018106117 0.23186294310522926 0.2318719630590499 0.23187292599076334 0.23187754778163774 0.23203782126994157 0.2348765530858589 0.23487777999927978 0.23489530856615426 0.23489659123663295 0.23489705074809739 0.23489888911962678 0.23490068915324544 0.23490181626130474 0.23490184503418313 0.23490250758865916 0.2349159513921678 0.23491845387777277 0.23492178733167507 0.2349254023166916 0.2349691641574441 0.2379246659145354 0.23793475779132925 0.23793548107168705 0.23793651875620977 0.23794020684239142 0.23794090355488443 0.23794346405862846 0.23794921754850928 0.23795436973780199 0.2379565052903617 0.23795657090163191 0.23795795199346848 0.23800286434955298 0.23801280568341038 0.23805162813814099 0.24099652066351107 0.24099652066351107 0.24099696404954538 0.2410133057023623 0.24102029853744905 0.24102564663632392 0.24102992932224043 0.24103076553492503 0.24111779152770302 0.24114835367911813 0.24403376196917176 0.2440345876872579 0.2440443898268955 0.24404763352057862 0.24405815849951248 0.24406469510171633 0.24406967567898408 0.24407691608967536 0.244080999190007 0.24411249099972426 0.2441318566571304 0.24418383702097407 0.24703770289831964 0.24706203089441814 0.24707123306824108 0.24707213299990285 0.24707662403365432 0.24708327890008172 0.24710098580073311 0.247106083608923 0.24712311641960896 0.24713643641174382 0.24725710174813995 0.25010223262904324 0.2501057835152509 0.25011584854300895 0.2501253551602535 0.2501263795198857 0.2501274014898841 0.2501312189212355 0.25014428018672225 0.2501465715862326 0.2501518336472284 0.2501651839304969 0.2501673350570073 0.25314786584106364 0.25315091113094723 0.25315486476197946 0.25315522625070613 0.2531578517419565 0.25317530788859927 0.2531827400425974 0.25319138859465606 0.25319576129880006 0.25320685340589283 0.2532178457380856 0.253230223438879 0.2539011668708899 0.25442077811462027 0.25619649819326573 0.25620145408612893 0.25620918806511017 0.25621173759296606 0.2562152246840525 0.2562246166713975 0.25623492072247867 0.25623717092187814 0.25624279665490596 0.25624555365839324 0.25625090451384297 0.25626257720203843 0.2563375567532227 0.25925246607229036 0.2592607314656487 0.25927398693284065 0.2592760796864325 0.25928251875644276 0.25928709926029125 0.25928713292175665 0.25931496534121207 0.26229555339032357 0.2623030362108096 0.26231600354251833 0.2623245325871914 0.26234999713963414 0.26235761106627636 0.26531706283578893 0.26533306805118495 0.2653403768796715 0.2654680608288793 0.2655275078093656 0.26554078750217486 0.2683889126192245 0.2684231150618666 0.2684312594426073 0.2684454640399224 0.2684589227797622 0.26849782650099246 0.26853148584799996 0.2714392678889835 0.27143934483001525 0.2714510444252357 0.27441644321586933 0.27449845752920465 0.27450054699886306 0.2745039242122909 0.2745068505693285 0.2745088980768762 0.2745189930262747 0.2745233934648451 0.2745281067190076 0.2774610624280724 0.2775374145355881 0.27754644628426584 0.2775646075240236 0.277566620454933 0.2775917817850682 0.2805114169865458 0.28054163148179717 0.2805633784689881 0.2805643237709598 0.280574807984065 0.2805806094337996 0.28058159166767555 0.28058299990900215 0.28058519912565744 0.28058670985496525 0.2805915557259949 0.28059419342510417 0.28059502336105613 0.280603527520421 0.2806151707684804 0.2806233860173147 0.28064011489666874 0.2806530439624401 0.2806663207009318 0.28068767551275864 0.2835602981446982 0.2836010370430901 0.2836319506770492 0.2836380496427721 0.2836403288599565 0.2836407777213202 0.2836587663476931 0.28367529996641183 0.28497523329841673 0.2866059102404292 0.28660874388828733 0.28668632395181404 0.2866869006419397 0.2866873806368529 0.28670983687847623 0.2867669767604968 0.2896558501541579 0.28965792282359865 0.28969928055021255 0.289701657375 0.2897056540037177 0.2897093237695418 0.2897197757304855 0.2897264306410333 0.28972729601352276 0.2897313376313788 0.2897484608964904 0.28977108596937595 0.29270280489936334 0.29270373256444454 0.2927044085232219 0.2927044591895797 0.2927048001151138 0.2927049382217305 0.2927049561546696 0.2927054144949778 0.2927068537306593 0.2927070888110053 0.29271118939924373 0.2927422315394972 0.29275705719739875 0.2927597775943641 0.292762407630864 0.29276442690240567 0.292782929985825 0.29278335318797355 0.29278343364255316 0.292789056370922 0.29280525439427013 0.29282703114722447 0.2954326378419645 0.29575054580003945 0.2957517082832186 0.295751737522156 0.2957521391433775 0.2957523067746229 0.29575294116281703 0.295753064108569 0.29575382161906066 0.29575405465236093 0.29575411116426437 0.295754219238961 0.2957564488081134 0.2958109989685698 0.29581770950203823 0.2958195676529508 0.29582727420746413 0.2958299633587051 0.29586926466730146 0.2987996766667083 0.29880067751817885 0.2988012313124289 0.29880183716743214 0.29880185216953303 0.2988041249121856 0.29880850905275763 0.2988526967613662 0.2988535700871598 0.29885551141948624 0.29886196853781705 0.2988637931624779 0.29886881760860295 0.2988702783732661 0.2988813925358685 0.2988992782580977 0.2989741208897211 0.3018488582582582 0.30184889888891414 0.3018492109058692 0.3018495082582875 0.3018495616622718 0.3018495786683848 0.30185006248500346 0.3018502965301486 0.3018503014707331 0.3018507833178174 0.3018508182901987 0.30185084078665453 0.301850955942226 0.30185098603059074 0.301851071388327 0.30185151831454904 0.301851642800121 0.30185221350053787 0.3018524664612048 0.30185247681413907 0.30185262977508953 0.30185300249396035 0.3018530051102715 0.3018532858488768 0.30185341757403616 0.30188684578538744 0.3019107195727806 0.3019177011616115 0.30192311281813294 0.3019257253077897 0.30196687398083333 0.30197712321132925 0.30204194329337886 0.30260722009221175 0.30489695803102096 0.3048973291859763 0.30489843150740686 0.30489875245962705 0.3048993668143253 0.30489964978032646 0.3048999896645884 0.30490003232689594 0.3049003093265787 0.30490104491726294 0.3049012325199104 0.30490126858127964 0.3049018074884597 0.30490245771742025 0.3049033922901757 0.3049060198371721 0.3049060339201738 0.3049174533622661 0.30495095813185413 0.3049548867150835 0.30497153904616364 0.3049759313838465 0.30497874292198485 0.30498267968142656 0.30500294292299024 0.3050716219004851 0.3079443596681617 0.30794674711916253 0.3079471136062467 0.30794735242376026 0.3079479319479496 0.30794793439900797 0.30794794175299056 0.3079482196350642 0.3079483852085398 0.3079484149272831 0.30794860857150114 0.30794928267696686 0.3079501126750531 0.30795086303767955 0.30795186606165614 0.30795195119443786 0.3079520471335414 0.30795388104362 0.3079598063421037 0.3079856220534783 0.3079893721063203 0.30799554169202153 0.3080029830760705 0.3080105660510423 0.30801718810377104 0.3080223061744387 0.3080277886871209 0.3080330778718648 0.30803713778151837 0.3109945154955061 0.3109948364397582 0.3109951199356272 0.31099519994678126 0.3109954432737741 0.3109958934443398 0.3109959965288279 0.3109960037299643 0.3109962468681314 0.31099638952834985 0.31099638952834985 0.31099639195031753 0.31099639679465285 0.31099653994235466 0.31099679095610266 0.310996962354887 0.31099710486569954 0.3109976470089655 0.3109978541489796 0.31099786915853783 0.31099801449826997 0.3109982409129714 0.31099837475107217 0.3109987173505415 0.31099918306958946 0.31099958317890464 0.3110556805316821 0.3110679574276535 0.3110752548816444 0.3140428073745057 0.3140428826126904 0.3140429328513246 0.3140431896019786 0.3140436452248614 0.3140440636583946 0.3140444602248794 0.3140448198411006 0.31404482223269486 0.3140457552451577 0.31404578945450695 0.31404587019317337 0.3140460198157345 0.31404649148204405 0.31404693287394564 0.31404736828625673 0.3140498748042297 0.31404999711348486 0.31405075032643803 0.31405204724534763 0.3140917892448166 0.3141102661586156 0.3141153633218064 0.3170928246621788 0.3170933255550674 0.3170940170547648 0.3170940819951142 0.317095923976954 0.3170970542010473 0.31710265720836883 0.31713701230546165 0.3171451244697247 0.31715116679099636 0.3171553062689701 0.317161147108434 0.32014051222815804 0.32014058025401915 0.32014120464377954 0.320141696173422 0.32014196054519606 0.3201420474686545 0.3201426704371434 0.3201431887737992 0.3201432902628846 0.32014522664287576 0.3201465212348839 0.32014723210583645 0.3201495482135192 0.3201541111465133 0.3201945146180278 0.3201948866797531 0.3202031976016088 0.3231888320180031 0.32318897942529207 0.3231902064675083 0.3231910311541057 0.3231911678044358 0.32319169005477283 0.32319255316613504 0.32319303512881953 0.3231930671085051 0.32319310157240294 0.32319338561989064 0.3231991764784022 0.3232038678332774 0.32324788461661524 0.3232581275055453 0.32329332855900095 0.3244916009367645 0.3262374238606899 0.32623746142583626 0.3262380001581123 0.32623826554411556 0.3262382723142753 0.32623863049185914 0.3262393841760353 0.3262394630836394 0.3262396563278674 0.32623989970054623 0.3262401043466588 0.32624013972765625 0.32624028390485565 0.32624093975321977 0.32624111546478957 0.32624207059005544 0.32624373044755633 0.32624519164378263 0.32625158006426525 0.32625235008572606 0.3263317935694202 0.32928754530998244 0.3292876432311503 0.32928818711236774 0.3292884256865632 0.329293043014347 0.32929853443936286 0.32932048706994865 0.3293355302153064 0.3293626899733203 0.32937381667001037 0.32937662428381864 0.33233779663795837 0.33233807649614966 0.33233828695615375 0.33233850316695324 0.33233890263598315 0.33233899642610676 0.3323398613297247 0.33234153449570125 0.33234384301854625 0.33234454067883723 0.3323448253705113 0.3323488977728144 0.3353822891865582 0.33538440608099707 0.3353856483465159 0.33538700361902424 0.3353870507788586 0.33538786486150785 0.33539127601059804 0.33539178230598965 0.33539241922527707 0.3353944121576145 0.3354460359929055 0.33546370386818225 0.33594565987036157 0.3384339018529507 0.3384356421250989 0.3384391251402719 0.33844012557588643 0.33844168823523696 0.33844170405882096 0.3384417225252406 0.3384428710874328 0.33844715220230287 0.3384509321659832 0.34148268502577156 0.34148460001031977 0.3414858469602031 0.34148946081702025 0.34149041797686436 0.3445321178165456 0.3445328964247687 0.3445355497117015 0.34453567178342337 0.34453655957733803 0.34453766074886655 0.3445402719709277 0.34454071538799236 0.3446558626414315 0.3475801381996528 0.34758116421536667 0.34758161781188024 0.3475845725817329 0.34758471920670464 0.34758564284600846 0.34758591767868563 0.34758839579673734 0.3475896164414099 0.34759057640444063 0.34759104835914795 0.34759367795789325 0.3506324608450216 0.3506334564813021 0.3506358079286549 0.35063600948913215 0.35063637878828513 0.3506367531285389 0.3506369295371903 0.3506376669472316 0.35064369623397784 0.35064509102602454 0.35064907369745796 0.35066333838594826 0.35368383981950374 0.3536846488252298 0.3536853823654969 0.3536867781674566 0.35368697880474576 0.35368703965733084 0.3537235774375955 0.35672941518154655 0.3567294876863981 0.3567311812665508 0.35673338904433183 0.3567337007321903 0.3567343756555576 0.356738259878781 0.35977673868902066 0.3597784128150058 0.35977847599537605 0.35977894424853196 0.35978063495249524 0.35978075737025994 0.35978098829529437 0.3597812251841998 0.3597813242012385 0.3597813985849713 0.3597814358157157 0.3597824306101814 0.3597826510382769 0.35978505916777437 0.3597864883845405 0.3597928652002059 0.3598270835521481 0.3628276567766917 0.3628279019839628 0.3628288951679546 0.3628299450136156 0.36283021635447654 0.362830454290514 0.36283122729452366 0.3628314266739981 0.36283290970763243 0.3628352559081268 0.3628598074075412 0.36290511311830065 0.3629125346234138 0.36587530427751996 0.36587651125257253 0.3658782444169245 0.3658787961276405 0.3658792050519893 0.36587946532056664 0.3658813452842851 0.3658838449502109 0.3659342599373984 0.36892521643917336 0.36893367723890774 0.3689476336162918 0.3689576727887906 0.36897554722032644 0.3719757575781796 0.37197911409413636 0.371985232989735 0.37199350543145904 0.37502538814620523 0.3750283303825884 0.37503140118393224 0.37503683034165614 0.375037834934837 0.37519512776655733 0.37807467499464004 0.3780769094376101 0.37811806194948017 0.3781229408114745 0.3781261672243885 0.37815693747965307 0.3812417645924156 0.38418412789934936 0.38420483358941554 0.38725965721588523 0.3902671266613581 0.390268878968871 0.3902943952064734 0.390333693529401 0.39333391649813365 0.393337921713482 0.3933756257039897 0.3933869479542487 0.39341247881355174 0.39945469808197265 0.40256981271864095 0.4026278384912538 0.40278435255329476 0.4044618197744281 0.4069277687319287 0.4093297175703635 0.4113601580506894 0.41670356745521164 0.41813311277626913 0.44764141420725756 0.44767871568915135 0.45447132531944817 0.45491454116147306 0.4608978095526444 0.4615139398937188 0.4622217571148431 0.463137929174724 0.46344691590810777 0.4646995505675998 0.46557852564367425 0.4665316567150033 0.46684572816564646 0.46717825033987864 0.46817923504641995 0.468977600695075 0.4694323679786123 0.4698096262427475 0.4698324037069347 0.4700534311132513 0.4702859056151966 0.4706200466083873 0.4708431350273952 0.4714901175206711 0.4715814372608945 0.47173655970444783 0.4717450152656106 0.4717881302987568 0.4720320672991541 0.47244365869365046 0.4725448785220508 0.47273649013024077 0.47326670349768946 0.4737043268631322 0.4737850004951095 0.4737874552385322 0.47380808326708407 0.47412371964285116 0.4742094837166149 0.474649209687449 0.47472166517147046 0.47482186065227744 0.4749988792968511 0.4750137647990902 0.47503863360822557 0.4760397087408491 0.4761669682603594 0.4763896227815484 0.4764494221429844 0.4766515006493439 0.4767398012582956 0.4769709489693199 0.4770047582555494 0.4770295548556827 0.4771664063216511 0.47731040584830303 0.4774072447792731 0.4774317117597493 0.4775904019914139 0.47781915329323144 0.4779402625229932 0.47832799614318644 0.4784685761951889 0.4785292330166679 0.47866338202993125 0.4787886634978394 0.47879173107057427 0.47880667200843424 0.4790290066668207 0.47909675693656223 0.47911785032395504 0.4791456916107754 0.4795997382186714 0.47962954478110326 0.47973715515496645 0.47998673273952813 0.4799882024225057 0.48007495244001697 0.480171416339742 0.48024149588508613 0.48034359426186884 0.48039527529493226 0.48045922413754566 0.4806337573920357 0.480945693590887 0.48095933813788655 0.48100795522105916 0.48102603315044146 0.4811884735428248 0.4813784974768762 0.481389204678219 0.48146797937128955 0.48147214400049243 0.48151333251470485 0.4818157789887331 0.48192892909802243 0.48201761368278817 0.48206833040853697 0.4821296614990198 0.4822032871925589 0.48223721260638036 0.4822552707477039 0.48234328396145376 0.4824412798748506 0.4825448744861902 0.4826332794753277 0.4828282615514858 0.48291385944151055 0.4831098654580912 0.48346265674226646 0.48355373886366004 0.4837297479483942 0.4839710004105883 0.4839926756171418 0.48414210337250185 0.48422890165790994 0.48427794023589743 0.4842793038752744 0.4846083876583863 0.48463274284064367 0.48480212921217214 0.48497457530035815 0.48502862897232135 0.4850572449402228 0.4850594639750882 0.4851637475179845 0.4851881403814657 0.4854964887346281 0.4856673080024553 0.4856680871608678 0.48588605221622605 0.486264045002317 0.48633919003564474 0.4863557677309631 0.4863773245352829 0.48691952443527725 0.48720136401869424 0.48723109967928135 0.4875292035165118 0.48760544545897416 0.4876462401350505 0.48767387169335885 0.48768443858618754 0.4877364598059363 0.48825165804924536 0.4884930388191789 0.4886188559240516 0.4887849375422378 0.4888008402390944 0.48896899624871065 0.48916639897181713 0.4892039683109408 0.4895851779804432 0.4897948612024756 0.49032791065790826 0.4903889858015896 0.49042902642567154 0.4905816271881084 0.4912152556717196 0.49141080542801924 0.49155950619266253 0.49158150810310464 0.4916024533967305 0.4917614065976805 0.4917730658343728 0.49231283231458717 0.4928468789688457 0.49351700962774825 0.49392667818580216 0.4939566227134113 0.49480733612339395 0.4951519501517589 0.4954742580855636 0.49611904432642157 0.49637990648565816 0.4965033025779443 0.4968762867562835 0.4976850105330913 0.49792664769519107 0.49809223128266594 0.4982960363637237 0.4989280216398328 0.49985064803657814 0.5004946301741785 0.5011443846872184 0.5011650781300523 0.5013251737362967 0.5018817099418457 0.5019989864255393 0.5025653090065525 0.5034974033683434 0.5039219017055421 0.5042475259036518 0.5046685971027564 0.5057750758493087 0.5058485785728505 0.5061367264211675 0.5063852473321789 0.5073681722880058 0.5077786473742896 0.507784449229863 0.5078820037448675 0.5079061313404659 0.5079828307746936 0.5083119194777626 0.5086378536045316 0.5088119819594504 0.5088697597581774 0.5091584044905155 0.5093694491243754 0.5096197158130886 0.5101435009413426 0.5104244109799585 0.5105034440791119 0.5109130562341985 0.5109674001419555 0.5109884383964973 0.5110865810685229 0.5111368515594361 0.5112717707415355 0.5114276980519826 0.5116145666490595 0.5116439673173924 0.5116478329956569 0.5118948079234301 0.5120613097680637 0.5122626740725038 0.512382202534742 0.5123972962205459 0.5125638213028413 0.5125890116113144 0.5126962699390709 0.5127880872942138 0.5129142377039477 0.5132143477179029 0.513232371397817 0.5133117740085026 0.5136440364572425 0.5138388807910024 0.5140701082171879 0.5141615850338908 0.5143407995785728 0.5144271721686947 0.5147872490515194 0.5148731877555631 0.5151130634614387 0.5152991856709297 0.515379061426811 0.515451545743328 0.5155493504147967 0.5155511043348673 0.515626818650422 0.5157257015584281 0.5157779637032729 0.5158087579216841 0.5161986570719276 0.5162842672353244 0.5163879871546156 0.516484519490526 0.5165886604799484 0.5166439073656132 0.5166754637891044 0.5167113703855915 0.5167888995272057 0.5168372130512452 0.5170063958322153 0.5170193339337842 0.5172504049167684 0.5173081007288749 0.5175524686151637 0.5177355653678719 0.5177605537137994 0.5177789356141279 0.5178213269756959 0.5178394330583331 0.5178758246210496 0.5179578734766135 0.5182494190228385 0.5182495610596931 0.5182559267084426 0.5184126135603275 0.5186687615924769 0.5187192616757047 0.5189345189578539 0.5189639747236291 0.5190467509150531 0.5191557821847305 0.5191610997266444 0.5192786629122313 0.5194502887420371 0.5194949356970716 0.5194978625908077 0.519524397626635 0.5196841069562613 0.5201434587448235 0.5202451226607565 0.5202569051214607 0.520582629057373 0.5206614767761408 0.520887757090968 0.5209494082581093 0.5210186635450166 0.5211922153705676 0.5212787574757636 0.5213373344826436 0.5215111819392334 0.5217604813406831 0.521829787933154 0.5221723768670671 0.5222347254202012 0.5224522373670817 0.5227723161710747 0.5230915029268473 0.5231203397630017 0.5233423344552343 0.5234011392286347 0.5234834611534286 0.5239427708400571 0.5239767076658057 0.5241344187293596 0.5243796180143362 0.5243969930969687 0.524407455747971 0.5244446321687894 0.5247082842366112 0.5252225738983729 0.5252717628973249 0.5252976474006149 0.5254029883141983 0.525661183310208 0.5258634184787232 0.5259335412906092 0.5261036736271584 0.5273103770663452 0.5273702250830974 0.5274825234628832 0.5277849148421873 0.5278848165362207 0.5284759812607202 0.5285101583787661 0.5291137498151742 0.5291310188452076 0.5291804162130417 0.5292043034660971 0.5292844386659432 0.5295254002275566 0.5299399254561646 0.5300618292256901 0.5310115064437938 0.5311316325871608 0.5313300445163434 0.5323653973384803 0.5323934423949417 0.532704628306277 0.5330985156941097 0.5331147136836673 0.5339069707887826 0.5340946322213245 0.5342313976440338 0.5344745545109534 0.534944921831544 0.5359858425317815 0.5364339385694022 0.5365712253922535 0.5371832275863785 0.5376710793312082 0.5386508710640346 0.5404359756781678 0.540963739574034 0.5410109582368127 0.5439852047259691 0.544539499849589 0.5448381956382018 0.5458313234750937 0.5476518911569168 0.5493454270583346 0.5494014720967358 0.5502071021757312 0.5510598378042042 0.5540426742219096 0.5569338724779219 0.5641684957218056 0.5642749696229655 0.5649205103570571 0.5657134406159409 0.5663887229991501 0.5668230313412137 0.5688254604267514 0.5696568404113083 0.5700965482676476 0.5710395152172046 0.5712496207003407 0.5718074999597994 0.5729226526978186 0.5732929220712751 0.5741755137210666 0.5742006307561973 0.5745499314316345 0.5767473550475273 0.5767630730298844 0.5770866404313983 0.5772182672431759 0.5773510025381033 0.5782419623033942 0.5791455488484448 0.5792948327380828 0.5795571441570817 0.5795813996642379 0.5797675834664465 0.5797821204397532 0.5800691497229816 0.5801148837035831 0.5803926834663159 0.5806943090121708 0.5806972445373949 0.5807051305332002 0.5807161486518894 0.5807552049369261 0.58080575108933 0.5808697637738451 0.5808728168630088 0.5808741946702279 0.5809261789162333 0.5810892539993295 0.5813679816928548 0.5814015170508395 0.5816289037206197 0.5816487012353996 0.5816637663200975 0.581711248590431 0.5817142567761786 0.5817295082633044 0.5817887064715245 0.5817918460749129 0.582084381830298 0.5821258650319323 0.5821424177969902 0.5822734762278564 0.5823253145815087 0.5823316142947194 0.5823467805740264 0.582394157420971 0.5824764546258266 0.5825953783577692 0.5826089409850712 0.5827187117370253 0.5827673420971884 0.5827673920315549 0.582767416373555 0.5827965847099379 0.5828253090212363 0.582925942573875 0.5830465999234864 0.5830876802092398 0.5831058279972366 0.5831106117029561 0.5831258840374063 0.5831563499599342 0.5831669369678452 0.5831685445298183 0.5833466794033644 0.5834259269852186 0.5834764539116606 0.5834990764435986 0.5835161117625042 0.5835171924289686 0.5835740258930204 0.5835752246771395 0.5836014559370893 0.5836319930908136 0.5836349975137824 0.5837065722494046 0.5837325489137388 0.5837826358747329 0.5837996528048559 0.5838026728157456 0.5838789101444835 0.5838954089700605 0.583913687910695 0.5839337835651695 0.5839350452480911 0.5839551175358887 0.5839565130365227 0.5840389304949583 0.5840693541835443 0.5840875507060201 0.5841122227242933 0.5841424220427986 0.5841546078193548 0.5841910374348719 0.5841929311327779 0.5842033606436698 0.5842033986600964 0.5842295112417389 0.5842551976006902 0.5844227787031105 0.5844825661228326 0.5845557278002321 0.5845600540832894 0.5845601786747742 0.5845754347962625 0.5845953624280682 0.5846350001844759 0.5846776872170938 0.5846789774536494 0.5847125184237936 0.5847307277441428 0.5847355948472716 0.5847417064052829 0.5847887084810902 0.5848301173153001 0.5848467637907263 0.5848619268539613 0.584888061378423 0.5848892527114826 0.5849185309538645 0.5849185367309621 0.5849307221224362 0.584973396402953 0.584991695517019 0.5850160817096531 0.5851028548822951 0.5851057987627668 0.5851075446454895 0.585110698914338 0.5851349797470956 0.585151591830129 0.5851668735108743 0.5851881384051291 0.5852065513587531 0.5852492996536178 0.5852612538790569 0.5852965832055363 0.5852996218245176 0.5853788837676484 0.5853924084925698 0.5853986458076276 0.5854107889890952 0.5854411775627056 0.5854597615952803 0.5854899839181038 0.5855355935424448 0.5855997390884321 0.5856075647800326 0.5856119838435322 0.5856393266898584 0.5856624562359747 0.5856942923685486 0.58571869799997 0.5857307342041379 0.5857309768394626 0.5857674208081635 0.5857782944149054 0.5858009434185006 0.5858252903262976 0.5858910855665693 0.5859198939078468 0.5859350893992742 0.5859886336879777 0.5859960102051806 0.5860465776718556 0.5861105951912172 0.5861210774904734 0.5861349948399165 0.5861453416917403 0.5861607836864937 0.5862094297076176 0.5862874289341796 0.5862949131771572 0.5863100168881333 0.5863435929317581 0.5863575344498941 0.5864778589032621 0.5865265691065626 0.5865387051090233 0.5865417121184661 0.5865509040901458 0.5865845078199617 0.5865905452980025 0.5866027409641735 0.5866028152411049 0.5866181220111333 0.5866362472817934 0.5866685207019393 0.586671592117451 0.5867066239291313 0.5867368647149627 0.5867827528947435 0.5867996348280926 0.5868192887571292 0.5868575750182173 0.5868605830715447 0.5868680031350744 0.5869167688325526 0.586919794623979 0.5869215983540591 0.5869520582397655 0.5869656004916561 0.5870449041005513 0.5870465634566154 0.5870905861507107 0.5871272780586639 0.5871486905101206 0.5871746227109957 0.5871943444958839 0.5872003776969497 0.5872173031172294 0.5872800186608034 0.5872874528045952 0.5873010512065946 0.5873148655816065 0.5873252796175689 0.5873284493070386 0.5873606071138605 0.5873649225132463 0.5873710485450764 0.5873994023832781 0.5874093823184302 0.5874185205300733 0.587438079080008 0.5874612028714449 0.5874612103352165 0.5875160870505048 0.5875661991763665 0.5875996463046519 0.5876380123260414 0.5876515703510825 0.5876715583183176 0.5876727769238299 0.5877203803706853 0.5877935112864364 0.5878362124566452 0.5878375809412366 0.5878500634482915 0.5879053487583316 0.5879076870277081 0.5879124683515948 0.587935174568013 0.5879673223870512 0.5879703596666108 0.587996155702249 0.5880465682381072 0.5880478768232251 0.5880540478060479 0.5880709418861066 0.5880875068824984 0.5881593586943284 0.5881654751614576 0.5881851507502845 0.5882522999260288 0.5883026729832492 0.5883386357956367 0.5883466488659657 0.5883575519171665 0.5883618445779788 0.5883849688304145 0.5884321376900817 0.5884703457833519 0.5884734138576115 0.5884764568600459 0.5884808415147034 0.5885099846846591 0.5885206492728238 0.5885601354699179 0.5885618094013091 0.5885844509491795 0.5886251136689763 0.5886258292793143 0.5886272922845991 0.5886514690138483 0.5886567232935492 0.5886574925620923 0.5886973001527189 0.5888100807863539 0.5888118157150479 0.5888497943691152 0.5888575350178624 0.5888862965015805 0.5889166653460283 0.5889276510638318 0.5889351760026785 0.5889442358291898 0.588945960741079 0.5889490000609284 0.5889724947733622 0.5891563351001669 0.589185140845285 0.5892020578814011 0.5892294912050489 0.5892342999342017 0.5892734665892145 0.5892917672394022 0.5892965582898734 0.5892978716637466 0.5893130655847669 0.5893300998783267 0.5893453915621452 0.5893893182752911 0.5894063363977682 0.5894137005762891 0.5894215639013997 0.5895038823486665 0.5895069346092057 0.5895631121926174 0.589578305335358 0.5895845835794902 0.5895954153267109 0.5896911928541104 0.5897051179880785 0.5897112004918188 0.5897325309529571 0.5897660514602647 0.5897766314848011 0.5898008315577015 0.5898026765582641 0.5898209975411846 0.5898439822498466 0.5898453498769917 0.5898544854806437 0.5898649594281039 0.5898909686163191 0.5899076271516123 0.5899245050662101 0.589926317776448 0.5899338074355907 0.5899398497056869 0.589944378949063 0.5900052338000144 0.5900235880725989 0.5900386659994453 0.5900679009686445 0.5900770397462362 0.5900996700599401 0.5901075493280565 0.5901105790759013 0.5901241303171393 0.5901594153709627 0.5901654427631013 0.5901730984950014 0.5901773487058172 0.5901807197697176 0.5902064324770492 0.5902142571714549 0.5902161948028385 0.5902433725174796 0.5902446257672016 0.5902630395616247 0.5902734316958649 0.5903009931462374 0.5903284875212074 0.5903435796219483 0.5903497729529255 0.5903679483864692 0.590411358026096 0.5904398497422161 0.5904764412006578 0.5904813765821078 0.5904916780418275 0.5905326661392917 0.5905618046214721 0.5905769415424764 0.5906228436386375 0.5906409656563335 0.5906684045726187 0.590668496790645 0.5906819850162001 0.5906820916748046 0.590700465580787 0.5907432183905952 0.5907583032911262 0.5907613124297255 0.5908087500881046 0.5908114023402053 0.5908543794539215 0.5908709898978596 0.5908758335635156 0.5909063265219496 0.5909185271383899 0.5909776430139998 0.5910008243325976 0.5910051260481308 0.5910160718272314 0.5910190130060795 0.5910448744710998 0.5910661140456769 0.5910677932410081 0.5910830370853725 0.5911239850778963 0.5911549400092043 0.5911610377277061 0.5911837516806732 0.5911897440344546 0.5911944547007268 0.5912287301841433 0.5912309043966258 0.5912385242787214 0.5912447430703506 0.5912630453420186 0.5912887685839113 0.591300932175577 0.5913038800611541 0.5913040122073367 0.5913118129056603 0.5913301081923864 0.5913526311577118 0.5913574263004591 0.5913635237873156 0.5913665725536527 0.5913726700948914 0.5914062972883392 0.5914367983412231 0.5914824257796147 0.5914976695981263 0.5915624358214203 0.5915709887827008 0.5915952302319964 0.5916013277263147 0.5916087325759826 0.5916196203388483 0.5916409617151657 0.5916440105537439 0.5916563393977725 0.591676170654166 0.5916881753434688 0.5917173077945032 0.5917324615998276 0.5917598636838458 0.5917765595341438 0.5917982960045265 0.5918238878282395 0.5918482780295152 0.5918649738736259 0.5918741663374779 0.5918773400479382 0.5918958422302354 0.5919002117088337 0.591909376594321 0.5919124288818489 0.5919449359008908 0.5919503412114058 0.5919549848741765 0.5919992235119979 0.5920052537217048 0.5920190090183003 0.5920404576037502 0.5920448874752873 0.5920677893041956 0.5920677893367732 0.5920709431010225 0.592083169652683 0.592098276987924 0.5921623011889862 0.592174607498082 0.5921807058216777 0.5921807587501581 0.5921958375831001 0.5921959449884925 0.5922338817624148 0.5922446178756765 0.5922446179262669 0.5922537641802068 0.592269131778074 0.5922720567910635 0.5922764535888649 0.5923025444803888 0.5923636357858377 0.5923745341330486 0.5924015850634492 0.5924154532726188 0.5924168262294296 0.5924366902992696 0.5924411822338852 0.5924549828996315 0.5924610804628307 0.5924641292050599 0.5924868265286697 0.5924977866445914 0.5925022973807231 0.5925038891616815 0.5925174663670485 0.5925220558675544 0.5925251045719908 0.5925312021115348 0.5925374294196634 0.5925525435026334 0.5925693651239414 0.5925784102831072 0.5926013237945476 0.5926148508818313 0.5926180177520038 0.5926379090150842 0.5927010623506929 0.5927049819251644 0.5927247118958109 0.5927263233310741 0.5927264266503925 0.5927400377235654 0.5927598597574001 0.5927599637359732 0.5927856140080311 0.5927964449656281 0.5928086401847694 0.5928147376446817 0.5928162151315736 0.5928197460766625 0.5928331449599678 0.5928482740833032 0.592857420343979 0.5928605829858808 0.5928726642078287 0.5928740185432236 0.5928757129458417 0.5928818104827941 0.5928848592691406 0.592890956788813 0.5929244932554418 0.5929611857496322 0.5929671760455499 0.5929809746954667 0.592988517384868 0.5930112819800866 0.593049492752477 0.5930677853645171 0.593067950175395 0.5930814282124304 0.5930892809045788 0.59313485826775 0.5931409559650276 0.5931440045799865 0.5931502305406567 0.5931515288758699 0.5931758351677546 0.5931890121125349 0.5932050769602274 0.5932264129746467 0.5932293700918175 0.5932386326768203 0.5932551835419402 0.5932690040855658 0.5932813210510194 0.593284362835126 0.5933330282604214 0.593349979403223 0.5933726622166093 0.5934142594089025 0.5934214425065649 0.5934244912884831 0.5934258519972285 0.593433762093422 0.5934350905686854 0.5934398861227561 0.5934459450635089 0.5934503382508066 0.5934732715706592 0.5934825213531228 0.5934947157647154 0.5935417155469949 0.5935586370900603 0.5935616858533813 0.5935693590419624 0.5935982710798348 0.593610466152085 0.5936133133876645 0.5936135149806089 0.5936167507801761 0.5936196124985441 0.5936287588221566 0.5936409538475726 0.5936929331748196 0.5937080268329924 0.5937081324285093 0.5937538826372069 0.593758565282968 0.593765953345209 0.593793392325228 0.5938026573212397 0.5938179657861178 0.5938238799490013 0.5938482700932233 0.5938666728280311 0.5938892362203508 0.593909245474412 0.5939122942335575 0.5939138529256629 0.5939289224995056 0.5939290224002862 0.5939519282215385 0.5939520340332732 0.5939915622112283 0.5939915622149413 0.5939915622360963 0.5939943265976935 0.5939976597485537 0.5940007085336045 0.5940068060562632 0.5940160787743943 0.594040342579852 0.5940799765027958 0.5940891227993952 0.5940953450568507 0.5940966172812892 0.5940982691184816 0.5941014423815367 0.5941043666995734 0.5941344463096266 0.5941380131721136 0.5941623962928955 0.5941866833987509 0.5942293661647358 0.5942308357462802 0.594233763927659 0.5942385125183015 0.5942690002047993 0.5942996075537931 0.5943086341370246 0.5943147316729773 0.5943299755153296 0.5943452193530886 0.5943468069345348 0.5943696095029845 0.5943939996504507 0.5943970484189269 0.5944015170319551 0.5944153410976575 0.5944154439486627 0.5944183898481868 0.5945372918079729 0.5945445946442408 0.5945525356628305 0.5945738770103494 0.5945860721750075 0.5946561937404821 0.5946714375797796 0.5946866814563839 0.5946910666556037 0.5947659494045388 0.5947659494271199 0.5948360710794898 0.59485741249223 0.5948726563322456 0.5948757050801315 0.5948848513751079 0.5949124067138741 0.5949214366452706 0.5949366804469428 0.594947150450261 0.5949916727004546 0.5950007045772009 0.5950220459772347 0.5950490684314436 0.5951013139382716 0.5951088135865701 0.59513042063921 0.5951439967898439 0.5951679436645995 0.5951714356278919 0.5952345625664306 0.5952354599333057 0.595244606072066 0.595267379379627 0.5952720451691431 0.5952994838924027 0.5952994838965157 0.5953025326835869 0.5953039849480388 0.5953116790083717 0.5953116790308035 0.5953147277298765 0.5953147277357516 0.5953238741366981 0.5953376314838724 0.5953483869325322 0.5953818006367172 0.5954031421683144 0.5954275322121061 0.5954336297248932 0.5954397276485827 0.5954427760199134 0.5954885076251369 0.5955677755117201 0.5955799706448132 0.5956226533465866 0.5956348484478226 0.5956409459571883 0.5956410670828173 0.5956502629846127 0.5956548466820961 0.5956561898003151 0.5956654538862506 0.5956866776682466 0.5956941631572447 0.5957093504149542 0.5957202139836937 0.5957277713743622 0.5957385065511831 0.5957415553146533 0.5957537503908471 0.5957628966962337 0.5957688174400629 0.5958025306887965 0.5958086282325871 0.5958208233011353 0.5958421646782781 0.5958848474918755 0.5959079057430096 0.5959093461957039 0.5959122863521654 0.5959122863965521 0.5959183838885582 0.595921531679684 0.5959277026439003 0.5959732617778775 0.595988505587762 0.5959946031780672 0.5959976518688958 0.5960281395536571 0.5960433833989636 0.5960557071137158 0.5960586272388999 0.5960921636908045 0.5961104563503831 0.596157686125421 0.5961653341604616 0.5961836267459398 0.596189724315013 0.5962110659183648 0.5962171631991772 0.5962232607361295 0.5962233631041757 0.5962417355491946 0.5962750898002237 0.5962781385686998 0.5962856243580225 0.5963055774929463 0.5963360651915695 0.5963360652333418 0.5963544756176802 0.5964215772606397 0.596430795283995 0.5964429163174242 0.5964490494108177 0.596477847774349 0.5965006986856464 0.5965037474359336 0.5965189912811625 0.5965525277623535 0.5966317957298566 0.5966317957389545 0.5966348445396774 0.5966837630021428 0.5966958198692195 0.5967110637597975 0.5967598439879285 0.5967783255231808 0.5967811853723162 0.5968134725366794 0.5968330145077244 0.5968341715595351 0.5968635021250616 0.5969183799657681 0.5969580139496279 0.597012891773744 0.5970374149457096 0.5970769159094462 0.5970954106873804 0.5970982572862612 0.5971531351218228 0.5971592326648025 0.5971683790508137 0.5971775253579504 0.5972324031044804 0.5972506958246865 0.5972567932504286 0.5972659395699648 0.5973072479074675 0.5973482563044292 0.5973697983865068 0.5973726464687326 0.5973788613937181 0.5973848416119505 0.5974002348388293 0.5974215507174646 0.5974215559390738 0.5974397193596906 0.5975403287159489 0.5975454268695212 0.597555572574713 0.5975677676707521 0.5975769139469292 0.5976105604190398 0.5976148820472673 0.5976180902023158 0.5976246494053742 0.5977293523739073 0.5977445962022976 0.5977567912909412 0.597762888815175 0.5978025228711832 0.597817766704727 0.5978238641999492 0.5978650564548869 0.5979261966818871 0.5979549612321889 0.5979643224966422 0.5979692173107829 0.5980039897052264 0.5980069370211154 0.5980281316748964 0.5980738632115372 0.598115077107796 0.5981195947539595 0.598131789836069 0.5981561799603914 0.5981653263219361 0.5982171553222109 0.5982232528654351 0.5982445944172093 0.5982628868620526 0.5982721530479809 0.5982781306890419 0.5982811794659485 0.5982933745615499 0.5982980129950617 0.5983177647771508 0.5983330085608721 0.5983513011967359 0.5983575455380468 0.5983916592059092 0.5984397154286667 0.5984606860318096 0.5984793494093477 0.5984854469461537 0.5984902517757145 0.5985067883261352 0.5985220321775208 0.5985555686239385 0.5985708127520978 0.5985830075922793 0.5986073976940998 0.5986759335906643 0.5987904237597474 0.5987965601753512 0.5988421528737834 0.5988848356132386 0.5988970307055266 0.5989262821248623 0.5989568352606411 0.5989843348338307 0.5989884938177361 0.5989884938744711 0.5990250789791326 0.5990281278803269 0.5990954164205734 0.5991105779853435 0.5991662256734047 0.5991744687589362 0.5991941627095871 0.5992203466771479 0.5992234098646889 0.599250687862087 0.5993147120275737 0.5993594260725168 0.5993604436594808 0.5993634925349598 0.5994063211531007 0.5994305651712903 0.5994520966879148 0.5994976381487457 0.5995006868678656 0.5995189794892818 0.599567760006648 0.5995984390227839 0.599656343667657 0.5996744668685134 0.5997751779981203 0.5999031242995437 0.6000557444195996 0.6001348307681846 0.6001500746744944 0.6001578724273277 0.6002080011789703 0.6003043459857369 0.6003843582182319 0.6003939984671585 0.6004153174011656 0.6004937581036187 0.6005027852356901 0.6005525119866935 0.6005738533787843 0.6005922724292923 0.600594309332726 0.6006287312895968 0.600686657801345 0.6007172960986212 0.6007295478319085 0.6008055597769156 0.6008329986927778 0.6008807804741968 0.6009336080586029 0.6009671449676944 0.6010342174942324 0.6011012903560682 0.6011195829232716 0.6011215062390881 0.6011683638778399 0.601214094879503 0.601259826296613 0.6012905145503444 0.6013789745914585 0.6013909233436726 0.6013939721012349 0.6014052319911373 0.6014916362383578 0.6015550426880142 0.601784216799048 0.6017872713539072 0.6018057419591331 0.6018970189565741 0.6019122627243612 0.6019183603426375 0.6019184510345039 0.6019549454685612 0.6019640917962308 0.6021195791230529 0.6021960236746735 0.6022508872045782 0.6022628711090099 0.602285356289826 0.6022994563971317 0.6023301507985198 0.602479338021388 0.6024916912562038 0.6025433578891264 0.6026927475050732 0.6026988450915942 0.6027384794539341 0.6029887140445153 0.6030848520378379 0.6031409164243527 0.6031502064550641 0.6031776044757728 0.6032445745372245 0.6032598184663717 0.6033719525290959 0.603375671640621 0.6035311588269227 0.603695792281427 0.6037628655089801 0.6037689632430239 0.6038635992569037 0.603924450110273 0.6041167180198577 0.6042447777734066 0.6045130268312547 0.6047750563219593 0.6049204416663874 0.6050709870180047 0.6051317623419878 0.6051592013948724 0.6052232253896416 0.6053451764994306 0.6055890777689636 0.605732369688168 0.6058209789494483 0.6059396859453731 0.6060300607329617 0.6061012708694673 0.6062386452713026 0.6062811479957415 0.6064732205668675 0.6067017788561205 0.6067112025552781 0.606803906915303 0.6068117477557559 0.6068543167006945 0.6069213895165088 0.6070006573582111 0.6077722416142213 0.6079368093105822 0.6085709245661776 0.6086805067415434 0.6088552411382884 0.608903356211088 0.6090434858823988 0.6094823555589841 0.6097110128752941 0.6099122317286748 0.6100488733962389 0.6106012530650725 0.6116012490614027 0.6116289942221138 0.6120696563137872 0.6122966030862551 0.6126926211714497 0.6127285435175231 0.61304963074174 0.6141258400640711 0.614220141258856 0.6146073348917294 0.6146616999468295 0.6149338137383674 0.6160831998851963 0.6167113888900753 0.6198237784223862 0.6202449315189678 0.6203786539476667 0.6205432874697397 0.6207140185571172 0.6211076274960512 0.6216469417728536 0.6217698925154501 0.6232597405877701 0.6232627893099899 0.6235249833375575 0.623677421875284 0.6239060794375639 0.6239091280329547 0.6247444906865087 0.6250707087672494 0.6259182665470422 0.6261530218916823 0.626229239639145 0.6265828986478073 0.6270931580896846 0.6276625664934778 0.6281133798150152 0.6281712237758116 0.628467037393085 0.6286255730614485 0.6289334985780811 0.6290366213760595 0.6291485105292635 0.6297447294882859 0.6297688610791764 0.6297778889916699 0.6298425198131223 0.6298511779464522 0.629986029116119 0.6300889816998961 0.630098128280892 0.6301179475332481 0.6301253930964698 0.6301835194426328 0.6305371507160075 0.6306347125255339 0.6307078512715351 0.6307163986342335 0.6307505647070937 0.631247514385618 0.6318054385491524 0.6318643905881691 0.631979293085104 0.6321381233480173 0.6323515745882968 0.6325401919212996 0.6327688493713559 0.6328694590533127 0.6328725096725294 0.6329426289997829 0.632983719609341 0.6330556906962402 0.6330713590740593 0.6334975051617667 0.6336236455291182 0.6336956750853991 0.6348022562018463 0.6349106448304916 0.635114452067007 0.6351961925350251 0.6354431092927724 0.6355066438585987 0.635946069583853 0.6362247633626141 0.6368027851088962 0.637044804021333 0.6371626606902326 0.6371791988279979 0.6375253401438796 0.6376255377096309 0.637726612470985 0.6377387789553277 0.6378761062645332 0.6381285854087017 0.6381961370293052 0.6382383405118286 0.6383088768697504 0.6387509633187469 0.6388119599544574 0.6390436080313018 0.639119860634441 0.6391412584213393 0.6392540995619975 0.639634677077043 0.6396381658321328 0.6396808977483835 0.6397265911337688 0.6397357036808881 0.6398061600471942 0.6398790029606357 0.6400863118027009 0.6401168010763567 0.6403027866798238 0.6404644391237604 0.6405471642391177 0.6407296323067094 0.6407875510415695 0.6407937424284931 0.640851621581576 0.6409064706676999 0.6410497414213673 0.6411320533924407 0.6411567796099004 0.6412204570141177 0.6412204579961174 0.6414218028216795 0.6418516045443892 0.6418760366445188 0.6420223342651865 0.6422418828769325 0.6422723132629576 0.642278486540189 0.6422935511680097 0.6423202514682478 0.642571191071279 0.6427662004473521 0.642891241347866 0.6429338454711578 0.6430070928202314 0.6430314246957288 0.6431050091241426 0.6434615376663642 0.6435329758730587 0.6435804337923102 0.6437875819496973 0.6437876459103045 0.6438154077745071 0.6439125322454229 0.643946712960786 0.643979695530459 0.6440370981997094 0.6440467983914963 0.6443120007804851 0.6445406122010552 0.6446146692907101 0.644711378130637 0.6448852216482077 0.6449217327416364 0.6450741686102912 0.645110682230291 0.6451947133302239 0.6453823971269722 0.6454552340727415 0.6455924958074291 0.6459273402853588 0.6459399882553433 0.6468150435692802 0.6470161908576427 0.6470375473338664 0.6471176269751409 0.6473210559170901 0.647376513922446 0.6473882016104722 0.6479678579111906 0.6480316675785626 0.6481993520222128 0.6483876963773242 0.6485560705872163 0.6486512339421696 0.6491231748536129 0.6491323488368952 0.6491606391891442 0.649641666110559 0.6496811128554322 0.6500836022350305 0.6501537602983729 0.650211964165532 0.6502699044477878 0.650610958862175 0.6506414715780503 0.6508093141585618 0.6513084182311398 0.6514035890122055 0.6529254372342046 0.6529830845986636 0.6530706130440664 0.6538407369636657 0.6538671168907192 0.6539158442561127 0.6539638958430501 0.654845054712382 0.6556377272122645 0.6557810271867887 0.6559074219948259 0.6559944371884494 0.6562535913175408 0.6564852942503714 0.6565401577578043 0.6566773561094602 0.6567291943177317 0.6568267582488652 0.6568907809300629 0.6569304069428529 0.656954799117714 0.6570126643660599 0.6570371090863917 0.6570920046501233 0.6570920154912276 0.6572108921917293 0.6572383338417548 0.6572718728249612 0.6574121180406259 0.6574273799442809 0.6574761556378822 0.6574852864709805 0.6575371117787485 0.6575645603903394 0.6576102813088249 0.657710883788157 0.6577261574554718 0.6577413956076307 0.657744435154195 0.6577535707050959 0.6577657917284108 0.6579273686029911 0.657936505735482 0.6579974755209126 0.6581590998205512 0.6581865044438784 0.6582291817810237 0.6582413753925905 0.6582840635532216 0.6582962641549889 0.6583480854029977 0.6583480874563593 0.6583663861277393 0.6584395499421118 0.6584578306095217 0.6585157955395433 0.6585188130769144 0.658555432456291 0.6585889406814569 0.6586041729307317 0.6586682130788671 0.6586986914057169 0.6587109080852257 0.6587169961393071 0.6587383306635142 0.6587383348045323 0.6587926579540017 0.6588297971143274 0.6588999166299252 0.6589334549088717 0.6589486876865911 0.6589517430004247 0.6589944276746035 0.6589974747588926 0.6591682082258845 0.6591864980157621 0.659207832023186 0.659210885582217 0.6592175018575273 0.6592261430791112 0.6592383253312616 0.6592444371034144 0.6592901522464818 0.6592932295269557 0.6593358994216046 0.6593419933726422 0.6594120993220546 0.6594151488588575 0.6594309926159244 0.6594791978913322 0.6595552852231669 0.6595797924634668 0.659588941444235 0.6596651513646616 0.6596682108455368 0.6596803464494024 0.6596895482899922 0.6597230796824953 0.6597246703712587 0.6597352941344459 0.6597596792690179 0.6598150561236114 0.6598785670729725 0.659915185516816 0.6599182001660228 0.6599273436718935 0.6599486915682874 0.6599547961915149 0.6599761293909742 0.659982227932209 0.6600554029865041 0.6600645505124892 0.6601163776831769 0.660119423204257 0.6601712477751038 0.6601864994184501 0.6601956477790074 0.6602200289479654 0.6602352787052637 0.6602840991948823 0.6603175974280412 0.6603816334500666 0.6603846754127731 0.6603968570825517 0.6604578623349388 0.6604883276583234 0.6604974741878179 0.6605706383798396 0.6605828349716213 0.6606560042357511 0.6606743320176265 0.6606804198594938 0.6607261188314443 0.6607719105090278 0.6608267304100429 0.6608511331120013 0.6608602760361868 0.6609700331589021 0.6609974758344755 0.6610035645213544 0.6610127111569352 0.6610645292664475 0.6610919719680939 0.6611407782139391 0.6611438026452601 0.6612078318833757 0.6612627110186854 0.6613785628147744 0.6614151518554242 0.6614364946819454 0.6614517520249776 0.6614700292853667 0.6614700403895712 0.6614853056411978 0.6614913709812785 0.6614914117698474 0.6615127106936207 0.6615676141949607 0.6615919914858512 0.6616133245878164 0.6616224724776744 0.6617505831754028 0.6618328471235736 0.6618572076644031 0.6619060059925134 0.6619090478333018 0.6619694625841703 0.6619719921480731 0.6620188118849044 0.6620584613858659 0.6620858801592204 0.6621194045423334 0.6621773594500971 0.6622038009735199 0.6622727217661382 0.6622810150625883 0.6623023482848008 0.662311491505304 0.6624060425259671 0.6624401037911621 0.6624896343575698 0.6625462664226014 0.6625980913220372 0.6626224725685989 0.6626620985636016 0.6626974841434395 0.6627148017234484 0.6627413806301858 0.6627597865763676 0.662781034159141 0.6628328352981697 0.663021866280989 0.6630686769971615 0.6630985813668387 0.6631525111983205 0.6631681915744865 0.6632200395549398 0.6632505216743189 0.6632893037696769 0.6633124992419583 0.6633534529154825 0.6633999256262367 0.6634121051124398 0.6634181888576343 0.6635279553025522 0.6635645408534728 0.663601153561943 0.6636194190440547 0.6639365165825876 0.6640614999876364 0.6641712302131989 0.6643215267452525 0.664375197605834 0.6643968652675265 0.6646756504309477 0.6648511219034983 0.6660808101803982 0.6664509071956943 0.6665279587470706 0.666539215086316 0.6671134182234568 0.6680065187804449 0.6687139716287042 0.6689334732377372 0.6691568685696524 0.669271882825023 0.6694151908057105 0.6694395636450513 0.6696347080205824 0.6696682305099436 0.6697322596046331 0.669771878228133 0.6698967543181703 0.6699608979730899 0.6700371441135176 0.6700889603302927 0.6701498020210007 0.6701834687835779 0.6702290697504345 0.6702353014606763 0.6702627638608767 0.6702749359642998 0.6702749419798639 0.6703206583092619 0.6703572584845263 0.6704243431155027 0.6704700627608474 0.6704913999336514 0.670655897868117 0.6706773978136573 0.670726149772693 0.67074747824312 0.6708176364648135 0.6708267423900783 0.6708449287859355 0.6709121134895663 0.6709395720629102 0.6709456708476592 0.670951746440747 0.6709517647313168 0.6709578616629137 0.6710401983292421 0.6711163818277661 0.671116390496516 0.6711651596324268 0.6711987139556206 0.6712109064072174 0.671250565272984 0.6712566279582302 0.6712718613111752 0.6713206486245957 0.6713237043597299 0.6713785604218633 0.6714090829321703 0.671415156521808 0.6714792263271326 0.6715005216609172 0.6715035778464907 0.6715279888882306 0.6715371499348612 0.6715614977342667 0.6716102995849526 0.6716163903373558 0.6716194212402945 0.671716877201905 0.6717932261035733 0.6718450702826992 0.671878568583293 0.6718877361043966 0.6719182407368801 0.6719304132093838 0.6719791894808259 0.6720035873880964 0.672055489664773 0.6720766339819666 0.6720859331049354 0.6720949189641066 0.6721072335929218 0.6721529814214197 0.6721743106130201 0.672195656914188 0.6722261407566095 0.6722352793326242 0.6722596824598303 0.6722901692078738 0.6722993270232841 0.6723176009652968 0.6723177060192328 0.672348098989602 0.6723602953955595 0.6724121173037005 0.672427375177331 0.6724549092913173 0.6724700941702223 0.6724822705690124 0.672503591206463 0.6725036308845173 0.6725127407029476 0.6725432157566579 0.6725493057115152 0.6725584567352393 0.672558458340616 0.6725920077675193 0.6725950578371203 0.6725983466095893 0.6726072438265998 0.6726072509512168 0.6726163944891381 0.6726346694483457 0.6727505507250777 0.6728022406420914 0.6728176070041199 0.6728207202445382 0.6728298387560335 0.6728389765359261 0.6728603034330083 0.6728877198980309 0.6729212831358132 0.6729913682558958 0.673055415448408 0.6731133439766197 0.6731316731109381 0.6731591494225635 0.6732200507051829 0.6732231014508907 0.6733023886211743 0.6733176083154262 0.6733389199251878 0.6733423912281231 0.6733456641114709 0.6733481064572442 0.6733481363874946 0.6733717264941365 0.6733847099757089 0.6734793313612296 0.6735189736754856 0.673531022418164 0.6735645862663986 0.6735737002602619 0.6736046161496407 0.6736529872379997 0.6736651779965425 0.6736712681330351 0.6736926080717072 0.673710909730424 0.673723137854034 0.6737658998751228 0.6737901715616783 0.6737932066653425 0.6738694519153272 0.6739029697224964 0.6739273902703498 0.6739579209852806 0.6739608965195323 0.6739852987104937 0.6739883556621357 0.6739974805801787 0.6740005419269534 0.6740707837737985 0.6741592037076711 0.674174386951568 0.6742077235702413 0.6742291760821866 0.6742353816586533 0.6742628078260194 0.6742719154777134 0.6743054793750628 0.6743420652434408 0.6743540644532321 0.6743805472377634 0.6743816412723331 0.6743817828047314 0.6743847165483661 0.6744092258637788 0.674418214660523 0.6744365251498913 0.674451768877261 0.67447011688166 0.6744732859174901 0.6744762544204695 0.674479181632172 0.6744887161964213 0.6745005913327431 0.6745493059009933 0.6747353637199645 0.6747811234716921 0.6747841540113114 0.6748697918728284 0.6749029606347939 0.6749213722344859 0.6749884109813912 0.6751044436159712 0.6751560061395283 0.6751896500571101 0.6752200935563437 0.6752932053126148 0.6753088083342516 0.6753725268327455 0.6754121460721858 0.6754656027971301 0.67547343418692 0.6755279646143247 0.6756075472736719 0.6756529927574141 0.6757232513711949 0.6758262028736619 0.6758298163294995 0.675863205605821 0.6759762381013255 0.6760554926474338 0.6760979610827086 0.6761102798735404 0.6762749947585605 0.6762812831580264 0.6763603261078079 0.6764762206644719 0.6764851563432104 0.676562050063331 0.6765769354521723 0.6765878517681454 0.6767292522254432 0.6769035130263724 0.6769633272964108 0.6770341603606156 0.6775688106612451 0.6776338923522509 0.6776366764417595 0.6776386749768963 0.6777061513787339 0.6778384923377982 0.6779396295331596 0.6781540543779627 0.6783165679987724 0.678361610266953 0.6788411902847594 0.6788759579285097 0.6790046583328766 0.6790511072390297 0.67919947014542 0.6792135682979591 0.6792371657871784 0.6793805850116382 0.6795439736136166 0.6796318061658414 0.6796369764940403 0.6796788576384452 0.6797077071327416 0.6797395003960517 0.6804653258548311 0.6811894032036384 0.6812843136152174 0.6812912324604026 0.6813028206083852 0.6817040513346448 0.6817583028391224 0.6824708536600533 0.682554496801068 0.6827271442578975 0.6828183611800751 0.6829427526663383 0.683292453043029 0.6833168990086637 0.6833378276655923 0.6833685737256117 0.6835692817387612 0.6836162002120463 0.6836495457192169 0.6836956270249748 0.6837271866724934 0.68382559578213 0.6838551939273921 0.6839845222206903 0.684096111451384 0.6841083509704803 0.6841227943421507 0.684150643417632 0.684294290474793 0.6842992101098127 0.6843059005113074 0.6844258163022618 0.6845109615196876 0.684511868196869 0.684647315433982 0.6847431676782415 0.684747172755894 0.6848592259385892 0.6849452462403851 0.6849775857130672 0.6849830823087936 0.6850323221146618 0.6852070174028608 0.6852447495068328 0.685361349568563 0.6853922680169203 0.6854623895771141 0.6854683549812876 0.6855421398531731 0.6855673956718661 0.6857401918187309 0.6860142566246866 0.686050468715875 0.686214708421786 0.6862251287934892 0.6862416599127059 0.6862426893021045 0.6862910261292361 0.6864256423633831 0.6865429363836806 0.6865914813137195 0.6866149426432802 0.6866377247144462 0.6866736013332139 0.6867636712416588 0.6867949692031335 0.6868834863094085 0.6869123388106825 0.6870509851274448 0.6870588835406861 0.6870923335346297 0.6870987921832591 0.6871673095079873 0.6872023428885291 0.6872410089056863 0.6872793361993556 0.6873623212853894 0.687363165044674 0.6873833352477238 0.6875224988786286 0.6875275065775805 0.6875515975160728 0.6876260070670276 0.687632508338236 0.6877748551749896 0.6878093830289429 0.6878141870479341 0.6878422085945732 0.6878825168550645 0.687944628906413 0.6879565270551736 0.6879576280545237 0.6880784712636085 0.6880897850256656 0.6881025909789138 0.6881193492651007 0.6881634936512698 0.6881712554708013 0.6881756599850315 0.6882158349877286 0.688224874205897 0.6883334070128206 0.68834873303398 0.6883922390377595 0.6885190649678401 0.6885321518787973 0.6885590508752635 0.6885895608453974 0.6885988218668437 0.6886047014729476 0.6887306209559564 0.6887992664547516 0.6888277398685085 0.6889193410430587 0.6889433985485618 0.688948699924888 0.6891142430462919 0.6891315525773776 0.6893026205468652 0.6894432974902844 0.6896475650046735 0.6896554639232264 0.6896998889627717 0.6897406196578012 0.6897935754447049 0.6898884398824485 0.6899587847220527 0.68996941029337 0.6900962387086155 0.6901299101869506 0.6902263977198673 0.690241696366931 0.6902542164850387 0.6904609248583848 0.6907792042288354 0.6908108842566361 0.6908339916333929 0.690959753722834 0.6911632492849413 0.6911899789202337 0.6912167746400492 0.6914714930415671 0.6915157411611894 0.6915227139173797 0.6916209253888328 0.6917070101506811 0.6919211281690332 0.6919327333448153 0.6920075692377828 0.6920443323903109 0.6920728682934083 0.6921962914278226 0.6922258620216816 0.6922868142477797 0.6923068876878523 0.6923239518964949 0.6923266267705209 0.692388055790617 0.6925304265706413 0.6925627037914575 0.6926297875346982 0.6926912731451985 0.692988104627135 0.6930289049145109 0.6930933356509722 0.6932397175487465 0.6932672528751079 0.6932918836157116 0.6933306956516395 0.6933658334245221 0.6935310321582563 0.6936571442225602 0.6936588128840039 0.6937697281859109 0.693929583922537 0.6939746389662166 0.694050213093071 0.6940521719056765 0.6940792591699847 0.6941427875107479 0.6941590925422864 0.6941820706417908 0.6943430291384123 0.6946450421192907 0.6948076602619365 0.6951954574234932 0.6952345817682278 0.6952362358778128 0.6954516192213599 0.6955348246620074 0.6956850218537881 0.6958878524597943 0.695978104050277 0.6960867139312773 0.6963500815727002 0.6964392795885306 0.6967170444681863 0.6973504759413999 0.6976970020220236 0.6987032582945785 0.6990714158526199 0.6994406550086988 0.6998377455372718 0.700056821664198 0.7002272046096267 0.7002278606472724 0.7002804387458952 0.7003325097044926 0.700357062295036 0.7003671561907936 0.7004236242479567 0.7004347027680122 0.7005145935727672 0.7005353245090844 0.7006438749564665 0.7007284950099931 0.7008272548777326 0.700830179945223 0.7009195250892022 0.7009976103832305 0.7010674351035178 0.7011592165244893 0.7012180926023718 0.7016754641418294 0.7022254418164803 0.7029189973871838 0.7030351285895617 0.7030837609202721 0.7032409935481674 0.7033212963148182 0.7033588715447833 0.703359652454555 0.703437046151702 0.703509119736646 0.7035693702626838 0.7035702507489932 0.7035898926612273 0.7036098601220292 0.7036652131328484 0.7037272063653651 0.7037324354572536 0.703804396986753 0.7038260332771268 0.7038566427887306 0.7038746262854723 0.7038848988090455 0.70393586510902 0.7039737565110568 0.7039773131431106 0.7040035007394039 0.7040192507280035 0.7040328030747112 0.7040437857481645 0.7040672042943154 0.7040715717920225 0.7040945056701973 0.7041594444016386 0.704193319393462 0.7041949043469724 0.7042569240142246 0.7042739724004939 0.7042752236157719 0.7042790689299302 0.7043172618449972 0.7043216372389995 0.7043542063232939 0.704395278372619 0.7044007180438169 0.7044155094068447 0.7044227745644676 0.7044584564275042 0.7044623527358692 0.704467667327976 0.7044769856880111 0.7044781917023965 0.7044899457355823 0.7044998307474488 0.7045065526949347 0.704523403430159 0.7045324873283609 0.7045392921436674 0.7045733232137713 0.7045793202599063 0.7045800376212379 0.7045856411034186 0.704602186540742 0.7046027280500008 0.7046348587794441 0.7046360785054212 0.7046384807282509 0.7046440146486393 0.7046563502425713 0.7046580059289539 0.7046589983266597 0.7046735598774114 0.7047167495460541 0.7047201282434666 0.7047308757867663 0.7047327114056562 0.7047886780651131 0.7051895328975302 0.7060430243577186 0.7062140743545888 0.706245340156609 0.7062509698317003 0.7062723564287958 0.706308305023025 0.7063096578100747 0.7063485901214357 0.706596036215982 0.7066960533861579 0.7067457222845376 0.7067592825877268 0.7068256674567636 0.7068835018142785 0.7069137906179412 0.7069487589860405 0.7069847603469366 0.7069853411688429 0.7070185189967336 0.7070380507500633 0.7070408288533149 0.7070709034741388 0.7070983863705484 0.7071968281610364 0.7072615800441677 0.7072624658383468 0.7072907143348929 0.7073037774517829 0.7078617234607043 0.7078677837071164 0.7080015896903643 0.7080705510221352 0.7082631880880796 0.708290121743974 0.7083394660356254 0.708382632758478 0.708390704306779 0.7084445518296775 0.7084540547079702 0.7084780817324431 0.7084999624136087 0.7085641999586145 0.7087626489751467 0.7087667773373529 0.7088138069719278 0.7088237680511262 0.7088372565712812 0.7088471134066674 0.7089416597812759 0.7089513686953273 0.7090829383976707 0.7091278299577205 0.7091343641654456 0.7091698671797736 0.7092068312308544 0.7092961878743518 0.7092973775029939 0.709311734747511 0.709324095643879 0.7093275178583172 0.7093444290081026 0.7093641885481847 0.7094116429478766 0.7094605070727553 0.7094636159215193 0.7095028260843497 0.7095091257497942 0.709512213750566 0.7096581518223806 0.7096703654873866 0.7097734945228129 0.709887342370101 0.7099557221704077 0.712486497288813 0.7125871979040462 0.7128362305839685 0.7128610825899374 0.7129053801631386 0.713117066686633 0.713295621814966 0.7134613592162559 0.7134991572131955 0.7135831916403464 0.7137044974069704 0.7137076561064565 0.7137992017392638 0.7138796978381615 0.7138960096663389 0.7139532651802115 0.713959810015974 0.7142835899279855 0.7144856464608436 0.7157888688897879 0.716210058549951 0.717328249501678 0.7176527489539235 0.7183671889436665 0.7208954116545154 0.7210207379279971 0.7211226108310812 0.7215347910163654 0.721710017908056 0.721997814347888 0.7222443545210557 0.7227249500484889 0.7240451468573239 0.7247531223392701 0.7248575744899696 0.725051919437364 0.7250909653649962 0.7262135003921211 0.7262675846633619 0.7264691601771868 0.7268890244541216 0.7272314527236144 0.7286009358928174 0.7286596274127456 0.7292443279315121 0.7301718630538296 0.7303049562866621 0.7305239263297789 0.7309138645650346 0.7309916485812464 0.731087740632661 0.7317052144283693 0.7318876648111946 0.7325642886917342 0.7334551065523249 0.7341290293649687 0.7343241925780057 0.7344499225165831 0.7352057898610176 0.7359994118499303 0.736493974513946 0.7383719614400496 0.7387273587503593 0.7400054439733118 0.7401084892183755 0.7404355858680608 0.7405092279433614 0.7414966988175635 0.742089041707722 0.7424585582927967 0.7424690806704428 0.7431276198058612 0.7440017063619266 0.7443423836198567 0.7444203732816128 0.744874966549872 0.7451583690858178 0.7455203486496205 0.7475905118778651 0.7487695590960388 0.7491159654999905 0.7538363771753872 0.7545059073747129 0.7570377651895785 0.7587735629447668 0.7588331256049439 0.7590200213716845 0.7596974688367978 0.7625091122420828 0.7628532652651165 0.7638028755052135 0.7638659617787438 0.7638935787127035 0.7661987801704218 0.7680843422271558 0.7691376221733622 0.7696080866246051 0.7701398883555421 0.7707090215812652 0.7715556460932419 0.7725564269115127 0.7725965093584302 0.7727544799284032 0.7730761685653901 0.7745757785523686 0.7757707405463472 0.7760957487929433 0.7761127691891822 0.7761561000993967 0.777612241384904 0.7819785309760626 0.7821697412506293 0.7823674385308629 0.7834507491874525 0.7844608635246408 0.7847920995707509 0.7857662668962715 0.789401817772758 0.7896241749070974 0.7900068462326928 0.7914997690599704 0.7915062946273039 0.7919952550731558 0.792621207277352 0.7960606857599681 0.7969389905305015 0.8005353188161379 0.8011516404546212 0.8029972649686273 0.8061406151652892 0.8075878104157191 0.808292567141906 0.8082946311058931 0.8092247915892551 0.8115728597081188 0.8120720841990844 0.8124058587887336 0.8141741784452505 0.8150763692730348 0.8160309714242772 0.8167967660212309 0.8178466585365485 0.8181546763498257 0.8194579871970197 0.8199657596528787 0.8207107490546 0.8210812184590349 0.8213700724494573 0.822011065387591 0.8220998559920306 0.8221094476331503 0.8223280228572901 0.8225098702332257 0.8235978110860772 0.82431221026182 0.8250884981933194 0.825481321861729 0.8259655582712282 0.8263639635295997 0.8265555410204725 0.8287740751917768 0.8289296995478721 0.8328637725218488 0.8329297913693472 0.8368096137085099 0.8369584704904082 0.8394151952697975 0.8410499862587829 0.8452575897276104 0.8459906766392858 0.846948316871853 0.8479309104703305 0.8498480231046535 0.8507051328478712 0.8509190000754988 0.8522176063757378 0.856549089128991 0.8565887496176307 0.8587149511379962 0.8595151693890495 0.8602752907626998 0.8607144768545208 0.8615168267641565 0.8618796061530273 0.8619030243737432 0.8620466464776766 0.863633701603034 0.8641604191411056 0.8656135180713211 0.8664970266216269 0.868461715113774 0.8688234563261097 0.8688418246428352 0.869352939340259 0.8699489673170492 0.8706836397055028 0.8707598781074489 0.871050621894252 0.8718427231622848 0.8720326506822182 0.8731063991359416 0.8736408085423952 0.8739421422761461 0.8740844389938593 0.874104883948331 0.8742016547080929 0.8747343543040242 0.8752862506612809 0.875692112789782 0.8758709432963792 0.876429849577986 0.8766208408051206 0.8769868953785049 0.8773249482835175 0.8775220231716417 0.8788133455047082 0.8792927212314393 0.881130145996178 0.8812983333055007 0.8817971925564674 0.8826789201888527 0.8831153351644145 0.8834617738789988 0.8841539065335949 0.8852739138856532 0.886407689600771 0.8875223804968894 0.8876783115394471 0.8883382928735851 0.8883877306388251 0.888643485980263 0.8892016924931743 0.8895699938579272 0.8903706852554636 0.8906545525936373 0.8910678243869226 0.8915353106227564 0.8918117882459534 0.8921839438254703 0.8924506084126372 0.8926750388626024 0.894156294707405 0.8944611902675507 0.8950648281868062 0.8956127777446982 0.8961090858868843 0.8970116728042374 0.897174343935941 0.8976151252084105 0.8988809289880837 0.8990025335539659 0.8999621265824074 0.9010254020413783 0.9015560926297352 0.9021028314149422 0.9022406545706357 0.903631973992813 0.9052168714373726 0.9062789139491267 0.9064573270311829 0.9065349136786505 0.9072906050188462 0.9077961531073226 0.9082520868672721 0.9084187645143164 0.908608243017437 0.908906235203704 0.9101648105595908 0.9113424578923079 0.9117368914206734 0.9123326615223261 0.9129448662638304 0.9139679871551253 0.9145194375212555 0.9147197887110718 0.9152104303848982 0.9156280298409933 0.9161800408465895 0.9168005734844292 0.9179478779089407 0.9200178706707883 0.9212176994831295 0.9222482182924725 0.9223336638188513 0.9229720825622242 0.9248384195743589 0.9249360573512431 0.9255800118533227 0.9271219338689908 0.9284654494155159 0.9316875831600615 0.9332136230923137 0.9332368177456671 0.9335395912808051 0.9350329846470674 0.9354049317820624 0.9357785181248713 0.9370878601630525 0.9389908975317991 0.9392971476380777 0.9403537470423257 0.9404856578029093 0.9405577748909543 0.9407380507736293 0.9410774737780546 0.9418578838267072 0.943253667158897 0.9438775322963537 0.94415310986908 0.9441609675637459 0.9443525412819189 0.9448535761590231 0.9451010798807233 0.9458673636047453 0.9472243928796328 0.9495965624411685 0.9496827034175271 0.9522514552695514 0.9543562405263586 0.9552601836336185 0.9558940545121954 0.9591703929305185 0.9601940412238129 0.9614642973761176 0.9617217094244442 0.9619852057232643 0.9627855265006062 0.9628543718684095 0.9628946299041824 0.9637519557809223 0.9653893332377536 0.9668896806104962 0.9704776912729338 0.9729353481409486 0.9742611300089711 0.9785704337693736 0.9814870704665962 0.9841207283086146 0.9932712843516792 0.9959543929049398

rand_p90 0.16176686799327553 0.16176686799327553 0.16176686799327553 0.16176686799327553 0.16176686799327553 0.16176686799327553 0.16176686799327553 0.16176686799327553 0.16176686799327553 0.16176686799327553 0.16176686799327553 0.16176686799327553 0.16176686799327553 0.16176686799327553 0.16176686799327553 0.16176686799327553 0.16176686799327553 0.16176686799327553 0.16176686799327553 0.16176686799327553

bonr_15 0.23183783604441746 0.0592724421275854 0.5163879871546156 0.3018530051102715 0.2169604200485268 0.2957521391433775 0.3628299450136156 0.3353870507788586 0.2349159513921678 0.532704628306277 0.09768510059281253 0.5837325489137388 0.20443020912848006 0.30185300249396035 0.0678341064682645 0.06797794324664437 0.20749130560716209 0.5925693651239414 0.11189910021478881 0.08840652721336825

bonr_sqrt 0.18312244225374247 0.0592724421275854 0.5163879871546156 0.3018530051102715 0.09374787949029458 0.20445554607263655 0.3628299450136156 0.2957523067746229 0.03896106314564217 0.47244365869365046 0.09768510059281253 0.5837325489137388 0.024669569543254877 0.04279705780732226 0.0678341064682645 0.0704586979131868 0.1770041137296246 0.5839565130365227 0.04318839450376113 0.035333386743719435

rand_15 0.6281133798150152 0.6281133798150152 0.6281133798150152 0.6281133798150152 0.6281133798150152 0.6281133798150152 0.6281133798150152 0.6281133798150152 0.6281133798150152 0.6281133798150152 0.6281133798150152 0.6281133798150152 0.6281133798150152 0.6281133798150152 0.6281133798150152 0.6281133798150152 0.6281133798150152 0.6281133798150152 0.6281133798150152 0.6281133798150152

