progressive_9 0.3480954441427384 0.19015679973113891 0.3658378800760775 0.21473610321144582 0.37155122444369204 0.17673117959809703 0.19419616583167307 0.3494211984998572 0.40295354913193154 0.4290502927907061 0.4923828032087173 0.045391594469888455 0.3166221854612198 0.3964453699579739 0.328431241743839 0.41749616276095136 0.30176150133437407 0.509814052546319 0.25865462120405724 0.5230353672078322

b2_9 0.5211200916537795 0.3488909393378425 0.04798764983953468 0.33334769504635064 0.24944948740190667 0.24944948740190667 0.1859741783431746 0.0783012410598089 0.45958448322835876 0.07819366690782878 0.37953024700236493 0.34544310175078274 0.5327850923744899 0.24294887720830635 0.38878840441395873 0.3229458708228969 0.26604213993216064 0.33160084938997997 0.33334769504635064 0.438933825630199

b2_15 0.355233648948869 0.11055577342590048 0.04798764983953468 0.17064696433132104 0.2889131634748163 0.24944948740190667 0.16297118809804062 0.0783012410598089 0.45958448322835876 0.07819366690782878 0.37953024700236493 0.34544310175078274 0.4129058747218926 0.24294887720830635 0.38878840441395873 0.3229458708228969 0.26604213993216064 0.33160084938997997 0.2937848622749161 0.4500602877189486

b2_sqrt 0.11578748868835224 0.04293245070951125 0.04798764983953468 0.148072835038512 0.05068779509495541 0.24944948740190667 0.11534502344039939 0.014438899616235857 0.27148666950503725 0.04688486428661845 0.37953024700236493 0.3145700389807716 0.12450424886675679 0.24294887720830635 0.38878840441395873 0.3229458708228969 0.148072835038512 0.058160606054617 0.1388249109384741 0.2096428411060586

SimAnnealing_15 0.09866428521300845 0.1263093132407033 0.27930778681833035 0.03379310719623064 0.23192724111262028 0.13833107789312118 0.11533661391005343 0.4084289593112507 0.493729009775804 0.08573392178381374 0.37953024700236493 0.30887134461548177 0.1728755019296329 0.3455440966184891 0.43861762593810183 0.3409566854417359 0.26604213993216064 0.03381580082099277 0.2578878386002538 0.21254008091125542

ExpProgressive_sqrt 0.09899690353976427 0.13833107789312118 0.2662219063686362 0.11219084358715593 0.32153785470076945 0.17673117959809703 0.19419616583167307 0.3280248321389187 0.40295354913193154 0.4290502927907061 0.33334769504635064 0.039431890220082665 0.3166221854612198 0.3422611715200789 0.328431241743839 0.3229458708228969 0.15519314790006045 0.509814052546319 0.24294887720830635 0.29876345417943156

bonr_9 0.24091921910689668 0.1263093132407033 0.27930778681833035 0.33334769504635064 0.38277039902214843 0.24944948740190667 0.11533661391005343 0.21573970594723216 0.493729009775804 0.07819366690782878 0.37953024700236493 0.34544310175078274 0.5327850923744899 0.4657851609676123 0.43861762593810183 0.3409566854417359 0.26604213993216064 0.33160084938997997 0.36278052091890706 0.3448710986527948

ExpProgressive_15 0.3464433479377158 0.1665889599138567 0.3612094392144096 0.11219084358715593 0.37155122444369204 0.17673117959809703 0.19419616583167307 0.34393445333043093 0.40295354913193154 0.3171729109146779 0.4923828032087173 0.2760259214876383 0.5022141418182393 0.3964453699579739 0.328431241743839 0.3488909393378425 0.30176150133437407 0.509814052546319 0.3973542852545157 0.3552835753619119

SimAnnealing_sqrt 0.09866428521300845 0.1263093132407033 0.12450424886675679 0.03379310719623064 0.03379310719623064 0.06645328016108559 0.04798764983953468 0.18868951557133665 0.4877119036154793 0.08573392178381374 0.37953024700236493 0.10668740195389875 0.06645328016108559 0.24294887720830635 0.43861762593810183 0.3409566854417359 0.26604213993216064 0.03381580082099277 0.2578878386002538 0.04798764983953468

ExpProgressive_9 0.3480954441427384 0.19015679973113891 0.3612094392144096 0.21473610321144582 0.37155122444369204 0.17673117959809703 0.19419616583167307 0.3494211984998572 0.40295354913193154 0.4290502927907061 0.4923828032087173 0.2760259214876383 0.5049801264520137 0.3964453699579739 0.328431241743839 0.41749616276095136 0.30176150133437407 0.509814052546319 0.3973542852545157 0.5230353672078322

rand_9 0.6608801134227074 0.6608801134227074 0.6608801134227074 0.6608801134227074 0.6608801134227074 0.6608801134227074 0.6608801134227074 0.6608801134227074 0.6608801134227074 0.6608801134227074 0.6608801134227074 0.6608801134227074 0.6608801134227074 0.6608801134227074 0.6608801134227074 0.6608801134227074 0.6608801134227074 0.6608801134227074 0.6608801134227074 0.6608801134227074

progressive_sqrt 0.09899690353976427 0.11534502344039939 0.24228644085157597 0.11219084358715593 0.32153785470076945 0.17673117959809703 0.19419616583167307 0.34393445333043093 0.40295354913193154 0.4290502927907061 0.33334769504635064 0.039431890220082665 0.3166221854612198 0.3422611715200789 0.328431241743839 0.3229458708228969 0.27950681670316 0.509814052546319 0.24294887720830635 0.36794877321629577

progressive_15 0.3464433479377158 0.19015679973113891 0.3658378800760775 0.11219084358715593 0.37155122444369204 0.17673117959809703 0.19419616583167307 0.34393445333043093 0.40295354913193154 0.3171729109146779 0.4923828032087173 0.045391594469888455 0.3166221854612198 0.3964453699579739 0.328431241743839 0.3229458708228969 0.30176150133437407 0.509814052546319 0.25865462120405724 0.5230353672078322

SimAnnealing_9 0.30077568357237044 0.1263093132407033 0.27930778681833035 0.16297118809804062 0.38277039902214843 0.24944948740190667 0.11533661391005343 0.4084289593112507 0.493729009775804 0.07819366690782878 0.37953024700236493 0.30887134461548177 0.43763734524396075 0.3488909393378425 0.43861762593810183 0.3409566854417359 0.26604213993216064 0.33160084938997997 0.36278052091890706 0.2096428411060586

rand_sqrt 0.6459556519417966 0.6459556519417966 0.6459556519417966 0.6459556519417966 0.6459556519417966 0.6459556519417966 0.6459556519417966 0.6459556519417966 0.6459556519417966 0.6459556519417966 0.6459556519417966 0.6459556519417966 0.6459556519417966 0.6459556519417966 0.6459556519417966 0.6459556519417966 0.6459556519417966 0.6459556519417966 0.6459556519417966 0.6459556519417966

base 0.014438899616235857 0.024258180311464466 0.03379310719623064 0.03381580082099277 0.039431890220082665 0.04293245070951125 0.045391594469888455 0.04688486428661845 0.047567793719075 0.04798764983953468 0.05068779509495541 0.05273968332553104 0.058160606054617 0.06645328016108559 0.06720881922792789 0.06788575723081043 0.06848140042311802 0.07132341056146492 0.07519474211031928 0.07616081608136224 0.07741007137420985 0.07819366690782878 0.0783012410598089 0.07923297516202127 0.07956825777918752 0.08065742217360193 0.08573392178381374 0.08992662737432768 0.09024338430837578 0.09842746635671179 0.09866428521300845 0.09899690353976427 0.10336353838377169 0.10388153304802815 0.10508697631614104 0.10604329837186682 0.10668740195389875 0.10771358681235899 0.10963370546692323 0.11008697440845198 0.11055577342590048 0.11102341744330399 0.11151886881622594 0.11219084358715593 0.11295521146998548 0.11533661391005343 0.11534502344039939 0.11578748868835224 0.11905996976463867 0.12353023455937782 0.1237003053247603 0.12450424886675679 0.1263093132407033 0.12885668958216032 0.13139697162028086 0.13151168712592504 0.1320412182404499 0.13235095651854495 0.13708125946796365 0.13828792053935524 0.13833107789312118 0.1388249109384741 0.14022536459241228 0.1407443005216685 0.1408441801829237 0.14139156749820217 0.14184243106650962 0.14241755403707912 0.14349396721820326 0.14396056381159228 0.14441389663075507 0.14646018572260852 0.14800379057480975 0.148072835038512 0.14832937189899756 0.150785164541139 0.15197460523945644 0.15369790337156286 0.15389476539033153 0.1544429313046218 0.15485295879993385 0.15519314790006045 0.15718711245657316 0.15795144563906038 0.158330298311479 0.16084109396265242 0.16246401076684985 0.16267052656064068 0.16297118809804062 0.1635025492452511 0.16548161621749216 0.1665889599138567 0.16731567291187457 0.16865390012142187 0.1686915867338322 0.17064696433132104 0.17096233115957457 0.1726687209378424 0.1728755019296329 0.1729898981868796 0.1735121163465033 0.17510301736572031 0.17525477191852404 0.1757194908965595 0.17673117959809703 0.17702562798892207 0.18032232111029106 0.18123612119598645 0.18159286477014797 0.1820399361075415 0.1859741783431746 0.18690639811017876 0.1872489629736164 0.18738610621934546 0.18859649352321695 0.18868951557133665 0.18922390986043544 0.189786277930553 0.19015679973113891 0.19079384767112945 0.19284548884845593 0.19419616583167307 0.1946387415828837 0.19577805129489914 0.19949840087291518 0.20289012666557057 0.20466694460230128 0.2049984341349095 0.2057968868337533 0.20596711361628628 0.20668351818291328 0.2071391317653278 0.20778886493977905 0.20860172163316087 0.2096428411060586 0.21035357294922985 0.2107432814366981 0.21136871338099836 0.21254008091125542 0.2128069723258669 0.2131249903435099 0.21418765816266266 0.2144410266334768 0.21473610321144582 0.21573970594723216 0.21684972831799118 0.22010827689411083 0.22027269357720358 0.22331390275738944 0.22411895267535664 0.22547425805367127 0.2276726782525971 0.2277275262905028 0.22886607139088436 0.2303439265403658 0.23048101449976158 0.23057582703553797 0.23069875826780525 0.23146827296538142 0.23192724111262028 0.2320817834901343 0.23308193465238863 0.23355900403480978 0.23560227392729194 0.23609388772250642 0.23649740190128632 0.23684721761029107 0.23814763761272167 0.2381959259116543 0.2385894027714974 0.24036008225772287 0.24091921910689668 0.2410926352648904 0.24124789215869413 0.24228644085157597 0.24294887720830635 0.2432999277762174 0.24492902023355073 0.2456703016153756 0.2464143294998651 0.24944948740190667 0.24968894020763435 0.252430782940507 0.2540655154302588 0.25563595494569147 0.25645046701694335 0.25666764832664585 0.25676715813939355 0.2571269823697149 0.2578878386002538 0.25865462120405724 0.2593179066621604 0.2609427486345634 0.26121817683400606 0.26150229807626546 0.26180614388151996 0.2637447930249934 0.2657914879040835 0.26604213993216064 0.2662219063686362 0.2668337998120997 0.2678535154913291 0.26807863434988743 0.26868538467887443 0.2687307805592401 0.2687715149554494 0.2695706874756864 0.27005631855918244 0.27148666950503725 0.2717926951617107 0.2719169351028349 0.2721861883197695 0.2724626213534295 0.27290247886363256 0.2730753184747693 0.27341911116190143 0.2753714742457192 0.27548492586566314 0.27557387430060903 0.2760259214876383 0.27637568057059964 0.27697125246007576 0.2772043106017557 0.27831972207911726 0.27930778681833035 0.27950681670316 0.2799527333761632 0.28011928879625736 0.28030313855094124 0.2822860779776153 0.2838629600546267 0.2844847333597492 0.28621833254993656 0.2878375858720614 0.288354493701762 0.2883565967230248 0.2888761591245749 0.2889131634748163 0.2890595162291479 0.29016803955312037 0.29043379811791414 0.2906119917898535 0.29094961340423375 0.29175287147413315 0.29190257366933586 0.2937848622749161 0.29449210913655693 0.2953628820812568 0.29544555371687753 0.29573560082817435 0.2958844201736269 0.29695892303058186 0.29705190852341895 0.2983183621010595 0.29836203468099953 0.2986301561321027 0.29876345417943156 0.2990896487115419 0.29982284010374033 0.3006997877539502 0.30077568357237044 0.3008559748254757 0.3014085450073558 0.3014341910835185 0.30176150133437407 0.3017631771047564 0.3017809822024911 0.3020492954513319 0.3022523740027095 0.3024946044391456 0.3045972564284665 0.3054553542856979 0.30555848789001255 0.30630996636299646 0.3064119850187976 0.3074099778497793 0.308429090703715 0.30887134461548177 0.3093320514050216 0.30999317474618576 0.3110433510945519 0.31152784628112556 0.3129151388174421 0.3129892003620947 0.3131370157860869 0.3135996572683427 0.31385540561614067 0.31391872612890825 0.3139747697553536 0.3142465671120164 0.31426591081748784 0.3143964802572087 0.3145700389807716 0.3151913578817239 0.3155358363244386 0.3166221854612198 0.3171729109146779 0.3178106385736899 0.31842660352343166 0.3191185971253809 0.3191377005586729 0.31980058690437657 0.32084498312792303 0.3213241252064243 0.32152639478563166 0.32153785470076945 0.3215480836714546 0.32189309427124085 0.32257133840672586 0.3229458708228969 0.3240544616273061 0.32447555282192847 0.32491534140367756 0.3254537662544764 0.3257750321400329 0.3263595233164259 0.32672828850934527 0.3270436062371314 0.32742138713565666 0.32744974638763186 0.3274625244408165 0.3280248321389187 0.32824297987119205 0.328431241743839 0.32854319330024856 0.32876286291268164 0.32886036143318204 0.3288689800416721 0.32891120687659336 0.3290325423080491 0.3292174273650695 0.32971780504600834 0.33032896762408026 0.3306756660092675 0.3310264124494937 0.33121896186621114 0.33138613197958133 0.33160084938997997 0.33179056886795216 0.33199642693812964 0.3323150447315936 0.3328127747451154 0.3328673067270467 0.33334769504635064 0.3336944647447423 0.3341340705059781 0.3341839849314824 0.33435564695859255 0.3345070716111516 0.3345715141949263 0.33474162177566624 0.3350240577500714 0.33516379176058114 0.3352426059818353 0.3355799216801581 0.33562216574734527 0.3356750355498037 0.33660708482167084 0.3366467347388085 0.3366715259858871 0.3372732977030774 0.3373862917908499 0.3376106651029397 0.3376599183825956 0.33938788321815827 0.3394822030199036 0.3398188097615639 0.3400623644606781 0.34028777872312715 0.34039225850570726 0.34042206247704293 0.34093319378893105 0.3409566854417359 0.34110073073236274 0.3411009829694356 0.34185323920280836 0.3419341447506622 0.3419831934583412 0.34204545713434864 0.34216291479268907 0.34225519192083087 0.3422611715200789 0.3423549467273127 0.34238355683110716 0.34240395420549824 0.34262845135154263 0.34315863446317996 0.3435952537934586 0.34393445333043093 0.34398082565038907 0.3441785002140391 0.34437113481585846 0.34443015942448835 0.3448710986527948 0.34489237986680227 0.3451439155630553 0.3452391281270277 0.34544310175078274 0.34552084834191693 0.3455440966184891 0.34556518208347575 0.3457634522291988 0.3459734334076104 0.3460094218737568 0.3461162141381958 0.34641603735373255 0.3464433479377158 0.34660572849678306 0.3467168819171346 0.34703406698063666 0.3471180531631009 0.3471564394603057 0.347688899759816 0.3480954441427384 0.34811079043582205 0.34815590491180953 0.3484626010036928 0.34848224854872834 0.3488909393378425 0.3494211984998572 0.3495293601607213 0.3495353347669416 0.34959264245244853 0.34982936821014204 0.3503109503384594 0.350311124824154 0.35071420827484245 0.3508022293151783 0.35119517595997773 0.3512336372323705 0.35168636818790217 0.3519652028422909 0.3521640541549366 0.35227608950890527 0.35227609708539775 0.3523362648849559 0.35258087101909563 0.35295529211411175 0.3532064296204065 0.35341832265108974 0.3538065135191837 0.3542657025747892 0.35430295584318183 0.3544098146471488 0.3545132340980505 0.3546013474783344 0.3547256278563395 0.3547448295450803 0.3547487267308794 0.35499591624320287 0.3552111609391174 0.355233648948869 0.3552835753619119 0.35529484261463457 0.35569692208480685 0.35576396785009445 0.3557701909162959 0.35604953533273215 0.356342982820436 0.3564377078963095 0.3564867681811835 0.3566816025825429 0.35670223761497416 0.3567233964912685 0.35681482009883486 0.3573381690663676 0.35741611655479394 0.3574365304625861 0.3574631656192836 0.3582523988214464 0.3583507698065379 0.35852489774542917 0.35882351526335193 0.35896644234413405 0.359047882135166 0.3594330876039101 0.3594902445327059 0.3597005886094475 0.3599588285745293 0.3601929741201318 0.360209703894627 0.3603552297089638 0.3606208723283304 0.3607000418144915 0.3607211319734622 0.36073466713982444 0.3609333291028111 0.3612094392144096 0.3614323334201893 0.36157232661220035 0.3617687952013859 0.36198718887158826 0.3620054452614316 0.3620544854115639 0.3622156645585374 0.36253182016602825 0.36278052091890706 0.36296529754642715 0.3630311262719599 0.3630443285298982 0.36313011281868673 0.3632287703799445 0.3633818248409354 0.36339334773503706 0.36355560673988746 0.36368664389470695 0.36377998138968237 0.3637882798702601 0.3638434692293725 0.3638953631145781 0.36392797620667555 0.36452716281652103 0.36475903153995465 0.3651438915856926 0.3652044924094271 0.3652063366426303 0.36527221353161654 0.3652893616906781 0.3654917399232117 0.3654982338437514 0.3656382889832246 0.3657184867341616 0.3658378800760775 0.36585830272312214 0.36588086649737944 0.3660848367886297 0.3661460245373211 0.36628881008204256 0.36629758160938736 0.3663646075688026 0.3666967426257033 0.36686189027495825 0.3669718875826775 0.3672270627506552 0.3675644530793663 0.36771543085573466 0.36794877321629577 0.367964107248293 0.36808202629518333 0.36825722540289046 0.3688297062580048 0.369188410082817 0.3692463643627298 0.3694088015964929 0.3696840926111733 0.36993986645780697 0.37000994547872473 0.37016423846507546 0.3702254187157093 0.3705721714617106 0.37063569521628154 0.37079653505629184 0.3710790526406851 0.3712527452199948 0.37130381382942407 0.37138805161692073 0.37155122444369204 0.37169511076185224 0.3717293322211376 0.37198142266158996 0.3720600948269584 0.3721237575450179 0.3723562498212499 0.3726683234682987 0.37269154206993704 0.37279411185141936 0.3729474794421818 0.37300889287556155 0.3730117810421314 0.37331428398032196 0.37355598779813365 0.37363170702101306 0.3738137181520312 0.37384869078218813 0.3738968706069137 0.3740916986056133 0.37433653490055907 0.37480372751352586 0.3752430800721592 0.3754610159528881 0.3754957255089377 0.37564641740693044 0.3757608020936296 0.3762742904954241 0.3763117608771051 0.37635666889869185 0.3764104850965632 0.37641942410146745 0.3766188436774139 0.3768340462777795 0.3770176142616331 0.3770876710200739 0.378035128735932 0.3781190509869175 0.3782645724682107 0.3784537463611631 0.37859760803150516 0.37866256565630435 0.37869017222703866 0.3787645765498241 0.3788611418892099 0.37917969666931917 0.37925164603679323 0.37951725913608253 0.37953024700236493 0.37973043414469554 0.3797508055403183 0.3798119939522886 0.37995863326771445 0.3801243269483497 0.3803628559439184 0.38039548488363856 0.3804923910404763 0.3805334728263864 0.38061935559224935 0.3806368992651289 0.3807524526767271 0.38090108597602684 0.3809468309314714 0.3811786057916827 0.3813009749568134 0.3813023719623465 0.38139288351718437 0.38141110064154654 0.38154285061652393 0.38179049828226763 0.3823623633455543 0.3824432144907598 0.3825669490054597 0.3827083614723669 0.38277039902214843 0.38288294316473226 0.38334119511209236 0.38336188790005443 0.383381475246881 0.3837814066177435 0.3838178472421097 0.3839329458229173 0.38394623916781145 0.38417695113950573 0.38420416060195656 0.38421775481007836 0.38446878864522394 0.38457551520582756 0.38467928283375835 0.38520597920201016 0.3855154584335122 0.3858153706843321 0.3859395874063115 0.3860330816719259 0.386213344550216 0.38627182914963454 0.38653087054878177 0.3865748319766607 0.38659982225575135 0.3873101239674807 0.3874005593455971 0.38742007829034514 0.38759243171070373 0.38760441843121407 0.38781706591315257 0.3879136325844625 0.3880727710618315 0.3881622594734316 0.3882257491859267 0.3886030936099033 0.38864036960697856 0.38878840441395873 0.3888478510663105 0.3889780496581196 0.38909366679157337 0.38958301375714766 0.3901832446897481 0.39023562851204746 0.3907651695411593 0.39085660347673096 0.3912394073378573 0.3915701487563098 0.3915723890777185 0.3918870077166426 0.3920212715351465 0.3921521640571694 0.3922755212509256 0.3926140274574397 0.39272424856574784 0.39382552986727876 0.39394788566642813 0.3939782139088675 0.394065641944551 0.3942694053458787 0.39477142869263127 0.3948649693310181 0.39495761535555485 0.3950347905536998 0.39536091675371005 0.39545725382841185 0.39580334735087996 0.3961299148213177 0.39616126297735627 0.3964453699579739 0.39655869308274994 0.39664786930683193 0.39670069861324025 0.3969055135739795 0.39712584475984425 0.3973126090487666 0.3973135567311054 0.3973542852545157 0.3977001572780034 0.3980374208737488 0.39812848408599005 0.3981344984588505 0.39817031733687835 0.3981896824847722 0.398502338098373 0.3985364324346394 0.39857809281022794 0.3990055563485505 0.39907727604024973 0.3990871471953907 0.39921043208417506 0.399258901261707 0.3998360329217169 0.40011589698314304 0.4001478030274614 0.40027015525492315 0.40029141575666904 0.4003313648998112 0.40044276819890606 0.40059651396771095 0.4007490794042072 0.400877542488272 0.4012205763582853 0.40122883133879805 0.40129086553731275 0.401466687138287 0.401555189681896 0.40161866870064306 0.4017648705950679 0.40190277569086513 0.4025253049739648 0.4026166401139898 0.40264691117440815 0.4028205555949891 0.40295354913193154 0.4032777403267705 0.40375881424142285 0.40392034761443274 0.4039222041301753 0.40400367249620445 0.4043381994145509 0.40483996811927436 0.40521846903290065 0.40533878650147803 0.40550283549442023 0.40552222212256545 0.40554849224759915 0.40561716134329556 0.4060727888568155 0.4061045921116056 0.4062065557617922 0.40626688316539356 0.4073980772857203 0.40757312656704775 0.4084289593112507 0.4084483621334237 0.4086533200144318 0.40873490271532403 0.4089184921810818 0.40921698481562757 0.40923809620696655 0.40938400433902805 0.40942921371114727 0.4094302948011414 0.4095507955132618 0.4098666798780964 0.40991885930676647 0.41002094711050596 0.4101106683237836 0.4101636098230993 0.410315913810346 0.41101763253811235 0.4111308731755578 0.4116524015802132 0.4118438991658293 0.4119268603046792 0.41193724766832535 0.4120070229661034 0.4120295336630146 0.41213148435538166 0.41227496230448685 0.41231415983682834 0.41234616457595463 0.41237687094485037 0.41240603007306237 0.41252874567382175 0.4129058747218926 0.41320184237584523 0.41341457908282137 0.4135383924338722 0.4136005059950538 0.41367532983669436 0.4138545484307284 0.41393793156088976 0.4140070159091619 0.41403813176193455 0.41403906402549634 0.4141409786340499 0.41436498646609976 0.41456940078503873 0.4146331797625881 0.41465113126876263 0.41481321807345267 0.414944818806951 0.4152832744356493 0.4154963481163191 0.41560868278795915 0.4157318981711224 0.41591463433631304 0.4160982145720996 0.41616031464424474 0.41633174148794305 0.41640272997134903 0.4164041839945192 0.41654789974658746 0.41671108142800134 0.41684317520084735 0.4169344224857546 0.4169688015210113 0.41702597082780885 0.4170473232999336 0.4170658221132276 0.41708699101341973 0.41749616276095136 0.4175065453836718 0.41758816579883246 0.41769025342208194 0.4177095779036343 0.41854586035624713 0.4188935742871191 0.41891390876188883 0.4190227063072904 0.41903539272885076 0.41909657455203053 0.419097470244956 0.4194025237374827 0.4195870141739517 0.41962688164115497 0.4197492776650776 0.4202388239024344 0.4205049904724205 0.4208108594109996 0.42085153240382794 0.42109460585484243 0.42114802538623514 0.421300316646502 0.42144223386705043 0.4217481840116696 0.42215613584690015 0.4221570605372688 0.4222606596860985 0.4223294128323294 0.4224630054235169 0.42287086584363065 0.42387980477580595 0.42395201311638175 0.42397227634062673 0.4243282048548262 0.42441090317297936 0.42448250775655255 0.4247156711023944 0.4248698803716693 0.42533888571438233 0.4255837824871439 0.4258523370184057 0.4262876282820689 0.4267057008731856 0.42737884993076575 0.42799067624360293 0.4280303740108952 0.42856077074971244 0.42883655717547586 0.42891847677323447 0.4290502927907061 0.42917260298582055 0.4295203135803976 0.42962340118959574 0.4297855672573866 0.4298874931765579 0.4299487637661206 0.4299894784965705 0.4300306604049056 0.43005989033389247 0.4302333299655865 0.43028410390368016 0.4304488773914043 0.4305508001463416 0.43066261876950024 0.430902869083584 0.4311520464590331 0.4312745319580984 0.4313357701583032 0.4313754760810016 0.43155905055004185 0.4318242104444575 0.43205956882209884 0.43213122585241404 0.4321517393006136 0.4323556330921036 0.4324077693969981 0.4324157211614886 0.4326401669840078 0.4328236609538117 0.43284405705852935 0.4329664387732651 0.432976834067511 0.4332216851726866 0.4333539812687718 0.43355623388931186 0.43409967622572226 0.43425255270436874 0.4343340431646881 0.43451669075295757 0.434546989623259 0.43521103514048376 0.4352917774000837 0.43537442242150576 0.4356276155691883 0.43570306313605295 0.4357124206532207 0.43589351588990766 0.4362921995893148 0.43699571414120053 0.43741403915586524 0.43763734524396075 0.4380453641530043 0.4381268713959914 0.4382910591945169 0.43834203784192327 0.43861762593810183 0.4386890610072197 0.43869798703433727 0.4388013174261382 0.438933825630199 0.43918751601319095 0.43939255917138936 0.43960829013209557 0.43980062078065346 0.4398199070557941 0.4406163154706585 0.44088767679962104 0.44104469491736814 0.4416567053165229 0.4417586595956915 0.44181025015359565 0.44181985440396354 0.4419719557109387 0.4420838856218616 0.4430131971735078 0.44309430096947094 0.44326815058223207 0.4434313473063533 0.4435128027388204 0.4437063828851825 0.4439316781606836 0.44409448031019644 0.44442953406750596 0.4446862758030366 0.4449711322176061 0.44580725150863465 0.4458369269727805 0.44602145600294973 0.4460625171737431 0.44607318179661 0.44632758079229906 0.4463876451978362 0.44644893058329965 0.4464600124260346 0.4464907631677191 0.44682738814638295 0.44689756771385897 0.44695876210583085 0.447082169053558 0.4474686833591434 0.4478970197836942 0.4482233715047058 0.4484200583445159 0.4485089302490688 0.44861100356188677 0.4487440793621305 0.44882676277582595 0.44927426307056983 0.44928519571215186 0.45001965317912 0.4500602877189486 0.4510789472843866 0.4514374870238196 0.4519560164652056 0.4522022256736615 0.4522823676080914 0.4524864263361685 0.4525381371821071 0.45271070453103696 0.452833086076764 0.45298898294589135 0.45324102837026836 0.45358777686915003 0.4536094504288088 0.454016110071653 0.45403766307697885 0.45442405093388244 0.4545679091830215 0.4546611013318398 0.4547311104009596 0.45473581622715625 0.4551914077100614 0.45534191284666564 0.45574184651162386 0.4561591075903402 0.45653714498634573 0.45687168520610083 0.4569044694749192 0.45710727226616216 0.45761821906797007 0.45840145835678 0.4585172326642598 0.4586258256302147 0.4587802891372603 0.4592173376319579 0.45950421939164343 0.4595844825656977 0.45958448322835876 0.4599851679801671 0.460234840726406 0.4608708757907805 0.46223608855703113 0.4622972796857981 0.46231114432795206 0.4623176761151714 0.46244120946571 0.4635210982799709 0.4635210994989355 0.46352234656611463 0.46374546434972047 0.46435737601314186 0.46441856454164065 0.46488769437460525 0.4655403976017689 0.4657307620451148 0.4657851604464206 0.4657851609676123 0.4658667488105293 0.46600201591444557 0.4661523061728948 0.46662143707182646 0.46741692005410695 0.4676616831863293 0.4682124023250367 0.4684979577455247 0.46937502698095873 0.46998693933926927 0.47112916892809886 0.4716186956197059 0.4717002820100229 0.4718121307433932 0.47192464848552407 0.4720266338564068 0.47235298478473203 0.47237338261531714 0.47256965287689995 0.4725977486093415 0.473650357121592 0.47386236106614493 0.47402553655908125 0.47403822517922595 0.47427030014122956 0.47447427252256186 0.47455585801163414 0.47465010075488817 0.47508617877457654 0.47526975196063653 0.47561650041083936 0.47571848518104454 0.4761876167131784 0.4765751581317535 0.4767995242514887 0.4775950056675485 0.4779009601040826 0.4783088996636972 0.47892081010386545 0.4790757069913999 0.4794919240721438 0.4794919250410573 0.4801446275131363 0.4803282001395364 0.4809067901122644 0.4814936054449294 0.48202115007014246 0.48214352961517565 0.48222511798235246 0.4828778227639508 0.4829390131128934 0.4834012383503626 0.4834441831393632 0.48348973043683624 0.4839792577322289 0.4847543416964958 0.4861260506235578 0.48616173229670756 0.48621746630670665 0.4862229241157177 0.4862843832822732 0.48646768265420304 0.4864908395264972 0.486692055782867 0.4873039586271678 0.48748456720415617 0.4877119036154793 0.4883645517243871 0.48838500272615637 0.48903770675222813 0.4892416750729231 0.489384454155365 0.48962331730497494 0.4898520443694159 0.4900983474400388 0.4901595392820055 0.490441693345133 0.4905266838635242 0.49111819660339756 0.49158732876855715 0.492285265188077 0.4923828032087173 0.4928723363702226 0.49325987334710775 0.4934638428759903 0.4936271341810456 0.493729009775804 0.49439618931669294 0.49446329926658544 0.4945925865916521 0.4946176115212943 0.4951537966088025 0.49529970159418707 0.4953878719463559 0.49563147565430943 0.4956817322383697 0.49612566866477686 0.4961590233964668 0.4966049756465913 0.49669992173516553 0.49695184242749735 0.49719648767715297 0.4972576789950623 0.4975432365602689 0.4975744758957501 0.4976605577407868 0.4978134474739109 0.4978493346088751 0.49794834660212195 0.4979725277970371 0.49799196958964276 0.4981327993995634 0.49821647340103753 0.49848149690197835 0.4986987313282167 0.49890983297685304 0.49893036695118986 0.49894967385917893 0.4992966002491558 0.499378963305659 0.4994606805102656 0.4994770227130794 0.4999296879965219 0.5003819601982116 0.5005080697616406 0.5005621149720213 0.5005823848168366 0.5006034780680692 0.5008324654814474 0.5011127056336332 0.5017727401319783 0.5019083216233068 0.5022141418182393 0.5025405011992075 0.5028380234087639 0.5030125976863463 0.5031617374809986 0.5035203817678869 0.5036146342997921 0.5038808543698646 0.5041314567126159 0.5041518541923267 0.5041950234524979 0.5045972528769432 0.5046411703828052 0.5046842151549954 0.5047969038488191 0.5049801264520137 0.5050947260249129 0.5051030461452912 0.5051538932970949 0.5052288206315428 0.5053146458041746 0.5054885176688042 0.5055062108627092 0.5055588955687103 0.50572690024396 0.5057664732221856 0.5060619858544442 0.5062712541522354 0.5064262549185767 0.5069602165348498 0.5074206219867128 0.5076172991112595 0.5077175699406182 0.5077871935662975 0.5078652144737514 0.5080682449966801 0.5082361320883051 0.5085433210509971 0.5086269502145424 0.5087053538216929 0.5088718841327712 0.5090171789299238 0.5090839899567006 0.5092517999514925 0.5093490017430334 0.509814052546319 0.5099196913292191 0.509962873380073 0.5099977726655235 0.5104440447478744 0.5105707050169208 0.5105993355785579 0.5106584871356714 0.5107889941363618 0.5108503627019645 0.5111765698959376 0.511406725420775 0.511525357667366 0.5115365859950222 0.5116416226700055 0.5116807851889736 0.5117109704440707 0.5119471854767889 0.5119740913992028 0.5119759409064196 0.5119788755775949 0.5122312322680186 0.5129674237218939 0.5132672588680103 0.5133060134875495 0.5134243157556627 0.5135589355812257 0.5137087745913922 0.5145667041850848 0.5146175385465834 0.5148846341897714 0.5150104750586587 0.5150601530093862 0.5155680679826039 0.5156038345877357 0.515667417739448 0.5156761408818954 0.5157599160769147 0.5159943405533634 0.5159943414037979 0.5160759216787918 0.5163018377421382 0.5165882659688419 0.5167184281451297 0.5167206940381587 0.5168165318546377 0.5168428475470459 0.5169466496305953 0.5170487588139295 0.5170855722274263 0.5171018894550842 0.5171469132102294 0.5172672766139249 0.5173996844623094 0.5174547568772704 0.5175011660891254 0.517580253421485 0.5177962191555128 0.5178057064016391 0.5178361803572135 0.5179521421070286 0.5180462690697104 0.5181135899395787 0.5182563600589545 0.5183319925589318 0.5183930249786478 0.5183990580368668 0.5184519831677131 0.5185561928951548 0.5187642504388712 0.5188176367167588 0.5188600855815261 0.5190192041607888 0.5190723992254833 0.5191313915537881 0.5191998811373347 0.5194062415229368 0.519429192000136 0.5195324088449326 0.5196003448031467 0.5197149032826673 0.5198412015841676 0.5201410373904306 0.520151792733225 0.5202369030847505 0.5202674986128198 0.5202777045455657 0.5202856259743573 0.520298091585249 0.5204240339982779 0.520549143444385 0.5206289994383692 0.5208298300911878 0.5208980290869355 0.520967289761599 0.5209835881789736 0.5210264332536373 0.5210691016097756 0.521073179301654 0.5210833777980842 0.5211200916537795 0.5211993850891656 0.5212545258183866 0.5212730691983211 0.5213239240598375 0.5214099090186698 0.5214197372125302 0.5215219120196838 0.5215747683193313 0.5219625939771984 0.5221617107759956 0.5221868537282676 0.5223225391743168 0.5223641721947183 0.52251933286093 0.5225478792237548 0.5226329009091403 0.5226557149256779 0.5226845398194134 0.5227047050409012 0.5227069833888972 0.5227212535961693 0.5228519535202849 0.5228680259252992 0.5229700969983294 0.5230353672078322 0.5230845018988038 0.5231758555599387 0.5232495435007654 0.5233092533025213 0.5233316142155159 0.523378421213743 0.5236632656001566 0.5237746935590151 0.5238385265571526 0.5241327243585904 0.524136782037457 0.5242877414463563 0.5243101773485486 0.5244244927818705 0.524432294135135 0.5245284367133555 0.5245467830039824 0.5248323478848816 0.5249690000590871 0.5249771795785317 0.5250016900928656 0.5250811830922567 0.5253891453712128 0.5254777263390977 0.5255605140960341 0.5257502113369996 0.5258950413210692 0.5258988301679627 0.5259215383249709 0.5261926695164778 0.5262052229663399 0.526319279482812 0.5264089255526601 0.5264640975011783 0.5267966747369753 0.5272838507926835 0.5273198015590893 0.5273676830110906 0.5274513126335111 0.5274596197524297 0.5275063832230811 0.5275399441185316 0.527565364448913 0.5276126277216221 0.5278450195313135 0.5279245214343499 0.5279385095283837 0.5279693939955882 0.5280754583505706 0.5281203312767285 0.5283111926052356 0.5283385791538223 0.5283811597248675 0.5284793199724442 0.5284976629078475 0.5286385290089294 0.5287424393280588 0.5287606971659639 0.5287954736577415 0.5288260663510095 0.5288627886952059 0.5291487922087328 0.5292848924359514 0.5294155455507227 0.5299658357722729 0.5299987046099064 0.5301068576035873 0.5302171394682392 0.5302395854959201 0.5304231577087217 0.5305112890198689 0.5306153487016955 0.5307678573777361 0.5307882628003961 0.5308084183539251 0.5308104367096522 0.5309174521936462 0.5309922245294193 0.5310739909991488 0.5311656112455545 0.5312225116505549 0.5313920055191069 0.531512347167901 0.5315613003488816 0.5316367689936908 0.5318958103870673 0.5319937167079359 0.5320997800225222 0.5321244285040054 0.5321650500721107 0.5321667502176941 0.5322834451242079 0.5322894719775411 0.5322978806317977 0.532324146867055 0.5323505424460786 0.5323729914386188 0.5325607605431505 0.5326144087093094 0.5326668017033201 0.532678842379611 0.5326811569449827 0.5327117044395493 0.5327420413845798 0.5327850923744899 0.5329054644400453 0.533164502130085 0.5331872222824726 0.5332238833653666 0.5333643609030304 0.5335622513006468 0.5335887590491901 0.5337029815714697 0.5337706622401065 0.5338763959012163 0.534031372933477 0.5340640283114717 0.5340925638189562 0.5342135425917927 0.5342761459452545 0.5344517352633403 0.5345372156162047 0.5345924935103145 0.5346351235793313 0.5346779566548187 0.5346880016209805 0.5347148868690241 0.5347904891968441 0.5347941539597938 0.5349205628163225 0.5350029672280282 0.5352347939786218 0.5353020926377944 0.535355039169633 0.535357176200081 0.5355753954841738 0.5356771697409464 0.5356915411498284 0.5357141322761474 0.5360669905249048 0.536315833732193 0.536369036871889 0.5364226152935854 0.5365115415482413 0.5365444368642232 0.5367399757618279 0.5368317851727449 0.5369828227893243 0.5370503560778879 0.53710112562723 0.5371380380277345 0.5373091586500647 0.5373929598857482 0.5374072719634791 0.5374478654756725 0.5379480796432083 0.5379924644612272 0.538069879408689 0.5381168855675469 0.5382392676744224 0.5382515152945291 0.5382902605113572 0.5384554757118116 0.5386083729379897 0.5386110811329679 0.5386451674285366 0.5387190357998427 0.5387699669429868 0.5388511853891059 0.5388966644118297 0.5391327162094731 0.5392125721487797 0.5393590614939123 0.5395318730467712 0.5395671098981033 0.539624137653067 0.5397262066885413 0.5397529700955873 0.5399394129018323 0.5400056454919704 0.5400517339441085 0.5402465337255891 0.5403524029478092 0.5409296273730481 0.5413274432078425 0.5413863020178827 0.5416317463253532 0.541633307273457 0.5416741171406618 0.5417495142406453 0.541860997201489 0.5419800742587011 0.5422207672733036 0.5422699090076679 0.5423665696829114 0.5424757182977396 0.5425165437183216 0.5425307893687148 0.5429203817707249 0.5429245277802691 0.5429991641175554 0.5431187092776332 0.5434469750128821 0.5434740553951202 0.5434772093880416 0.5435676770819081 0.5438016369618255 0.5443731040408541 0.544543970958746 0.5446545375431471 0.5447090169180431 0.5447234742106339 0.5447542441031954 0.5447989417694448 0.5449582518480033 0.5450559433930681 0.5454172029208378 0.5454586386139819 0.545839178049847 0.5459060911998707 0.5459248548153117 0.5460982298844116 0.5463352965203484 0.5464143729251723 0.5468467286994542 0.547003857130421 0.5476016915757032 0.5478054458065764 0.5481236413108632 0.5484440638579272 0.5489150423000759 0.5489587137985882 0.5498023203963267 0.5499328634529328 0.5503128828552204 0.5506022648053088 0.5507283317238457 0.5510261279018562 0.5511097518802951 0.5512035896942519 0.5512035925867663 0.55132801565564 0.5515238143711815 0.5526613181316773 0.5529026601737879 0.5529415802856241 0.5532351358824493 0.55351457230893 0.5535335655939543 0.5536226732330826 0.5538655741045075 0.5538776353621886 0.5539513465821779 0.5540652760980225 0.5548260946407654 0.5550035330757696 0.5550606607328525 0.5550649677391263 0.5551730832023121 0.5553462179062598 0.55535846152828 0.555387727686072 0.5557663796626803 0.5558765232618732 0.5561661671111647 0.5563701336315777 0.5565781789204588 0.5575735549136799 0.5576227090007057 0.5580630781939631 0.558358849769477 0.558422080690845 0.5585996701924354 0.5589585205992943 0.5589666784585599 0.5592242531782055 0.5593035337383301 0.5597458280631461 0.559833551876533 0.5601578467849714 0.5609696661767924 0.5610451308589021 0.5615203810733047 0.5622607876898379 0.5622873058201714 0.5624851415213162 0.562540228131965 0.5625609494241003 0.5629665243422476 0.5640414464159554 0.5648880967050133 0.5650816749225349 0.5662687783710628 0.566515581669015 0.5690998775062542 0.5697991525093677 0.5700830368344418 0.5704012040896986 0.5705052286084855 0.5707683691136052 0.570943763418358 0.571051892994824 0.5710763437925808 0.5712211622474689 0.5716291015371927 0.5716494986286822 0.5718970240067344 0.5724764971823367 0.5731657341202018 0.5735912899408826 0.5735916748452433 0.5745438283984887 0.5746560116405903 0.5749415691953026 0.5750639510818808 0.5760106861691063 0.5761062360536872 0.5762306574842416 0.5762408560887229 0.5766039221034824 0.5767628978691166 0.5772851808037195 0.5775381031404293 0.5776931200883324 0.578392736062382 0.5784641255820923 0.5785865074615325 0.5788134956907288 0.5792432898045666 0.5792575676721768 0.5795064105033277 0.579561721217741 0.5798506645318287 0.5802549794342684 0.5803875597008488 0.5806147450205847 0.5814726783118831 0.5817663946879421 0.5818255458873759 0.5825251618684475 0.5836755509468516 0.5836816699424996 0.5837224639138329 0.583875441199286 0.5839957850770536 0.5840243684285416 0.5843445980965989 0.5843939666191171 0.5849503614534884 0.5849625996549146 0.5849646393401934 0.5850238143007471 0.5854072781633315 0.5854521268977159 0.58546232523951 0.5854908811353272 0.5856438859516545 0.586161943601588 0.5862578070529145 0.5867024610065487 0.586937059127472 0.5871634324316868 0.587261337843196 0.5874632908037852 0.5876142068983115 0.5876529828972374 0.5877019124760349 0.5883668535191008 0.5884423223604648 0.5886177363581155 0.5889787626907886 0.5889869215458056 0.5890481121284574 0.5890481123692299 0.5891072634078891 0.5892112881280736 0.5894948058208649 0.5896069893046855 0.5898925466532547 0.5899292612960217 0.5900088094170801 0.5901271384441659 0.5904664660132363 0.5904942574441334 0.5907002669468349 0.5908614027556752 0.5908838395524566 0.5912693419215505 0.5913672475644262 0.5914533018504841 0.591503907344477 0.5915854952186368 0.5927522015780449 0.5927950353713739 0.5930479576103944 0.5936598669883216 0.5936986210873713 0.5948408512909498 0.5950529797628934 0.5950652180841514 0.5952957037835378 0.5961258602507733 0.5962543611823337 0.5963379887799738 0.5964093781152018 0.5967234915558054 0.5967236610070981 0.5967846825157714 0.5968234384624702 0.5968315954248942 0.5969906916228462 0.5971473165832545 0.5973415196995477 0.5975454980972219 0.5975699658850121 0.5976189261640464 0.597625044870755 0.597784133790411 0.5979227281162703 0.5980125799310471 0.5980146197087266 0.5980696993972471 0.5981104852288377 0.5981227234574203 0.598124271012315 0.5982410370269202 0.598302225088465 0.5983083440593641 0.5983572957453589 0.5984225676909302 0.5984449949183559 0.5985510596993305 0.5985877819570227 0.598854974635974 0.5989243243150981 0.5989671596539009 0.5990161181767522 0.5990609912531942 0.599081388390401 0.5991265101295522 0.5991303336970424 0.5992792388723311 0.5993873348356137 0.5994587242266366 0.5995790747720624 0.5996321063767611 0.5997320516537183 0.5997422514944165 0.6000420780940992 0.6000951175454293 0.600154268980136 0.6001720025836783 0.6002807226276086 0.6002807227414322 0.6003215166483801 0.6004092310886874 0.6004744940651967 0.6007580116670731 0.6007804556849596 0.6008477655903137 0.6009395533778007 0.601068045733302 0.6013821668707738 0.6015228981590631 0.601679954849878 0.6019063687134992 0.6021246085317599 0.6023551015100511 0.6025121584463887 0.6025590633430511 0.6026263824702929 0.6027997475393286 0.6031016227001956 0.6031138608541008 0.6031771013159279 0.6033402799790554 0.6034075771859447 0.6039073037865348 0.6039848195886375 0.6040113351915274 0.6041337197219566 0.6043703237224242 0.6047395088837699 0.6047680558648019 0.6049047146406153 0.6049149228913212 0.6049353110390207 0.605141329158607 0.6051477712453095 0.6051760043440078 0.6051963995661844 0.6052494399133953 0.605377924930406 0.6053840530873417 0.6060938586839885 0.6062101205914716 0.6063549399216299 0.6064997575400048 0.6067315294767088 0.6067995937729549 0.607099429465761 0.6071545001903306 0.607183055938772 0.607364589765212 0.6074237401729503 0.6076193737945303 0.6076297952936235 0.6077500916556723 0.607960191245048 0.6081947580407626 0.6082763344784464 0.6082783832526923 0.608669995945559 0.6087842179056853 0.6093553330211132 0.609410404838876 0.6097979482315945 0.610224244981829 0.6102405625270382 0.6106342229921522 0.6108320735892515 0.6111829013996736 0.6112808164416137 0.6114154278970737 0.6114439837311123 0.6116340921212792 0.6116601904031076 0.6117723737196914 0.6119645581771803 0.6119865498982727 0.6122312360909845 0.6125189027696549 0.6126147685673904 0.613016753953788 0.6136284978381987 0.6138283881111368 0.6142444937978007 0.6143342341062306 0.6160110906695305 0.616324978266714 0.6166683845119816 0.6167162599103555 0.6170409117104398 0.6184686993227143 0.6189037545242301 0.6193600491537407 0.6196231668454755 0.6196242615541828 0.6207781901784265 0.6208102703134475 0.6209489696948233 0.6209838542599101 0.6211096380800964 0.6212907076035727 0.6215364023461428 0.6215445614430065 0.6216228390730518 0.6217301735616606 0.6217464911300262 0.6217505704832231 0.6217656384776621 0.6223135268314087 0.6226561958978098 0.622723836010925 0.6228438480036481 0.6232237682396627 0.6235740595204222 0.6236128136833099 0.6239145675487189 0.6240085148425489 0.6240085148689389 0.6242655166407135 0.6242777548932391 0.6245123199552411 0.6246816166571281 0.6249508548196719 0.6249794105604882 0.6249936884257127 0.6251629833748413 0.6251956183949052 0.6252119360243275 0.6254566995908399 0.6255301288148022 0.625628034214272 0.6257014649911996 0.6257708128650132 0.6260910453027905 0.6265091832218426 0.6265819546840318 0.6267641452107702 0.6269008050109749 0.6269925913536543 0.6271108937238339 0.6272618312647233 0.6273107839153096 0.6276366028447037 0.627712707698742 0.6277330011978117 0.6279084151724872 0.6285529593224194 0.6285753961581928 0.6288568742994091 0.6289117408091828 0.629034327891406 0.6291451500434101 0.6295234023607301 0.62953813331633 0.6296360385202058 0.6298848815258773 0.6300297023977782 0.6301133295357877 0.6306873634298029 0.6313738601108694 0.631525528141751 0.6319429356740401 0.6319959675622028 0.6320648641653968 0.6323274944609829 0.6324383196226244 0.6325793209447441 0.6326224069832835 0.6326675451570232 0.6329219899865803 0.6329872603748585 0.6333482866613984 0.6336978029647515 0.6337784188057711 0.6337786627321106 0.6337990597290639 0.6338541314950762 0.634027505768182 0.6340295455217194 0.63406829969707 0.6341600860866318 0.6341702845303612 0.6346027002680187 0.6347373203547833 0.634995394432791 0.6351534185988954 0.6353213664713161 0.6353675985681906 0.6357286128662992 0.6357449304269333 0.6357962750546882 0.6361072233217934 0.6361895844022651 0.6362748231966713 0.6363731572444383 0.6364017129398775 0.6366607543928867 0.6366742293783513 0.636754580535718 0.6369442723073337 0.6369524309440937 0.637076852612405 0.6372910206196509 0.6373664926197676 0.6374399186851277 0.63752762574934 0.6379518825447724 0.6383271867885456 0.6387228879082819 0.6393266381945365 0.6394627120086558 0.6394734963251432 0.6397171058890381 0.6397488555696095 0.6398571982107406 0.6402812162851719 0.6403485261258984 0.6403689231937068 0.6403995186438134 0.6406524410905825 0.6407299495703086 0.6408115375815424 0.6408686491358216 0.6409971500586469 0.6411263670973422 0.641307183931842 0.6413898059190161 0.64216385667007 0.642266259914108 0.6423641634910378 0.6424282955762864 0.6425927472146089 0.6425983119575435 0.6426207487759158 0.6426946583105418 0.6433346449696149 0.6436324384883836 0.6438130721624201 0.6439098369160755 0.6443833268663997 0.6446318899039489 0.6447573601729216 0.6447674811483954 0.6448218200006793 0.6448504258451493 0.64513042575425 0.6451396632341109 0.6452591411929639 0.6453490578858038 0.6455109991858148 0.6457088496712192 0.6457231275238521 0.6457353658490956 0.6457551494607563 0.6459556519417966 0.6463227973656416 0.6464354680712625 0.6467307379023062 0.646738895506131 0.6469428651821659 0.6470611676022613 0.6471733509196393 0.6471978285089359 0.6473422756043933 0.6473875206968166 0.6477689436662422 0.6482278755942524 0.6484155274826305 0.6484767187022645 0.6484787581407456 0.6485504656508185 0.6486766074451447 0.6487643144072303 0.6487653139248941 0.648849871922002 0.6490046920267836 0.6491620552804719 0.6493150325340036 0.6494843273698677 0.6496241616904272 0.6497343760444002 0.64980252118373 0.6500118596107084 0.6500485401076375 0.6501757845782273 0.6503770124917999 0.6503940321329454 0.6504931435652459 0.650552548458984 0.6505565236803894 0.6506143217566785 0.6506462053256616 0.6507481173009363 0.6507746707585981 0.6509080357196735 0.6509175911277131 0.6509814648025082 0.6510134048965468 0.6510909681668979 0.651108366424929 0.6511943314540937 0.6512486650898944 0.6512501462082461 0.6512519266680095 0.6512540411627609 0.6512560813667237 0.6515253996538786 0.6515281100934053 0.6515742278442326 0.6515925723125344 0.6516068962785697 0.6516702141379425 0.6517373822840591 0.6517443114003706 0.6517761686170958 0.6517871518642658 0.6518230938156693 0.6518373688811937 0.6518687329060847 0.6519373835522393 0.6519850023241113 0.6520278292532863 0.6520861467568004 0.6522534248445793 0.6523317510454302 0.6523929426603646 0.6524104517973559 0.6524228405300255 0.6524354948241896 0.6525418399657036 0.6525438725375119 0.6525601970764792 0.6525642771131525 0.652605070044886 0.6526144562166454 0.652705015745948 0.6527050158068183 0.6527307581220083 0.6527335708570176 0.6527490332431312 0.652819238560747 0.652826668334229 0.6528641115476236 0.652891874452705 0.6528967466483979 0.6529558980170915 0.6529742553247444 0.6531100795450877 0.6531272329743101 0.6531700661710316 0.6531957814246994 0.6532265020565601 0.6532312569456806 0.653270011737708 0.6533610788922799 0.6533658769955127 0.6533862741435205 0.6534005527803358 0.6534352266469008 0.6534486961022551 0.6534739824567514 0.6534943784035593 0.6535106961647718 0.6535555689520839 0.6535616879098041 0.6535648001122006 0.6535935654165874 0.6536454471934183 0.653677950698412 0.6536861104573023 0.6537219857204905 0.6537506296541179 0.6537670337884376 0.6537812398809519 0.6538126860793543 0.6538737615264338 0.6540124608802723 0.6540260027472052 0.6540437317286005 0.6540736451246373 0.6542380994503281 0.6542755816944509 0.654324534662588 0.6543530909398769 0.6543583763449797 0.654360409633203 0.6544102019671653 0.6544958690592774 0.6546651642223249 0.6547508244509966 0.6547887905771688 0.6548140633082031 0.6549242055999661 0.6551546911981365 0.6552016044935317 0.6552969058061631 0.6553545822961068 0.6554456536254809 0.6557788388588164 0.655831870451522 0.6559114188336947 0.6559696079540732 0.6562713431997426 0.6566075750004784 0.6571325447259112 0.657207826808233 0.657610479344295 0.6583648404280884 0.6584197130005263 0.6587249175309374 0.6587649832412197 0.6589974732615429 0.6590221035992202 0.6590872198907387 0.6600989095043722 0.6602340680996299 0.6602381138636743 0.6606585441543357 0.6608017679860072 0.6608688369696861 0.6608801134227074 0.6610269715612134 0.6610840830815492 0.6611065197238729 0.6612003458097164 0.6614491887940503 0.6614899827197439 0.6615511736311526 0.6617000715029564 0.6617571830173827 0.6621488048076685 0.6622589484051353 0.6624771960285593 0.6625514623674278 0.6626485305166763 0.6626995230203037 0.6626997181688391 0.6627178802376614 0.6628035474465529 0.6628892147854932 0.6630115965929009 0.6630421920151478 0.6630870653215982 0.6631149547424278 0.6631747724542029 0.6631829310468279 0.6631992486524737 0.6632114868180239 0.663282876225881 0.6633379480566937 0.6634011786592122 0.6634032183570295 0.6634807268666859 0.66354599716011 0.6636051482969361 0.6636806171728047 0.663725490460878 0.6637582370925933 0.663794840242069 0.6638029988810152 0.6638172767873579 0.6638193165108757 0.6639845319262915 0.6641497473744382 0.6641506876390336 0.6641742237688414 0.664312522111622 0.6644232256203391 0.66466579066337 0.6646739495119123 0.6647290212509905 0.6647820535026404 0.6648167282288382 0.6649146337912427 0.6649248322426787 0.6651124843847136 0.6652532233802797 0.6653592876739479 0.6654653519290894 0.6655224634363868 0.6656387261739266 0.6656448452638954 0.6656468849441791 0.6656591230679214 0.6658879108162282 0.6659222439254927 0.6659589585513039 0.6660082388749958 0.6660804400696239 0.6662958708710589 0.6663057069810896 0.6665402722298474 0.6665790264088768 0.6665810661357436 0.6666014631778934 0.6669176160610217 0.666993084948734 0.6670324974034109 0.6672272633110538 0.6672908806376285 0.6672990394914868 0.6675621602568561 0.6675886762843823 0.6677518521198035 0.667789314189864 0.6679354246252722 0.6680455684212145 0.6682230220954181 0.6685962865105453 0.6687329461973541 0.6688186137019378 0.6689471144276962 0.6689491541552199 0.6691041711727769 0.6691266077432249 0.6692143147040346 0.6693489346937427 0.6696814052891508 0.6697466756662424 0.669777271107152 0.669824184150454 0.6698853751053465 0.6700186406876008 0.6702729173422647 0.6703247195549061 0.6703341082309648 0.6704258946844679 0.6707910004459781 0.6707930468012183 0.6708256819981773 0.670856277256911 0.6709215472300418 0.6710847232287839 0.6711051204838533 0.671174463596244 0.6712968451791288 0.671296851296297 0.6713356057773405 0.6714437096525853 0.6714783849337089 0.6715293768329454 0.6716211631383009 0.6716293232837157 0.6716497189887243 0.6716966322059813 0.6717167555107918 0.67172722755834 0.6717986173431554 0.6718088157669355 0.6718679669112527 0.671874085538043 0.6719617932024472 0.6720270629871011 0.6720984524688952 0.6721005848641802 0.6721576035667733 0.6722412320336703 0.6722595897373458 0.6723085415584208 0.6723187335471577 0.6723615735448801 0.6723636130142219 0.6724044068689089 0.6724411213360009 0.6724513200833766 0.6724941535846757 0.6725308679788294 0.6726614091820127 0.6726695678541461 0.6727450303386533 0.6727990823764363 0.6728041873099725 0.6728592596655776 0.6729184105779753 0.6729245300125322 0.6732264046529276 0.673314111980364 0.673448733365823 0.6734507714057956 0.6736322985016149 0.673664933448365 0.674240128105079 0.6742911204823039 0.6743053984070413 0.6744481835890233 0.6744883683577781 0.6745379238422371 0.6745627570092003 0.6746052408530722 0.6746868277747295 0.6748165747531221 0.6748173622744187 0.6749050756395849 0.6750009350004204 0.6752844529228185 0.6752976460886472 0.6754476285234656 0.6754823034845071 0.6754843431842641 0.6755394149442628 0.6756087646741772 0.6757148290608332 0.675836820124185 0.6759636719196865 0.6762431103953211 0.6764735961071082 0.6765558128576992 0.6766041368111039 0.6767489551810898 0.6767979078499499 0.6768628159791714 0.6772886421057621 0.6774733315328895 0.6777786767706193 0.6780358689348184 0.6783970272583004 0.6796062791053844 0.6796364023662974 0.6798397083451169 0.680972420793677 0.681926596493537 0.6830842410315742 0.6833401137637951 0.6845936277850692 0.6848899956349339 0.6876417638254458 0.6882552593626134 0.6883184372247168 0.6884893754426392 0.6889368683116036 0.688946875477308 0.6890099412373706 0.6890922985330249 0.6891103400717099 0.6891190048176514 0.6892172198356412 0.689217423489079 0.6892186468662255 0.6892440398782721 0.6892458327942724 0.6892495348075763 0.689305230913179 0.6893142027864474 0.6893296064769762 0.6893515224779043 0.6893768524794722 0.6893886634257854 0.6893886697129253 0.6894764564150194 0.6894774843308484 0.6894799328631341 0.6895462223984267 0.6895697849489272 0.6895709976496145 0.6896176777603839 0.6896191514874928 0.6896432294971074 0.6896533069101147 0.6896646293011113 0.6896707734773947 0.6896760536729668 0.6896874824663356 0.6897081750946034 0.6897101184112836 0.6897114376626823 0.6897462140252367 0.6897857746017187 0.6897921192038289 0.6898075076405574 0.689815170535171 0.6898317798930925 0.6898332079329372 0.6898374919367112 0.6898410352628795 0.6898470773003523 0.6898507492674212 0.6898541066403856 0.6898602259516466 0.6898758377366592 0.6898815925861945 0.6898979635151905 0.6899203028462351 0.6899477366638965 0.689972083543043 0.6899886326840537 0.6900622307226547 0.6900966338220286 0.6901469634559053 0.6901504831186526 0.6901721061870918 0.6901735825103977 0.6901842395710468 0.6901848519161581 0.6901901554061156 0.6901977011629014 0.6902177738331573 0.6902178947811465 0.6902586885902522 0.6902805135915022 0.6902862591159342 0.6902921401468124 0.6902958110551238 0.6903086403329701 0.6903238584513934 0.6903594502331122 0.6903617352721197 0.6904036035232759 0.6904142180297312 0.6904220681313965 0.6904324707952914 0.6904349182883772 0.6904432812403278 0.6904863706199658 0.6905175904411243 0.6905483621778602 0.6906005420126866 0.6906793744713181 0.6906845772357183 0.6906953881231594 0.6907076256970276 0.6908608071108137 0.6909064960955923 0.6909318186906809 0.6911092422533113 0.6914223357381071 0.6916013985638658 0.6916395630261574 0.6933393901110927 0.6936059579757095 0.6959615133473631 0.6964164693219657 0.6964280364925471 0.6964292761272218 0.696448098763709 0.6966778545125563 0.6966799429871872 0.6966876919928946 0.69669258840073 0.6968137496292107 0.6968706563913557 0.6968959417331516 0.6969067607989546 0.6969655177613385 0.6969991531949608 0.6970050612336443 0.6970164979142923 0.6970228138684474 0.697067483613863 0.6970938216371977 0.6971604899853725 0.6971719060039452 0.6971744958013105 0.6971886469009094 0.6971937383593958 0.6972107503092321 0.6972161786437764 0.6972222956674403 0.697256975717615 0.6972581915341844 0.6973147169739924 0.6973314194999404 0.6973363197955067 0.697343459180756 0.6973777453869223 0.6973793575577131 0.6973867075631803 0.6974690992703494 0.6974722120873795 0.6974766516254707 0.6975103586828876 0.6975233558037057 0.6975258043500625 0.6975570093765856 0.6975609082062917 0.6976602178695755 0.6976614432843526 0.6977087566484124 0.6979025524850714 0.6979192733730736 0.6982445638047995 0.6996363105507903 0.6996600420299034 0.6999592202572725 0.7005484482493465 0.7018310942738364 0.7022974611764694 0.7024216773820979 0.7024630922453435 0.7025301879481428 0.7025503840876107 0.7026257052744608 0.7026741916746134 0.7026805165380616 0.7027348727944694 0.7027672007961859 0.7027672032885649 0.7027696502408467 0.702777401076469 0.7027953503800163 0.7028110594226092 0.7028122798367724 0.7028290134975576 0.7028296163259611 0.7028661185664461 0.7028877587200414 0.7028926439906514 0.7028932647546952 0.7029010171834945 0.7029022305505023 0.7029118164306136 0.7029262966698742 0.702952610755475 0.7030089051659576 0.7030348092745551 0.7030425616958005 0.7030515436105114 0.7030592867300708 0.7030605082819529 0.7030680574124968 0.7030705050448018 0.7030909019806778 0.7030986523632949 0.7031037500124574 0.7031049863114721 0.7031074234987387 0.703110890977838 0.7031133463255377 0.7031343454163653 0.7031547443899814 0.7031841148454266 0.7032021326466241 0.703244081837034 0.7033866555140834 0.7041527306911872 0.7042816782687139 0.7042855661779348 0.7043516692965909 0.7044218183905704 0.7044344599396793 0.7044868746159271 0.7045327738515165 0.7045429614334725 0.7045603158613669 0.7045609091541207 0.7045633833948959 0.704565807585881 0.7045890591875029 0.7045927344861644 0.7045988501693681 0.7046143529725877 0.7046308670310042 0.7046539421302715 0.7046551588777208 0.7046718709737326 0.7046896167606067 0.7046959395844381 0.704715110668548 0.7047469319243026 0.704750810285736 0.7047679425792687 0.7047852806542516 0.7047969950850745 0.7047991474016478 0.7048348565629783 0.7048483046959872 0.7048615627043598 0.7048650308623067 0.7048735959918006 0.7048795045548099 0.7048807358241616 0.7048819632631002 0.7048891219936032 0.7049227659897931 0.7049407032683764 0.7049496774677174 0.7049778381709478 0.7050043417085572 0.7050173955213417 0.7050271880874766 0.7050690011269655 0.7050720579529566 0.7051026587888861 0.7051747053104592 0.7052250050953861 0.7052442264756736 0.7064009176611096 0.7064156034551374 0.7064653726560886 0.7064884452387321 0.7064933164585956 0.7064982310864888 0.7065022899827735 0.7065257466848622 0.7065496417535471 0.7065508335638011 0.7065597064564156 0.7065820621747035 0.7065832436195086 0.7065952580908667 0.706612047249464 0.7066234775165505 0.7066300563909855 0.7066300584209377 0.706651490867319 0.706659142196559 0.7066624440220922 0.7066684431994626 0.7066696448161615 0.7066696463932997 0.7067012038368632 0.7067128244546689 0.7067224359190486 0.7067368964445675 0.7067440317671609 0.7067445636639874 0.7067509281840678 0.7067572303866845 0.7067572564511 0.7067656325729672 0.7067720366635893 0.7067752263502489 0.7067872415426135 0.7067896207214043 0.7067955848019157 0.7068044703669711 0.7068124231447518 0.7068436118622086 0.7068718857173674 0.7068868143763978 0.7069107989195366 0.7069216426597 0.706923037306548 0.7069855313552837 0.7070724264786644 0.7071078985744891 0.7077543373966324 0.7079918267637619 0.7085641192517854 0.7099365279069748 0.7102357196342356 0.7120776203979313 0.7132017317010958 0.7143999548712371 0.7146882641838774 0.7148386511247097 0.717150691090056 0.7185785939323004 0.7213795408973627 0.7220290073966157 0.7224244139454131 0.7226332687174016 0.72378760713097 0.7261878720112299 0.7263597880205492 0.7279688908086914 0.7280401339907882 0.7280619921749908 0.7293823117112408 0.7309992220092484 0.7333218350659929 0.7357062127497848 0.7367697551138437 0.7371736880776285 0.7376165172446882 0.7395692523115702 0.7401886314985213 0.7413302100773954 0.7420137142865066 0.7435532907431113 0.7439402309976564 0.7439712562640668 0.74408976699809 0.7443955987382779 0.7450772960448994 0.7451024755870272 0.745989716562398 0.7466873159109833 0.7469939264043549 0.7474082730607873 0.747413902575553 0.747627880891117 0.7502993683979722 0.7519164187161882 0.7521836539774547 0.7533947468738851 0.7538298225444052 0.7553839738721665 0.7559592842490231 0.7564470947621756 0.7569505611813441 0.7586661664966443 0.7590545636328542 0.7594019989180545 0.7597184926985239 0.7598435378323904 0.7609828377822526 0.762093773672772 0.7627386039533793 0.7661761637205292 0.7667121050741832 0.767218832030833 0.7683648411320373 0.7699582174163843 0.7699904557783616 0.7704376811332336 0.7707833930934133 0.7718688833460527 0.7722916603886781 0.7734101162221387 0.7751392517866131 0.775678652201619 0.7763781422069786 0.7771751019615343 0.7791654819904987 0.7818195129835134 0.7827667244443957 0.7832451709662992 0.7836900302509116 0.7838971693629779 0.7869684496303674 0.7878930622278048 0.7889724527722052 0.7891016417528075 0.7894122249079006 0.7902725812418209 0.7909898597941742 0.7911704638227909 0.7926353531191643 0.7936379396712719 0.7942969308140061 0.7954062226141123 0.7962547908687138 0.797296084469068 0.7998868880682416 0.8003527392714903 0.8008195592012287 0.80086015288505 0.8033411584030298 0.8034910138726729 0.8042598246816997 0.806415511629598 0.8068304029464122 0.8092310481831425 0.8094254155753309 0.8094754491846818 0.8106419230802341 0.8118166622441559 0.8126406525124517 0.8135754704917351 0.8136234702080875 0.8149591414261722 0.8192144205936335 0.8207320798628172 0.8212321121580674 0.8216995818221915 0.8217881234204981 0.8232951171519137 0.8296793937836622 0.8302763713253802 0.8315291567116369 0.8361119567891774 0.8439314250665055 0.8468302148754231 0.8488535259959163 0.8512155925562566 0.854664843902232 0.8604610134728439 0.8707805929967084 0.8779786625672162 0.8789853005483457 0.882205703929354 0.8898713105384045 0.8965342543120558

rand_p90 0.024258180311464466 0.024258180311464466 0.024258180311464466 0.024258180311464466 0.024258180311464466 0.024258180311464466 0.024258180311464466 0.024258180311464466 0.024258180311464466 0.024258180311464466 0.024258180311464466 0.024258180311464466 0.024258180311464466 0.024258180311464466 0.024258180311464466 0.024258180311464466 0.024258180311464466 0.024258180311464466 0.024258180311464466 0.024258180311464466

bonr_15 0.21684972831799118 0.1263093132407033 0.27930778681833035 0.33334769504635064 0.36296529754642715 0.13833107789312118 0.11533661391005343 0.13235095651854495 0.493729009775804 0.07819366690782878 0.37953024700236493 0.32491534140367756 0.5327850923744899 0.4657851609676123 0.43861762593810183 0.3409566854417359 0.26604213993216064 0.2730753184747693 0.3341839849314824 0.3448710986527948

bonr_sqrt 0.21684972831799118 0.1263093132407033 0.04798764983953468 0.10508697631614104 0.10963370546692323 0.11151886881622594 0.11533661391005343 0.05273968332553104 0.4877119036154793 0.07819366690782878 0.37953024700236493 0.1388249109384741 0.5327850923744899 0.43869798703433727 0.43861762593810183 0.3409566854417359 0.26604213993216064 0.158330298311479 0.2578878386002538 0.3448710986527948

rand_15 0.6590872198907387 0.6590872198907387 0.6590872198907387 0.6590872198907387 0.6590872198907387 0.6590872198907387 0.6590872198907387 0.6590872198907387 0.6590872198907387 0.6590872198907387 0.6590872198907387 0.6590872198907387 0.6590872198907387 0.6590872198907387 0.6590872198907387 0.6590872198907387 0.6590872198907387 0.6590872198907387 0.6590872198907387 0.6590872198907387

