#
 0,              bonr,50,  0.16,  0.00, *                   |                   ,  0.16,  0.88
 0,              bonr,60,  0.16,  0.00, *                   |                   ,  0.16,  0.88
 0,              bonr,55,  0.16,  0.00, *                   |                   ,  0.16,  0.88
 0,                b2,55,  0.16,  0.00, *                   |                   ,  0.16,  0.88
 0,                b2,60,  0.16,  0.00, *                   |                   ,  0.16,  0.88
 0,             focus,60,  0.16,  0.01, *                   |                   ,  0.16,  0.88
 0,              bonr,45,  0.16,  0.00, *                   |                   ,  0.16,  0.88
 0,             focus,55,  0.16,  0.01, *                   |                   ,  0.16,  0.88
 0,                b2,40,  0.16,  0.02, *                   |                   ,  0.16,  0.88
 0,                b2,35,  0.16,  0.02, *                   |                   ,  0.16,  0.88
 0,              bonr,40,  0.16,  0.00, *                   |                   ,  0.16,  0.88
 0,             focus,50,  0.16,  0.02, *                   |                   ,  0.16,  0.88
 0,                b2,30,  0.16,  0.02, *                   |                   ,  0.16,  0.88
 0,             focus,40,  0.16,  0.02, *                   |                   ,  0.16,  0.88
#
 1,                b2,50,  0.16,  0.00, *                   |                   ,  0.16,  0.88
 1,                b2,45,  0.16,  0.02, *                   |                   ,  0.16,  0.88
 1,              bonr,35,  0.16,  0.01, *                   |                   ,  0.16,  0.88
 1,             focus,45,  0.16,  0.02, *                   |                   ,  0.16,  0.88
#
 2,                b2,25,  0.16,  0.02, *                   |                   ,  0.16,  0.88
 2,              bonr,30,  0.16,  0.01, *                   |                   ,  0.16,  0.88
 2,             focus,35,  0.16,  0.02, *                   |                   ,  0.16,  0.88
 2,             focus,30,  0.16,  0.02, *                   |                   ,  0.16,  0.88
 2,                b2,20,  0.17,  0.03, *                   |                   ,  0.16,  0.88
 2,             focus,25,  0.18,  0.02, -*                  |                   ,  0.16,  0.88
 2,              rand,60,  0.18,  0.04, -*                  |                   ,  0.16,  0.88
 2,                PI,45,  0.18,  0.03, -*                  |                   ,  0.16,  0.88
 2,                EI,45,  0.18,  0.03, -*                  |                   ,  0.16,  0.88
 2,         UCB_minus,45,  0.18,  0.03, -*                  |                   ,  0.16,  0.88
 2,          UCB_plus,45,  0.18,  0.03, -*                  |                   ,  0.16,  0.88
 2,                EI,30,  0.18,  0.04, -*                  |                   ,  0.16,  0.88
 2,              rand,50,  0.18,  0.03, -*                  |                   ,  0.16,  0.88
 2,          UCB_plus,30,  0.18,  0.04, -*                  |                   ,  0.16,  0.88
#
 3,         UCB_minus,30,  0.18,  0.04, -*                  |                   ,  0.16,  0.88
 3,                PI,30,  0.18,  0.04, -*                  |                   ,  0.16,  0.88
 3,              bonr,25,  0.18,  0.02, -*                  |                   ,  0.16,  0.88
 3,              rand,55,  0.18,  0.03, -*                  |                   ,  0.16,  0.88
 3,             focus,20,  0.18,  0.04, -*                  |                   ,  0.16,  0.88
 3,              rand,40,  0.18,  0.03, -*                  |                   ,  0.16,  0.88
 3,              rand,45,  0.18,  0.03, -*                  |                   ,  0.16,  0.88
#
 4,                b2,15,  0.18,  0.03, -*                  |                   ,  0.16,  0.88
 4,         UCB_minus,35,  0.18,  0.02,  *                  |                   ,  0.16,  0.88
 4,              bonr,20,  0.18,  0.01,  *                  |                   ,  0.16,  0.88
 4,              rand,30,  0.18,  0.03,  *                  |                   ,  0.16,  0.88
 4,          UCB_plus,35,  0.18,  0.02,  *                  |                   ,  0.16,  0.88
 4,                EI,35,  0.18,  0.02,  *                  |                   ,  0.16,  0.88
 4,                PI,35,  0.18,  0.02,  *                  |                   ,  0.16,  0.88
 4,              rand,35,  0.18,  0.02,  *                  |                   ,  0.16,  0.88
 4,              rand,20,  0.19,  0.04,  *-                 |                   ,  0.16,  0.88
 4,                EI,60,  0.19,  0.02,  *                  |                   ,  0.16,  0.88
 4,          UCB_plus,60,  0.19,  0.02,  *                  |                   ,  0.16,  0.88
 4,                PI,60,  0.19,  0.02,  *                  |                   ,  0.16,  0.88
 4,              rand,25,  0.19,  0.03,  *                  |                   ,  0.16,  0.88
 4,         UCB_minus,60,  0.19,  0.02,  *                  |                   ,  0.16,  0.88
 4,         UCB_minus,25,  0.19,  0.05, -*-                 |                   ,  0.16,  0.88
 4,                PI,25,  0.19,  0.05, -*-                 |                   ,  0.16,  0.88
 4,          UCB_plus,25,  0.19,  0.05, -*-                 |                   ,  0.16,  0.88
 4,                EI,25,  0.19,  0.05, -*-                 |                   ,  0.16,  0.88
 4,         UCB_minus,55,  0.19,  0.03,  *                  |                   ,  0.16,  0.88
 4,                EI,55,  0.19,  0.03,  *                  |                   ,  0.16,  0.88
 4,          UCB_plus,55,  0.19,  0.03,  *                  |                   ,  0.16,  0.88
 4,                PI,55,  0.19,  0.03,  *                  |                   ,  0.16,  0.88
 4,                PI,50,  0.19,  0.03,  *                  |                   ,  0.16,  0.88
 4,          UCB_plus,50,  0.19,  0.03,  *                  |                   ,  0.16,  0.88
 4,         UCB_minus,50,  0.19,  0.03,  *                  |                   ,  0.16,  0.88
 4,                EI,50,  0.19,  0.03,  *                  |                   ,  0.16,  0.88
 4,                EI,40,  0.19,  0.03,  -*                 |                   ,  0.16,  0.88
 4,          UCB_plus,40,  0.19,  0.03,  -*                 |                   ,  0.16,  0.88
 4,                PI,40,  0.19,  0.03,  -*                 |                   ,  0.16,  0.88
 4,         UCB_minus,40,  0.19,  0.03,  -*                 |                   ,  0.16,  0.88
#
 5,              rand,15,  0.20,  0.04,  -*                 |                   ,  0.16,  0.88
 5,                b2,10,  0.20,  0.23,  -*-----------      |                   ,  0.16,  0.88
 5,                EI,20,  0.20,  0.20,  -*---------        |                   ,  0.16,  0.88
 5,                PI,20,  0.20,  0.20,  -*---------        |                   ,  0.16,  0.88
 5,          UCB_plus,20,  0.20,  0.20,  -*---------        |                   ,  0.16,  0.88
 5,         UCB_minus,20,  0.20,  0.20,  -*---------        |                   ,  0.16,  0.88
 5,              bonr,15,  0.20,  0.19,  -*---------        |                   ,  0.16,  0.88
 5,              rand,10,  0.20,  0.23,  -*-----------      |                   ,  0.16,  0.88
 5,             focus,15,  0.21,  0.19,   *---------        |                   ,  0.16,  0.88
#
 6,          UCB_plus,15,  0.21,  0.20,   *----------       |                   ,  0.16,  0.88
 6,                EI,15,  0.21,  0.20,   *----------       |                   ,  0.16,  0.88
 6,                PI,15,  0.21,  0.20,   *----------       |                   ,  0.16,  0.88
 6,         UCB_minus,15,  0.21,  0.20,   *----------       |                   ,  0.16,  0.88
 6,             focus,10,  0.39,  0.22,   -----------*-     |                   ,  0.16,  0.88
 6,          UCB_plus,10,  0.39,  0.24,   -----------*--    |                   ,  0.16,  0.88
 6,                PI,10,  0.39,  0.24,   -----------*--    |                   ,  0.16,  0.88
 6,         UCB_minus,10,  0.39,  0.24,   -----------*--    |                   ,  0.16,  0.88
 6,                EI,10,  0.39,  0.24,   -----------*--    |                   ,  0.16,  0.88
 6,              bonr,10,  0.41,  0.23,   ------------*     |                   ,  0.16,  0.88
#
 7,        baseline,1023,  0.69,  0.21,                     |--------*---       ,  0.16,  0.88
