#
 0,              bonr,60,  0.20,  0.10,  -*----             |                   ,  0.15,  0.82
 0,                b2,60,  0.20,  0.02,   *-                |                   ,  0.15,  0.82
 0,             focus,60,  0.21,  0.09, ---*-               |                   ,  0.15,  0.82
 0,             focus,55,  0.21,  0.09, ---*-               |                   ,  0.15,  0.82
 0,                b2,55,  0.22,  0.08,   -*---             |                   ,  0.15,  0.82
 0,              bonr,50,  0.22,  0.11,  --*----            |                   ,  0.15,  0.82
 0,                b2,50,  0.22,  0.09,   -*----            |                   ,  0.15,  0.82
#
 1,              bonr,55,  0.22,  0.11,  --*----            |                   ,  0.15,  0.82
 1,          UCB_plus,45,  0.22,  0.09,   --*---            |                   ,  0.15,  0.82
 1,                EI,60,  0.22,  0.04,    -*               |                   ,  0.15,  0.82
 1,                b2,45,  0.22,  0.09,   --*---            |                   ,  0.15,  0.82
 1,          UCB_plus,60,  0.22,  0.04,    -*               |                   ,  0.15,  0.82
 1,                PI,60,  0.22,  0.04,    -*               |                   ,  0.15,  0.82
 1,         UCB_minus,60,  0.22,  0.04,    -*               |                   ,  0.15,  0.82
 1,                PI,45,  0.22,  0.09,   --*---            |                   ,  0.15,  0.82
#
 2,         UCB_minus,45,  0.22,  0.09,   --*---            |                   ,  0.15,  0.82
 2,                EI,45,  0.22,  0.09,   --*---            |                   ,  0.15,  0.82
 2,          UCB_plus,55,  0.23,  0.08,   --*--             |                   ,  0.15,  0.82
 2,             focus,50,  0.23,  0.12, ----*--             |                   ,  0.15,  0.82
 2,         UCB_minus,55,  0.23,  0.08,   --*--             |                   ,  0.15,  0.82
 2,                EI,55,  0.23,  0.08,   --*--             |                   ,  0.15,  0.82
 2,                PI,55,  0.23,  0.08,   --*--             |                   ,  0.15,  0.82
 2,                b2,40,  0.25,  0.09,   ---*--            |                   ,  0.15,  0.82
 2,              rand,60,  0.26,  0.06,     --*             |                   ,  0.15,  0.82
 2,              rand,55,  0.26,  0.06,     --*             |                   ,  0.15,  0.82
 2,         UCB_minus,50,  0.27,  0.09,   ----*-            |                   ,  0.15,  0.82
 2,                EI,30,  0.27,  0.09,   ----*-            |                   ,  0.15,  0.82
 2,                EI,50,  0.27,  0.09,   ----*-            |                   ,  0.15,  0.82
 2,          UCB_plus,30,  0.27,  0.09,   ----*-            |                   ,  0.15,  0.82
 2,         UCB_minus,30,  0.27,  0.09,   ----*-            |                   ,  0.15,  0.82
 2,                PI,50,  0.27,  0.09,   ----*-            |                   ,  0.15,  0.82
 2,          UCB_plus,50,  0.27,  0.09,   ----*-            |                   ,  0.15,  0.82
 2,                PI,30,  0.27,  0.09,   ----*-            |                   ,  0.15,  0.82
 2,          UCB_plus,40,  0.27,  0.08,    ----*            |                   ,  0.15,  0.82
 2,         UCB_minus,40,  0.27,  0.08,    ----*            |                   ,  0.15,  0.82
 2,                PI,40,  0.27,  0.08,    ----*            |                   ,  0.15,  0.82
 2,                EI,40,  0.27,  0.08,    ----*            |                   ,  0.15,  0.82
 2,              rand,50,  0.28,  0.07,     ---*            |                   ,  0.15,  0.82
 2,              bonr,45,  0.28,  0.10,   -----*            |                   ,  0.15,  0.82
 2,             focus,30,  0.28,  0.07,    ----*            |                   ,  0.15,  0.82
 2,             focus,35,  0.28,  0.08,    ----*            |                   ,  0.15,  0.82
 2,             focus,40,  0.28,  0.08,    ----*            |                   ,  0.15,  0.82
 2,             focus,45,  0.28,  0.08,    ----*            |                   ,  0.15,  0.82
 2,              rand,35,  0.28,  0.07,     ---*            |                   ,  0.15,  0.82
 2,             focus,25,  0.28,  0.07,    ----*            |                   ,  0.15,  0.82
#
 3,              rand,40,  0.28,  0.07,     ---*            |                   ,  0.15,  0.82
 3,              rand,45,  0.28,  0.07,     ---*            |                   ,  0.15,  0.82
 3,              bonr,30,  0.28,  0.06,     ---*            |                   ,  0.15,  0.82
 3,              rand,25,  0.28,  0.08,     ---*            |                   ,  0.15,  0.82
 3,              rand,30,  0.28,  0.07,     ---*            |                   ,  0.15,  0.82
 3,              bonr,35,  0.28,  0.10,   -----*            |                   ,  0.15,  0.82
 3,              bonr,40,  0.28,  0.10,   -----*            |                   ,  0.15,  0.82
 3,                b2,35,  0.29,  0.09,   ------*           |                   ,  0.15,  0.82
 3,              bonr,15,  0.29,  0.02,        -*           |                   ,  0.15,  0.82
 3,              rand,20,  0.29,  0.06,      ---*           |                   ,  0.15,  0.82
 3,                b2,30,  0.29,  0.09,   ------*           |                   ,  0.15,  0.82
 3,                b2,15,  0.29,  0.05,      ---*           |                   ,  0.15,  0.82
 3,                b2,25,  0.29,  0.04,      ---*           |                   ,  0.15,  0.82
 3,         UCB_minus,35,  0.29,  0.05,      ---*           |                   ,  0.15,  0.82
 3,             focus,20,  0.29,  0.01,        -*           |                   ,  0.15,  0.82
 3,              bonr,25,  0.29,  0.06,      ---*           |                   ,  0.15,  0.82
 3,              bonr,20,  0.29,  0.03,       --*           |                   ,  0.15,  0.82
 3,                EI,35,  0.29,  0.05,      ---*           |                   ,  0.15,  0.82
 3,                PI,35,  0.29,  0.05,      ---*           |                   ,  0.15,  0.82
 3,                b2,20,  0.29,  0.04,      ---*           |                   ,  0.15,  0.82
 3,             focus,10,  0.29,  0.01,         *           |                   ,  0.15,  0.82
 3,          UCB_plus,35,  0.29,  0.05,      ---*           |                   ,  0.15,  0.82
 3,             focus,15,  0.29,  0.01,        -*           |                   ,  0.15,  0.82
 3,                EI,25,  0.29,  0.07,     ----*           |                   ,  0.15,  0.82
 3,                PI,25,  0.29,  0.07,     ----*           |                   ,  0.15,  0.82
 3,         UCB_minus,25,  0.29,  0.07,     ----*           |                   ,  0.15,  0.82
 3,          UCB_plus,25,  0.29,  0.07,     ----*           |                   ,  0.15,  0.82
 3,                EI,20,  0.30,  0.03,       --*           |                   ,  0.15,  0.82
 3,                PI,20,  0.30,  0.03,       --*           |                   ,  0.15,  0.82
#
 4,                EI,15,  0.30,  0.03,       --*           |                   ,  0.15,  0.82
 4,                PI,15,  0.30,  0.03,       --*           |                   ,  0.15,  0.82
 4,          UCB_plus,15,  0.30,  0.03,       --*           |                   ,  0.15,  0.82
 4,              rand,10,  0.30,  0.02,         *           |                   ,  0.15,  0.82
 4,          UCB_plus,20,  0.30,  0.03,       --*           |                   ,  0.15,  0.82
 4,         UCB_minus,20,  0.30,  0.03,       --*           |                   ,  0.15,  0.82
 4,         UCB_minus,15,  0.30,  0.03,       --*           |                   ,  0.15,  0.82
 4,              rand,15,  0.30,  0.06,      ---*           |                   ,  0.15,  0.82
#
 5,              bonr,10,  0.30,  0.02,         *           |                   ,  0.15,  0.82
 5,                b2,10,  0.30,  0.01,         *           |                   ,  0.15,  0.82
 5,         UCB_minus,10,  0.30,  0.03,         *           |                   ,  0.15,  0.82
 5,          UCB_plus,10,  0.30,  0.03,         *           |                   ,  0.15,  0.82
 5,                PI,10,  0.30,  0.03,         *           |                   ,  0.15,  0.82
 5,                EI,10,  0.30,  0.03,         *           |                   ,  0.15,  0.82
#
 6,        baseline,1599,  0.44,  0.11,             ----*-  |                   ,  0.15,  0.82
