#
 0,            rand,1208,  0.00,  0.00, *                   |                   ,  0.00,  1.00
#
 1,                EI,37,  0.05,  0.05, --*                 |                   ,  0.00,  1.00
 1,                PI,37,  0.05,  0.05, --*                 |                   ,  0.00,  1.00
#
 2,               UCB,37,  0.05,  0.05, --*                 |                   ,  0.00,  1.00
 2,                EI,15,  0.06,  0.04,  -*                 |                   ,  0.00,  1.00
 2,                PI,15,  0.06,  0.04,  -*                 |                   ,  0.00,  1.00
 2,               UCB,15,  0.06,  0.04,  -*                 |                   ,  0.00,  1.00
#
 3,      SimAnnealing,37,  0.07,  0.02,   *                 |                   ,  0.00,  1.00
 3,      SimAnnealing,15,  0.08,  0.04,   -*                |                   ,  0.00,  1.00
 3,    ExpProgressive,37,  0.08,  0.04,   -*                |                   ,  0.00,  1.00
 3,       progressive,37,  0.08,  0.04,   -*                |                   ,  0.00,  1.00
 3,              bonr,37,  0.08,  0.04,   -*                |                   ,  0.00,  1.00
 3,       SimAnnealing,9,  0.09,  0.04,   -*                |                   ,  0.00,  1.00
#
 4,                b2,15,  0.09,  0.05,   -*                |                   ,  0.00,  1.00
 4,                b2,37,  0.09,  0.05,   -*                |                   ,  0.00,  1.00
 4,       progressive,15,  0.09,  0.03,    *                |                   ,  0.00,  1.00
 4,              bonr,15,  0.09,  0.03,   -*                |                   ,  0.00,  1.00
 4,                 PI,9,  0.09,  0.04,   -*                |                   ,  0.00,  1.00
 4,                 EI,9,  0.09,  0.04,   -*                |                   ,  0.00,  1.00
 4,                UCB,9,  0.09,  0.04,   -*                |                   ,  0.00,  1.00
 4,    ExpProgressive,15,  0.09,  0.03,   -*                |                   ,  0.00,  1.00
 4,                 b2,9,  0.09,  0.05,   -*                |                   ,  0.00,  1.00
 4,               bonr,9,  0.09,  0.04,   -*                |                   ,  0.00,  1.00
 4,     ExpProgressive,9,  0.09,  0.02,    *                |                   ,  0.00,  1.00
#
 5,        progressive,9,  0.10,  0.03,    *                |                   ,  0.00,  1.00
#
 6,              rand,37,  0.13,  0.00,      *              |                   ,  0.00,  1.00
#
 7,            base,1343,  0.20,  0.17,     ----*--         |                   ,  0.00,  1.00
 7,              rand,15,  0.22,  0.00,         *           |                   ,  0.00,  1.00
 7,               rand,9,  0.29,  0.00,            *        |                   ,  0.00,  1.00
