#
 0,            rand,1360,  0.00,  0.00, *                   |                   ,  0.00,  1.00
#
 1,                EI,39,  0.06,  0.01,   *                 |                   ,  0.00,  1.00
 1,                PI,39,  0.06,  0.01,   *                 |                   ,  0.00,  1.00
 1,               UCB,39,  0.06,  0.01,   *                 |                   ,  0.00,  1.00
#
 2,       progressive,39,  0.08,  0.03,   -*                |                   ,  0.00,  1.00
 2,    ExpProgressive,39,  0.08,  0.04,   -*                |                   ,  0.00,  1.00
 2,              bonr,39,  0.08,  0.04,   -*                |                   ,  0.00,  1.00
 2,    ExpProgressive,15,  0.08,  0.04,   -*                |                   ,  0.00,  1.00
 2,                EI,15,  0.08,  0.03,   -*                |                   ,  0.00,  1.00
 2,                PI,15,  0.08,  0.03,   -*                |                   ,  0.00,  1.00
 2,               UCB,15,  0.08,  0.03,   -*                |                   ,  0.00,  1.00
 2,                 PI,9,  0.08,  0.04,   -*                |                   ,  0.00,  1.00
#
 3,                 EI,9,  0.08,  0.04,   -*                |                   ,  0.00,  1.00
 3,                UCB,9,  0.08,  0.04,   -*                |                   ,  0.00,  1.00
 3,              rand,39,  0.08,  0.00,    *                |                   ,  0.00,  1.00
 3,              bonr,15,  0.09,  0.04,   -*                |                   ,  0.00,  1.00
 3,       progressive,15,  0.09,  0.04,   -*                |                   ,  0.00,  1.00
 3,      SimAnnealing,39,  0.09,  0.05,   -*                |                   ,  0.00,  1.00
 3,      SimAnnealing,15,  0.09,  0.05,   -*                |                   ,  0.00,  1.00
 3,        progressive,9,  0.09,  0.04,   -*                |                   ,  0.00,  1.00
 3,               bonr,9,  0.09,  0.04,   -*                |                   ,  0.00,  1.00
 3,     ExpProgressive,9,  0.09,  0.04,   -*                |                   ,  0.00,  1.00
 3,       SimAnnealing,9,  0.09,  0.05,   -*                |                   ,  0.00,  1.00
 3,                 b2,9,  0.11,  0.05,    -*               |                   ,  0.00,  1.00
#
 4,                b2,15,  0.11,  0.05,    -*               |                   ,  0.00,  1.00
#
 5,                b2,39,  0.11,  0.05,    -*               |                   ,  0.00,  1.00
#
 6,              rand,15,  0.23,  0.00,          *          |                   ,  0.00,  1.00
#
 7,               rand,9,  0.24,  0.00,          *          |                   ,  0.00,  1.00
#
 8,            base,1512,  0.27,  0.26,      -----*----     |                   ,  0.00,  1.00
