#
 0,             rand,176,  0.35,  0.00,   *                 |                   ,  0.32,  0.86
#
 1,                EI,14,  0.39,  0.08,    --*---           |                   ,  0.32,  0.86
#
 2,                PI,14,  0.39,  0.08,    --*---           |                   ,  0.32,  0.86
 2,               UCB,14,  0.39,  0.08,    --*---           |                   ,  0.32,  0.86
 2,                EI,15,  0.40,  0.08,     --*--           |                   ,  0.32,  0.86
 2,                PI,15,  0.40,  0.08,     --*--           |                   ,  0.32,  0.86
 2,      SimAnnealing,15,  0.40,  0.07,     --*---          |                   ,  0.32,  0.86
 2,               UCB,15,  0.40,  0.08,     --*--           |                   ,  0.32,  0.86
 2,      SimAnnealing,14,  0.40,  0.08,    ---*---          |                   ,  0.32,  0.86
#
 3,                b2,15,  0.42,  0.07,     ----*           |                   ,  0.32,  0.86
 3,                b2,14,  0.42,  0.07,     ----*-          |                   ,  0.32,  0.86
 3,                 PI,9,  0.43,  0.07,     ----*           |                   ,  0.32,  0.86
 3,                 EI,9,  0.43,  0.07,     ----*           |                   ,  0.32,  0.86
 3,                UCB,9,  0.43,  0.07,     ----*           |                   ,  0.32,  0.86
 3,                 b2,9,  0.44,  0.07,       ---*-         |                   ,  0.32,  0.86
 3,       progressive,15,  0.45,  0.07,     -----*          |                   ,  0.32,  0.86
 3,       progressive,14,  0.45,  0.05,       ---*          |                   ,  0.32,  0.86
#
 4,       SimAnnealing,9,  0.45,  0.06,        --*-         |                   ,  0.32,  0.86
 4,    ExpProgressive,14,  0.45,  0.04,        ---*         |                   ,  0.32,  0.86
#
 5,    ExpProgressive,15,  0.45,  0.04,        ---*         |                   ,  0.32,  0.86
 5,              bonr,15,  0.45,  0.02,          -*         |                   ,  0.32,  0.86
 5,              bonr,14,  0.45,  0.02,          -*         |                   ,  0.32,  0.86
#
 6,     ExpProgressive,9,  0.46,  0.05,          -*--       |                   ,  0.32,  0.86
 6,        progressive,9,  0.46,  0.07,         --*--       |                   ,  0.32,  0.86
 6,               bonr,9,  0.46,  0.06,          -*--       |                   ,  0.32,  0.86
#
 7,             base,196,  0.53,  0.14,            ----*----|-                  ,  0.32,  0.86
#
 8,              rand,15,  0.70,  0.00,                     |       *           ,  0.32,  0.86
#
 9,              rand,14,  0.70,  0.00,                     |       *           ,  0.32,  0.86
#
10,               rand,9,  0.70,  0.00,                     |       *           ,  0.32,  0.86
