#
 0,             rand,680,  0.12,  0.00, *                   |                   ,  0.12,  0.84
#
 1,                b2,28,  0.19,  0.10,   -*----            |                   ,  0.12,  0.84
#
 2,      SimAnnealing,28,  0.19,  0.09,  --*--              |                   ,  0.12,  0.84
 2,                EI,15,  0.22,  0.08,   ---*-             |                   ,  0.12,  0.84
 2,                PI,15,  0.22,  0.08,   ---*-             |                   ,  0.12,  0.84
#
 3,               UCB,15,  0.22,  0.08,   ---*-             |                   ,  0.12,  0.84
 3,                b2,15,  0.24,  0.12,    ---*---          |                   ,  0.12,  0.84
 3,      SimAnnealing,15,  0.24,  0.11,   ----*-            |                   ,  0.12,  0.84
 3,                EI,28,  0.24,  0.04,      -*             |                   ,  0.12,  0.84
 3,                PI,28,  0.24,  0.04,      -*             |                   ,  0.12,  0.84
 3,               UCB,28,  0.24,  0.04,      -*             |                   ,  0.12,  0.84
#
 4,       SimAnnealing,9,  0.25,  0.13,    ----*---         |                   ,  0.12,  0.84
 4,                 PI,9,  0.27,  0.10,      ---*--         |                   ,  0.12,  0.84
 4,                 EI,9,  0.27,  0.10,      ---*--         |                   ,  0.12,  0.84
 4,                UCB,9,  0.27,  0.10,      ---*--         |                   ,  0.12,  0.84
 4,    ExpProgressive,28,  0.28,  0.13,    -----*--         |                   ,  0.12,  0.84
 4,    ExpProgressive,15,  0.28,  0.13,    -----*--         |                   ,  0.12,  0.84
 4,       progressive,28,  0.28,  0.08,       --*--         |                   ,  0.12,  0.84
 4,                 b2,9,  0.29,  0.07,       ---*          |                   ,  0.12,  0.84
 4,        progressive,9,  0.29,  0.08,       ---*-         |                   ,  0.12,  0.84
 4,     ExpProgressive,9,  0.29,  0.08,       ---*-         |                   ,  0.12,  0.84
 4,               bonr,9,  0.30,  0.08,       ---*-         |                   ,  0.12,  0.84
 4,              bonr,28,  0.30,  0.08,       ---*-         |                   ,  0.12,  0.84
 4,       progressive,15,  0.31,  0.08,       ----*         |                   ,  0.12,  0.84
 4,              bonr,15,  0.31,  0.08,       ----*         |                   ,  0.12,  0.84
#
 5,             base,756,  0.37,  0.20,           ---*------|                   ,  0.12,  0.84
#
 6,              rand,28,  0.70,  0.00,                     |           *       ,  0.12,  0.84
#
 7,               rand,9,  0.70,  0.00,                     |           *       ,  0.12,  0.84
 7,              rand,15,  0.70,  0.00,                     |           *       ,  0.12,  0.84
