#
 0,             rand,176,  0.33,  0.00, *                   |                   ,  0.33,  0.93
#
 1,                EI,14,  0.41,  0.07,   --*--             |                   ,  0.33,  0.93
#
 2,                PI,14,  0.41,  0.07,   --*--             |                   ,  0.33,  0.93
 2,               UCB,14,  0.41,  0.07,   --*--             |                   ,  0.33,  0.93
 2,                EI,15,  0.42,  0.07,    --*--            |                   ,  0.33,  0.93
 2,                PI,15,  0.42,  0.07,    --*--            |                   ,  0.33,  0.93
 2,               UCB,15,  0.42,  0.07,    --*--            |                   ,  0.33,  0.93
 2,      SimAnnealing,15,  0.44,  0.04,      -*-            |                   ,  0.33,  0.93
#
 3,    ExpProgressive,15,  0.44,  0.04,      -*-            |                   ,  0.33,  0.93
 3,      SimAnnealing,14,  0.44,  0.04,      -*-            |                   ,  0.33,  0.93
 3,       progressive,15,  0.44,  0.06,    ---*-            |                   ,  0.33,  0.93
 3,                b2,15,  0.44,  0.03,       *-            |                   ,  0.33,  0.93
 3,                b2,14,  0.44,  0.02,       *-            |                   ,  0.33,  0.93
 3,    ExpProgressive,14,  0.44,  0.04,      --*            |                   ,  0.33,  0.93
 3,       progressive,14,  0.44,  0.06,    ----*            |                   ,  0.33,  0.93
 3,                 PI,9,  0.44,  0.03,       -*            |                   ,  0.33,  0.93
 3,                 EI,9,  0.44,  0.03,       -*            |                   ,  0.33,  0.93
 3,                UCB,9,  0.44,  0.03,       -*            |                   ,  0.33,  0.93
 3,       SimAnnealing,9,  0.44,  0.03,       -*            |                   ,  0.33,  0.93
 3,        progressive,9,  0.45,  0.08,      --*---         |                   ,  0.33,  0.93
 3,                 b2,9,  0.45,  0.04,       -*-           |                   ,  0.33,  0.93
 3,              bonr,15,  0.45,  0.05,      --*-           |                   ,  0.33,  0.93
 3,              bonr,14,  0.45,  0.05,      --*-           |                   ,  0.33,  0.93
 3,     ExpProgressive,9,  0.45,  0.07,       -*---         |                   ,  0.33,  0.93
 3,               bonr,9,  0.47,  0.06,       --*--         |                   ,  0.33,  0.93
#
 4,             base,196,  0.54,  0.17,           ---*------|-                  ,  0.33,  0.93
#
 5,              rand,15,  0.70,  0.00,                     |   *               ,  0.33,  0.93
#
 6,              rand,14,  0.70,  0.00,                     |   *               ,  0.33,  0.93
#
 7,               rand,9,  0.70,  0.00,                     |   *               ,  0.33,  0.93
