#
 0,             rand,972,  0.00,  0.00, *                   |                   ,  0.00,  0.86
#
 1,                EI,33,  0.03,  0.11, -*---               |                   ,  0.00,  0.86
#
 2,                PI,33,  0.03,  0.11, -*---               |                   ,  0.00,  0.86
 2,               UCB,33,  0.03,  0.11, -*---               |                   ,  0.00,  0.86
#
 3,                EI,15,  0.22,  0.20,  ---------*         |                   ,  0.00,  0.86
 3,                PI,15,  0.22,  0.20,  ---------*         |                   ,  0.00,  0.86
 3,               UCB,15,  0.22,  0.20,  ---------*         |                   ,  0.00,  0.86
#
 4,    ExpProgressive,33,  0.23,  0.20,   --------*         |                   ,  0.00,  0.86
 4,      SimAnnealing,33,  0.23,  0.13,      -----*         |                   ,  0.00,  0.86
 4,       progressive,33,  0.23,  0.20,   --------*         |                   ,  0.00,  0.86
 4,                 PI,9,  0.23,  0.24,   --------*--       |                   ,  0.00,  0.86
#
 5,                 EI,9,  0.23,  0.24,   --------*--       |                   ,  0.00,  0.86
 5,                UCB,9,  0.23,  0.24,   --------*--       |                   ,  0.00,  0.86
 5,              bonr,33,  0.24,  0.13,      ------*        |                   ,  0.00,  0.86
 5,                b2,33,  0.25,  0.27, -----------*        |                   ,  0.00,  0.86
 5,    ExpProgressive,15,  0.25,  0.08,          --*-       |                   ,  0.00,  0.86
 5,       progressive,15,  0.25,  0.08,          --*-       |                   ,  0.00,  0.86
 5,                b2,15,  0.26,  0.07,          --*-       |                   ,  0.00,  0.86
 5,              bonr,15,  0.26,  0.08,          --*-       |                   ,  0.00,  0.86
 5,                 b2,9,  0.26,  0.03,            -*       |                   ,  0.00,  0.86
 5,      SimAnnealing,15,  0.26,  0.06,           --*       |                   ,  0.00,  0.86
#
 6,       SimAnnealing,9,  0.26,  0.04,            -*       |                   ,  0.00,  0.86
 6,        progressive,9,  0.26,  0.03,            -*       |                   ,  0.00,  0.86
 6,               bonr,9,  0.26,  0.04,            -*       |                   ,  0.00,  0.86
 6,     ExpProgressive,9,  0.26,  0.04,            -*       |                   ,  0.00,  0.86
#
 7,              rand,33,  0.30,  0.00,              *      |                   ,  0.00,  0.86
#
 8,            base,1080,  0.36,  0.19,               --*---|-                  ,  0.00,  0.86
#
 9,               rand,9,  0.44,  0.00,                     *                   ,  0.00,  0.86
 9,              rand,15,  0.44,  0.00,                     *                   ,  0.00,  0.86
