#
 0,            rand,2592,  0.02,  0.00, *                   |                   ,  0.01,  0.90
 0,                b2,54,  0.09,  0.06,  --*                |                   ,  0.01,  0.90
#
 1,                EI,54,  0.12,  0.07,   --*-              |                   ,  0.01,  0.90
 1,                PI,54,  0.12,  0.07,   --*-              |                   ,  0.01,  0.90
 1,               UCB,54,  0.12,  0.07,   --*-              |                   ,  0.01,  0.90
 1,      SimAnnealing,54,  0.13,  0.22,  ----*-----         |                   ,  0.01,  0.90
#
 2,                EI,15,  0.21,  0.22,     ----*-----      |                   ,  0.01,  0.90
 2,                PI,15,  0.21,  0.22,     ----*-----      |                   ,  0.01,  0.90
 2,               UCB,15,  0.21,  0.22,     ----*-----      |                   ,  0.01,  0.90
 2,              bonr,54,  0.21,  0.30,     ----*--------   |                   ,  0.01,  0.90
 2,      SimAnnealing,15,  0.21,  0.20,     -----*---       |                   ,  0.01,  0.90
 2,                b2,15,  0.26,  0.20,      ------*--      |                   ,  0.01,  0.90
#
 3,       SimAnnealing,9,  0.27,  0.23,        ----*-----   |                   ,  0.01,  0.90
 3,                 PI,9,  0.30,  0.12,          ---*--     |                   ,  0.01,  0.90
 3,                 EI,9,  0.30,  0.12,          ---*--     |                   ,  0.01,  0.90
 3,                UCB,9,  0.30,  0.12,          ---*--     |                   ,  0.01,  0.90
 3,    ExpProgressive,54,  0.32,  0.15,         -----*      |                   ,  0.01,  0.90
 3,       progressive,54,  0.32,  0.15,         -----*      |                   ,  0.01,  0.90
#
 4,                 b2,9,  0.33,  0.26,       --------*---  |                   ,  0.01,  0.90
 4,       progressive,15,  0.33,  0.14,            ---*--   |                   ,  0.01,  0.90
 4,              bonr,15,  0.33,  0.24,        -------*---  |                   ,  0.01,  0.90
 4,    ExpProgressive,15,  0.35,  0.10,              --*-   |                   ,  0.01,  0.90
 4,        progressive,9,  0.35,  0.16,            ----*--  |                   ,  0.01,  0.90
 4,     ExpProgressive,9,  0.37,  0.13,              ---*-  |                   ,  0.01,  0.90
#
 5,               bonr,9,  0.40,  0.17,            ------*- |                   ,  0.01,  0.90
#
 6,            base,2880,  0.53,  0.25,                  ---|--*----            ,  0.01,  0.90
#
 7,              rand,54,  0.65,  0.00,                     |       *           ,  0.01,  0.90
#
 8,              rand,15,  0.66,  0.00,                     |        *          ,  0.01,  0.90
#
 9,               rand,9,  0.66,  0.00,                     |        *          ,  0.01,  0.90
