UCB_minus,35 0.025440148843649268 0.003012353157518984 0.024419012180083507 0.006138646705464091 0.0006850846259798513 0.00045348275389596823 0.0558870403623016 0.003147927799291839 0.0005586829067780108 0.003641765643366578 0.0005145490340306771 0.0005047991980904168 0.006627292329215614 0.005913650491458076 0.013980341676942934 0.0005246450179924858 0.023949116240832485 0.003641765643366578 0.0004958858865355632 0.00045348275389596823

b2,40 0.11329857430283626 0.0031378318153300307 0.0005246450179924858 0.023209224844774248 0.0002787068486828348 0.07399058188924706 0.04913426937527493 0.003151389279507316 0.005960380474367017 0.023417202114387498 0.07666457535570315 0.0003126293547945105 0.07590304970829817 0.07947702803077833 0.00042907931837685425 0.00042907931837685425 0.005660962435728245 0.005796825534185722 0.022623946231673984 0.003147927799291839

UCB_plus,10 0.025440148843649268 0.0006214510813519964 0.04907657803835031 0.003641765643366578 0.10491313848084288 0.0007436124872898772 0.006473833372996128 0.0005137990466506573 0.12460319177321534 0.013620636191217938 0.0035984971406731138 0.1524911840425762 0.025058809106577533 0.12204169641376228 0.02440055095226763 0.05292747477806863 0.17199085592309743 0.0 0.13615299742552409 0.18086666810895008

bonr,20 0.023923732052585654 0.043647823233743666 0.0007752273399245686 0.2001759585776201 0.10094397450042908 0.07399058188924706 0.014729463686909115 0.07714052888533125 0.005960380474367017 0.11588603076390541 0.07666457535570315 0.006076628518270126 0.00572384599297608 0.014067744052383736 0.05263901809344554 0.1564805399909136 0.005660962435728245 0.0005047991980904168 0.022623946231673984 0.0002613994476054489

UCB_minus,25 0.025440148843649268 0.006185665145057655 0.09779979663803734 0.00572384599297608 0.006802962450151079 0.0618984776698469 0.0 0.0006214510813519964 0.0029748537885179813 0.0034450381844536274 0.006338835644592519 0.025263324895975308 0.00042907931837685425 0.0004958858865355632 0.0244089161961217 0.0006214510813519964 0.0004500789650174154 0.013620636191217938 0.013554579610439247 0.0030648522741203873

rand,20 0.025176787890588376 0.0031378318153300307 0.0005246450179924858 0.025260728785813702 0.0005145490340306771 0.023581045511253416 0.04913426937527493 0.022623946231673984 0.0034450381844536274 0.003171869704115556 0.02442853125067607 0.003627342809135423 0.003338886124512328 0.0007895059458134119 0.00042907931837685425 0.006076628518270126 0.005660962435728245 0.0005047991980904168 0.005660962435728245 0.0003126293547945105

EI,40 0.025440148843649268 0.0004958858865355632 0.024935061188874223 0.07579632073498764 0.0007419394385190635 0.0005246450179924858 0.0060512443300232924 0.0007877752057056733 0.013758230029783153 0.0029563925607021036 0.006074897778162387 0.0002787068486828348 0.0005751249378015274 0.000675738629398063 0.0002787068486828348 0.0004416848754948834 0.0037808017653549095 0.006098839682986103 0.00037372448059768234 0.006098839682986103

UCB_plus,15 0.025440148843649268 0.0009086385565627501 0.0028834130194924606 0.0006346047061708096 0.04734006879691929 0.06002062465295055 0.04605932111719274 0.0005586829067780108 0.049509263065284956 0.00037372448059768234 0.0034450381844536274 0.00045348275389596823 0.0005047991980904168 0.00042907931837685425 0.0029563925607021036 0.046388161737663074 0.014441872372339888 0.0005246450179924858 0.0030902364623672197 0.014558120416242997

rand,30 0.025176787890588376 0.0031378318153300307 0.0005246450179924858 0.0031378318153300307 0.0005145490340306771 0.023581045511253416 0.0032702334335720316 0.022623946231673984 0.0034450381844536274 0.0005450965969322633 0.000675738629398063 0.003627342809135423 0.003338886124512328 0.0007895059458134119 0.00042907931837685425 0.003548305677548695 0.005660962435728245 0.0005047991980904168 0.005660962435728245 0.0003126293547945105

rand,40 0.025176787890588376 0.0031378318153300307 0.0005246450179924858 0.0031378318153300307 0.0005145490340306771 0.0005450965969322633 0.0 0.022623946231673984 0.0034450381844536274 0.0005450965969322633 0.000675738629398063 0.003627342809135423 0.003338886124512328 0.0007895059458134119 0.00042907931837685425 0.003548305677548695 0.005660962435728245 0.0005047991980904168 0.005660962435728245 0.0003126293547945105

EI,15 0.025440148843649268 0.0009086385565627501 0.0028834130194924606 0.0006346047061708096 0.04734006879691929 0.06002062465295055 0.04605932111719274 0.0005586829067780108 0.049509263065284956 0.00037372448059768234 0.0034450381844536274 0.00045348275389596823 0.0005047991980904168 0.00042907931837685425 0.0029563925607021036 0.046388161737663074 0.014441872372339888 0.0005246450179924858 0.0030902364623672197 0.014558120416242997

bonr,50 0.0008760429512003406 0.043647823233743666 0.00045348275389596823 0.1978567668332504 0.000675738629398063 0.005709711615429548 0.014729463686909115 0.05731490095118591 0.005960380474367017 0.11588603076390541 0.07666457535570315 0.006076628518270126 0.005262603754263751 0.014067744052383736 0.04913426937527493 0.1564805399909136 0.00037372448059768234 0.00017307401077385718 0.0004416848754948834 0.0002613994476054489

focus,15 0.0004178295076765535 0.006138646705464091 0.0 0.16439579141697133 0.10094397450042908 0.21660356676690537 0.0004500789650174154 0.0008760429512003406 0.005960380474367017 0.11588603076390541 0.07666457535570315 0.006076628518270126 0.006185665145057655 0.014067744052383736 0.05263901809344554 0.1564805399909136 0.0005450965969322633 0.005796825534185722 0.022623946231673984 0.003147927799291839

rand,15 0.025176787890588376 0.0031378318153300307 0.0007752273399245686 0.025260728785813702 0.10094397450042908 0.08596153430110552 0.04913426937527493 0.022623946231673984 0.0034450381844536274 0.005725576733083819 0.02442853125067607 0.006076628518270126 0.07590304970829817 0.0007895059458134119 0.00042907931837685425 0.0558870403623016 0.005660962435728245 0.0005047991980904168 0.014162069388255488 0.0003126293547945105

PI,50 0.024682950046513642 0.0035950356604576364 0.006135185225248614 0.0009086385565627501 0.006185665145057655 0.0007419394385190635 0.003012353157518984 0.0028834130194924606 0.0032650412132488155 0.0037066683974067744 0.0009086385565627501 0.0005047991980904168 0.013997360621335699 0.0004500789650174154 0.006445276161218441 0.0247348722497458 0.0007419394385190635 0.0031767734677541483 0.00045348275389596823 0.0007877752057056733

PI,15 0.025440148843649268 0.0009086385565627501 0.0028834130194924606 0.0006346047061708096 0.04734006879691929 0.06002062465295055 0.04605932111719274 0.0005586829067780108 0.049509263065284956 0.00037372448059768234 0.0034450381844536274 0.00045348275389596823 0.0005047991980904168 0.00042907931837685425 0.0029563925607021036 0.046388161737663074 0.014441872372339888 0.0005246450179924858 0.0030902364623672197 0.014558120416242997

EI,60 0.023884501943476914 0.0005047991980904168 0.0004958858865355632 0.014343508642883413 0.0006454218318441757 0.00042907931837685425 0.0007877752057056733 0.0006454218318441757 0.0005047991980904168 0.0006454218318441757 0.0055236570538476516 0.00026341864439781074 0.003171869704115556 0.0005246450179924858 0.0002613994476054489 0.013931304040557011 0.014750809481571224 0.0004178295076765535 0.0028358176665296496 0.00037372448059768234

PI,10 0.025440148843649268 0.0006214510813519964 0.04907657803835031 0.003641765643366578 0.10491313848084288 0.0007436124872898772 0.006473833372996128 0.0005137990466506573 0.12460319177321534 0.013620636191217938 0.0035984971406731138 0.1524911840425762 0.025058809106577533 0.12204169641376228 0.02440055095226763 0.05292747477806863 0.17199085592309743 0.0 0.13615299742552409 0.18086666810895008

UCB_minus,55 0.023884501943476914 0.0003126293547945105 0.0009086385565627501 0.0004500789650174154 0.0006214510813519964 0.0 0.0007419394385190635 0.003601958620888591 0.0004500789650174154 0.0037808017653549095 0.00017307401077385718 0.0037808017653549095 0.0031597545233613853 0.0006214510813519964 0.0009790219876107853 0.0009086385565627501 0.0004840014711290915 0.0002787068486828348 0.0005246450179924858 0.0055236570538476516

UCB_minus,15 0.025440148843649268 0.0009086385565627501 0.0028834130194924606 0.0006346047061708096 0.04734006879691929 0.06002062465295055 0.04605932111719274 0.0005586829067780108 0.049509263065284956 0.00037372448059768234 0.0034450381844536274 0.00045348275389596823 0.0005047991980904168 0.00042907931837685425 0.0029563925607021036 0.046388161737663074 0.014441872372339888 0.0005246450179924858 0.0030902364623672197 0.014558120416242997

UCB_plus,40 0.025440148843649268 0.0004958858865355632 0.024935061188874223 0.07579632073498764 0.0007419394385190635 0.0005246450179924858 0.0060512443300232924 0.0007877752057056733 0.013758230029783153 0.0029563925607021036 0.006074897778162387 0.0002787068486828348 0.0005751249378015274 0.000675738629398063 0.0002787068486828348 0.0004416848754948834 0.0037808017653549095 0.006098839682986103 0.00037372448059768234 0.006098839682986103

EI,20 0.025440148843649268 0.046186242058426905 0.049010233000887006 0.023209224844774248 0.005961245844420888 0.0005450965969322633 0.0037066683974067744 0.0009997908689036482 0.006802962450151079 0.02493159970865875 0.0007436124872898772 0.0035950356604576364 0.0037808017653549095 0.024928138228443274 0.005876439579141698 0.0002787068486828348 0.015120610951258034 0.0002787068486828348 0.014558120416242997 0.0009086385565627501

UCB_plus,35 0.025440148843649268 0.003012353157518984 0.024419012180083507 0.006138646705464091 0.0006850846259798513 0.00045348275389596823 0.0558870403623016 0.003147927799291839 0.0005586829067780108 0.003641765643366578 0.0005145490340306771 0.0005047991980904168 0.006627292329215614 0.005913650491458076 0.013980341676942934 0.0005246450179924858 0.023949116240832485 0.003641765643366578 0.0004958858865355632 0.00045348275389596823

b2,20 0.11329857430283626 0.09119702312701469 0.0007752273399245686 0.11656678853961593 0.10094397450042908 0.07399058188924706 0.04913426937527493 0.003151389279507316 0.005960380474367017 0.023417202114387498 0.07666457535570315 0.006076628518270126 0.07590304970829817 0.07947702803077833 0.00042907931837685425 0.0725136836639768 0.005660962435728245 0.005796825534185722 0.07500018028542789 0.003147927799291839

EI,30 0.025440148843649268 0.0031955231522546495 0.005947688380243602 0.0 0.0031767734677541483 0.0005246450179924858 0.0002613994476054489 0.003151389279507316 0.0006214510813519964 0.00572384599297608 0.003333405447504489 0.006473833372996128 0.0004840014711290915 0.025164095796464964 0.0625330823760177 0.0004840014711290915 0.006098839682986103 0.003333405447504489 0.005876439579141698 0.04472088210054157

rand,60 0.024682950046513642 0.0031378318153300307 0.0005145490340306771 0.0031378318153300307 0.0005145490340306771 0.0005450965969322633 0.0 0.00026341864439781074 0.0034450381844536274 0.0005450965969322633 0.000675738629398063 0.003627342809135423 0.003338886124512328 0.0005246450179924858 0.00042907931837685425 0.00042907931837685425 0.0029748537885179813 0.0005047991980904168 0.0004416848754948834 0.0002613994476054489

b2,10 0.11329857430283626 0.09119702312701469 0.0007752273399245686 0.11656678853961593 0.10094397450042908 0.18115224022672696 0.04913426937527493 0.1382414238221953 0.005960380474367017 0.11588603076390541 0.07666457535570315 0.006076628518270126 0.07590304970829817 0.1526700271870425 0.05263901809344554 0.0725136836639768 0.005660962435728245 0.005796825534185722 0.08036547461941747 0.003147927799291839

focus,45 0.0004178295076765535 0.0 0.0002613994476054489 0.16439579141697133 0.00017307401077385718 0.006802962450151079 0.0002613994476054489 0.0008760429512003406 0.005549041242094484 0.11588603076390541 0.07666457535570315 0.0005450965969322633 0.005590579004680209 0.014067744052383736 0.005968168804851841 0.1564805399909136 0.0005450965969322633 0.0002613994476054489 0.022623946231673984 0.003147927799291839

PI,20 0.025440148843649268 0.046186242058426905 0.049010233000887006 0.023209224844774248 0.005961245844420888 0.0005450965969322633 0.0037066683974067744 0.0009997908689036482 0.006802962450151079 0.02493159970865875 0.0007436124872898772 0.0035950356604576364 0.0037808017653549095 0.024928138228443274 0.005876439579141698 0.0002787068486828348 0.015120610951258034 0.0002787068486828348 0.014558120416242997 0.0009086385565627501

bonr,60 0.0008760429512003406 0.043647823233743666 0.00045348275389596823 0.1770475016045403 0.000675738629398063 0.005709711615429548 0.014729463686909115 0.05731490095118591 0.005960380474367017 0.11588603076390541 0.07666457535570315 0.006076628518270126 0.005262603754263751 0.005947688380243602 0.04913426937527493 0.1564805399909136 0.00037372448059768234 0.00017307401077385718 0.0004416848754948834 0.0002613994476054489

UCB_plus,50 0.024682950046513642 0.0035950356604576364 0.006135185225248614 0.0009086385565627501 0.006185665145057655 0.0007419394385190635 0.003012353157518984 0.0028834130194924606 0.0032650412132488155 0.0037066683974067744 0.0009086385565627501 0.0005047991980904168 0.013997360621335699 0.0004500789650174154 0.006445276161218441 0.0247348722497458 0.0007419394385190635 0.0031767734677541483 0.00045348275389596823 0.0007877752057056733

bonr,55 0.0008760429512003406 0.043647823233743666 0.00045348275389596823 0.1770475016045403 0.000675738629398063 0.005709711615429548 0.014729463686909115 0.05731490095118591 0.005960380474367017 0.11588603076390541 0.07666457535570315 0.006076628518270126 0.005262603754263751 0.005947688380243602 0.04913426937527493 0.1564805399909136 0.00037372448059768234 0.00017307401077385718 0.0004416848754948834 0.0002613994476054489

b2,35 0.11329857430283626 0.07318867230599485 0.0005246450179924858 0.023209224844774248 0.0004178295076765535 0.07399058188924706 0.04913426937527493 0.003151389279507316 0.005960380474367017 0.023417202114387498 0.07666457535570315 0.0003126293547945105 0.07590304970829817 0.07947702803077833 0.00042907931837685425 0.00042907931837685425 0.005660962435728245 0.005796825534185722 0.07500018028542789 0.003147927799291839

UCB_plus,60 0.023884501943476914 0.0005047991980904168 0.0004958858865355632 0.014343508642883413 0.0006454218318441757 0.00042907931837685425 0.0007877752057056733 0.0006454218318441757 0.0005047991980904168 0.0006454218318441757 0.0055236570538476516 0.00026341864439781074 0.003171869704115556 0.0005246450179924858 0.0002613994476054489 0.013931304040557011 0.014750809481571224 0.0004178295076765535 0.0028358176665296496 0.00037372448059768234

EI,35 0.025440148843649268 0.003012353157518984 0.024419012180083507 0.006138646705464091 0.0006850846259798513 0.00045348275389596823 0.0558870403623016 0.003147927799291839 0.0005586829067780108 0.003641765643366578 0.0005145490340306771 0.0005047991980904168 0.006627292329215614 0.005913650491458076 0.013980341676942934 0.0005246450179924858 0.023949116240832485 0.003641765643366578 0.0004958858865355632 0.00045348275389596823

rand,50 0.025176787890588376 0.0031378318153300307 0.0005145490340306771 0.0031378318153300307 0.0005145490340306771 0.0005450965969322633 0.0 0.022623946231673984 0.0034450381844536274 0.0005450965969322633 0.000675738629398063 0.003627342809135423 0.003338886124512328 0.0005246450179924858 0.00042907931837685425 0.00042907931837685425 0.0029748537885179813 0.0005047991980904168 0.005660962435728245 0.0003126293547945105

focus,25 0.0004178295076765535 0.0005246450179924858 0.0003126293547945105 0.2001759585776201 0.10094397450042908 0.006138646705464091 0.0004500789650174154 0.0008760429512003406 0.005960380474367017 0.11588603076390541 0.07666457535570315 0.006076628518270126 0.005590579004680209 0.014067744052383736 0.005968168804851841 0.1564805399909136 0.0005450965969322633 0.0006214510813519964 0.022623946231673984 0.003147927799291839

b2,55 0.11329857430283626 0.0031378318153300307 0.0005246450179924858 0.023209224844774248 0.0002787068486828348 0.07399058188924706 0.042863221051568846 0.003151389279507316 0.005960380474367017 0.005725576733083819 0.07666457535570315 0.0003126293547945105 0.07590304970829817 0.07947702803077833 0.00042907931837685425 0.00042907931837685425 0.005660962435728245 0.005796825534185722 0.022623946231673984 0.003147927799291839

EI,55 0.023884501943476914 0.0003126293547945105 0.0009086385565627501 0.0004500789650174154 0.0006214510813519964 0.0 0.0007419394385190635 0.003601958620888591 0.0004500789650174154 0.0037808017653549095 0.00017307401077385718 0.0037808017653549095 0.0031597545233613853 0.0006214510813519964 0.0009790219876107853 0.0009086385565627501 0.0004840014711290915 0.0002787068486828348 0.0005246450179924858 0.0055236570538476516

UCB_plus,30 0.025440148843649268 0.0031955231522546495 0.005947688380243602 0.0 0.0031767734677541483 0.0005246450179924858 0.0002613994476054489 0.003151389279507316 0.0006214510813519964 0.00572384599297608 0.003333405447504489 0.006473833372996128 0.0004840014711290915 0.025164095796464964 0.0625330823760177 0.0004840014711290915 0.006098839682986103 0.003333405447504489 0.005876439579141698 0.04472088210054157

b2,60 0.11329857430283626 0.0031378318153300307 0.0005246450179924858 0.02287490354729608 0.0002787068486828348 0.07399058188924706 0.042863221051568846 0.003151389279507316 0.005960380474367017 0.005725576733083819 0.07666457535570315 0.0003126293547945105 0.07590304970829817 0.003012353157518984 0.00042907931837685425 0.00042907931837685425 0.005660962435728245 0.005796825534185722 0.022623946231673984 0.003147927799291839

b2,25 0.11329857430283626 0.09119702312701469 0.0007752273399245686 0.11656678853961593 0.10094397450042908 0.07399058188924706 0.04913426937527493 0.003151389279507316 0.005960380474367017 0.023417202114387498 0.07666457535570315 0.0003126293547945105 0.07590304970829817 0.07947702803077833 0.00042907931837685425 0.00042907931837685425 0.005660962435728245 0.005796825534185722 0.07500018028542789 0.003147927799291839

PI,60 0.023884501943476914 0.0005047991980904168 0.0004958858865355632 0.014343508642883413 0.0006454218318441757 0.00042907931837685425 0.0007877752057056733 0.0006454218318441757 0.0005047991980904168 0.0006454218318441757 0.0055236570538476516 0.00026341864439781074 0.003171869704115556 0.0005246450179924858 0.0002613994476054489 0.013931304040557011 0.014750809481571224 0.0004178295076765535 0.0028358176665296496 0.00037372448059768234

PI,45 0.024682950046513642 0.00033977312881754385 0.005713173095645025 0.015120610951258034 0.0006346047061708096 0.0007419394385190635 0.005913650491458076 0.00594941912035134 0.00037372448059768234 0.003601958620888591 0.0004178295076765535 0.00352638296951734 0.003556959378087388 0.002879086169223114 0.0005145490340306771 0.014747348001355746 0.022623946231673984 0.0028834130194924606 0.0006197491869127202 0.003171869704115556

bonr,30 0.0008760429512003406 0.043647823233743666 0.0007752273399245686 0.2001759585776201 0.10094397450042908 0.005709711615429548 0.014729463686909115 0.0650859240349321 0.005960380474367017 0.11588603076390541 0.07666457535570315 0.006076628518270126 0.005657500955512768 0.014067744052383736 0.05263901809344554 0.1564805399909136 0.00037372448059768234 0.0004178295076765535 0.022623946231673984 0.0002613994476054489

focus,30 0.0004178295076765535 0.0 0.0002613994476054489 0.2001759585776201 0.0004178295076765535 0.07436846014610331 0.0004500789650174154 0.0008760429512003406 0.005960380474367017 0.11588603076390541 0.07579632073498764 0.006076628518270126 0.005590579004680209 0.014067744052383736 0.005968168804851841 0.1564805399909136 0.0005450965969322633 0.0006214510813519964 0.022623946231673984 0.003147927799291839

bonr,40 0.0008760429512003406 0.043647823233743666 0.0007752273399245686 0.2001759585776201 0.002635628727401222 0.005709711615429548 0.014729463686909115 0.0650859240349321 0.005960380474367017 0.11588603076390541 0.07666457535570315 0.006076628518270126 0.005262603754263751 0.014067744052383736 0.05263901809344554 0.1564805399909136 0.00037372448059768234 0.00017307401077385718 0.0004416848754948834 0.0002613994476054489

PI,35 0.025440148843649268 0.003012353157518984 0.024419012180083507 0.006138646705464091 0.0006850846259798513 0.00045348275389596823 0.0558870403623016 0.003147927799291839 0.0005586829067780108 0.003641765643366578 0.0005145490340306771 0.0005047991980904168 0.006627292329215614 0.005913650491458076 0.013980341676942934 0.0005246450179924858 0.023949116240832485 0.003641765643366578 0.0004958858865355632 0.00045348275389596823

rand,25 0.025176787890588376 0.0031378318153300307 0.0005246450179924858 0.0031378318153300307 0.0005145490340306771 0.023581045511253416 0.04791409759931924 0.022623946231673984 0.0034450381844536274 0.0005450965969322633 0.02442853125067607 0.003627342809135423 0.003338886124512328 0.0007895059458134119 0.00042907931837685425 0.003548305677548695 0.005660962435728245 0.0005047991980904168 0.005660962435728245 0.0003126293547945105

UCB_minus,10 0.025440148843649268 0.0006214510813519964 0.04907657803835031 0.003641765643366578 0.10491313848084288 0.0007436124872898772 0.006473833372996128 0.0005137990466506573 0.12460319177321534 0.013620636191217938 0.0035984971406731138 0.1524911840425762 0.025058809106577533 0.12204169641376228 0.02440055095226763 0.05292747477806863 0.17199085592309743 0.0 0.13615299742552409 0.18086666810895008

PI,40 0.025440148843649268 0.0004958858865355632 0.024935061188874223 0.07579632073498764 0.0007419394385190635 0.0005246450179924858 0.0060512443300232924 0.0007877752057056733 0.013758230029783153 0.0029563925607021036 0.006074897778162387 0.0002787068486828348 0.0005751249378015274 0.000675738629398063 0.0002787068486828348 0.0004416848754948834 0.0037808017653549095 0.006098839682986103 0.00037372448059768234 0.006098839682986103

UCB_minus,40 0.025440148843649268 0.0004958858865355632 0.024935061188874223 0.07579632073498764 0.0007419394385190635 0.0005246450179924858 0.0060512443300232924 0.0007877752057056733 0.013758230029783153 0.0029563925607021036 0.006074897778162387 0.0002787068486828348 0.0005751249378015274 0.000675738629398063 0.0002787068486828348 0.0004416848754948834 0.0037808017653549095 0.006098839682986103 0.00037372448059768234 0.006098839682986103

UCB_plus,20 0.025440148843649268 0.046186242058426905 0.049010233000887006 0.023209224844774248 0.005961245844420888 0.0005450965969322633 0.0037066683974067744 0.0009997908689036482 0.006802962450151079 0.02493159970865875 0.0007436124872898772 0.0035950356604576364 0.0037808017653549095 0.024928138228443274 0.005876439579141698 0.0002787068486828348 0.015120610951258034 0.0002787068486828348 0.014558120416242997 0.0009086385565627501

UCB_minus,20 0.025440148843649268 0.046186242058426905 0.049010233000887006 0.023209224844774248 0.005961245844420888 0.0005450965969322633 0.0037066683974067744 0.0009997908689036482 0.006802962450151079 0.02493159970865875 0.0007436124872898772 0.0035950356604576364 0.0037808017653549095 0.024928138228443274 0.005876439579141698 0.0002787068486828348 0.015120610951258034 0.0002787068486828348 0.014558120416242997 0.0009086385565627501

rand,45 0.025176787890588376 0.0031378318153300307 0.0005246450179924858 0.0031378318153300307 0.0005145490340306771 0.0005450965969322633 0.0 0.022623946231673984 0.0034450381844536274 0.0005450965969322633 0.000675738629398063 0.003627342809135423 0.003338886124512328 0.0005246450179924858 0.00042907931837685425 0.00042907931837685425 0.005660962435728245 0.0005047991980904168 0.005660962435728245 0.0003126293547945105

bonr,10 0.023923732052585654 0.06277538599110111 0.0007752273399245686 0.2001759585776201 0.10094397450042908 0.07579632073498764 0.014729463686909115 0.07714052888533125 0.005960380474367017 0.11588603076390541 0.07666457535570315 0.006076628518270126 0.006627292329215614 0.10372181237334949 0.05263901809344554 0.1564805399909136 0.11612544981214258 0.0005047991980904168 0.022623946231673984 0.003147927799291839

b2,15 0.11329857430283626 0.09119702312701469 0.0007752273399245686 0.11656678853961593 0.10094397450042908 0.18115224022672696 0.04913426937527493 0.003151389279507316 0.005960380474367017 0.11588603076390541 0.07666457535570315 0.006076628518270126 0.07590304970829817 0.07947702803077833 0.00042907931837685425 0.0725136836639768 0.005660962435728245 0.005796825534185722 0.08036547461941747 0.003147927799291839

PI,25 0.025440148843649268 0.006185665145057655 0.09779979663803734 0.00572384599297608 0.006802962450151079 0.0618984776698469 0.0 0.0006214510813519964 0.0029748537885179813 0.0034450381844536274 0.006338835644592519 0.025263324895975308 0.00042907931837685425 0.0004958858865355632 0.0244089161961217 0.0006214510813519964 0.0004500789650174154 0.013620636191217938 0.013554579610439247 0.0030648522741203873

focus,50 0.0004178295076765535 0.0 0.00017307401077385718 0.16439579141697133 0.00017307401077385718 0.006802962450151079 0.0002613994476054489 0.0008760429512003406 0.005549041242094484 0.11588603076390541 0.005749230181222912 0.0005450965969322633 0.0006214510813519964 0.014067744052383736 0.005968168804851841 0.1564805399909136 0.0005450965969322633 0.0002613994476054489 0.0004416848754948834 0.003147927799291839

focus,60 0.0004178295076765535 0.0 0.0 0.1365539522171502 0.0004178295076765535 0.00561942467314252 0.0002613994476054489 0.0008760429512003406 0.0034450381844536274 0.11588603076390541 0.07666457535570315 0.0005450965969322633 0.00026341864439781074 0.014067744052383736 0.0005246450179924858 0.1564805399909136 0.0005450965969322633 0.0 0.0004416848754948834 0.003147927799291839

UCB_minus,30 0.025440148843649268 0.0031955231522546495 0.005947688380243602 0.0 0.0031767734677541483 0.0005246450179924858 0.0002613994476054489 0.003151389279507316 0.0006214510813519964 0.00572384599297608 0.003333405447504489 0.006473833372996128 0.0004840014711290915 0.025164095796464964 0.0625330823760177 0.0004840014711290915 0.006098839682986103 0.003333405447504489 0.005876439579141698 0.04472088210054157

b2,30 0.11329857430283626 0.09119702312701469 0.0005246450179924858 0.11656678853961593 0.10094397450042908 0.07399058188924706 0.04913426937527493 0.003151389279507316 0.005960380474367017 0.023417202114387498 0.07666457535570315 0.0003126293547945105 0.07590304970829817 0.07947702803077833 0.00042907931837685425 0.00042907931837685425 0.005660962435728245 0.005796825534185722 0.07500018028542789 0.003147927799291839

bonr,45 0.0008760429512003406 0.043647823233743666 0.00045348275389596823 0.1978567668332504 0.000675738629398063 0.005709711615429548 0.014729463686909115 0.05731490095118591 0.005960380474367017 0.11588603076390541 0.07666457535570315 0.006076628518270126 0.005262603754263751 0.014067744052383736 0.05263901809344554 0.1564805399909136 0.00037372448059768234 0.00017307401077385718 0.0004416848754948834 0.0002613994476054489

UCB_plus,25 0.025440148843649268 0.006185665145057655 0.09779979663803734 0.00572384599297608 0.006802962450151079 0.0618984776698469 0.0 0.0006214510813519964 0.0029748537885179813 0.0034450381844536274 0.006338835644592519 0.025263324895975308 0.00042907931837685425 0.0004958858865355632 0.0244089161961217 0.0006214510813519964 0.0004500789650174154 0.013620636191217938 0.013554579610439247 0.0030648522741203873

EI,45 0.024682950046513642 0.00033977312881754385 0.005713173095645025 0.015120610951258034 0.0006346047061708096 0.0007419394385190635 0.005913650491458076 0.00594941912035134 0.00037372448059768234 0.003601958620888591 0.0004178295076765535 0.00352638296951734 0.003556959378087388 0.002879086169223114 0.0005145490340306771 0.014747348001355746 0.022623946231673984 0.0028834130194924606 0.0006197491869127202 0.003171869704115556

PI,30 0.025440148843649268 0.0031955231522546495 0.005947688380243602 0.0 0.0031767734677541483 0.0005246450179924858 0.0002613994476054489 0.003151389279507316 0.0006214510813519964 0.00572384599297608 0.003333405447504489 0.006473833372996128 0.0004840014711290915 0.025164095796464964 0.0625330823760177 0.0004840014711290915 0.006098839682986103 0.003333405447504489 0.005876439579141698 0.04472088210054157

focus,35 0.0004178295076765535 0.0 0.0002613994476054489 0.2001759585776201 0.0004178295076765535 0.07436846014610331 0.0004500789650174154 0.0008760429512003406 0.005960380474367017 0.11588603076390541 0.07666457535570315 0.006076628518270126 0.005590579004680209 0.014067744052383736 0.005968168804851841 0.1564805399909136 0.0005450965969322633 0.0006214510813519964 0.022623946231673984 0.003147927799291839

UCB_minus,60 0.023884501943476914 0.0005047991980904168 0.0004958858865355632 0.014343508642883413 0.0006454218318441757 0.00042907931837685425 0.0007877752057056733 0.0006454218318441757 0.0005047991980904168 0.0006454218318441757 0.0055236570538476516 0.00026341864439781074 0.003171869704115556 0.0005246450179924858 0.0002613994476054489 0.013931304040557011 0.014750809481571224 0.0004178295076765535 0.0028358176665296496 0.00037372448059768234

UCB_minus,50 0.024682950046513642 0.0035950356604576364 0.006135185225248614 0.0009086385565627501 0.006185665145057655 0.0007419394385190635 0.003012353157518984 0.0028834130194924606 0.0032650412132488155 0.0037066683974067744 0.0009086385565627501 0.0005047991980904168 0.013997360621335699 0.0004500789650174154 0.006445276161218441 0.0247348722497458 0.0007419394385190635 0.0031767734677541483 0.00045348275389596823 0.0007877752057056733

UCB_plus,55 0.023884501943476914 0.0003126293547945105 0.0009086385565627501 0.0004500789650174154 0.0006214510813519964 0.0 0.0007419394385190635 0.003601958620888591 0.0004500789650174154 0.0037808017653549095 0.00017307401077385718 0.0037808017653549095 0.0031597545233613853 0.0006214510813519964 0.0009790219876107853 0.0009086385565627501 0.0004840014711290915 0.0002787068486828348 0.0005246450179924858 0.0055236570538476516

bonr,25 0.023923732052585654 0.043647823233743666 0.0007752273399245686 0.2001759585776201 0.10094397450042908 0.006124223871232936 0.014729463686909115 0.0650859240349321 0.005960380474367017 0.11588603076390541 0.07666457535570315 0.006076628518270126 0.00572384599297608 0.014067744052383736 0.05263901809344554 0.1564805399909136 0.00037372448059768234 0.0005047991980904168 0.022623946231673984 0.0002613994476054489

rand,10 0.025176787890588376 0.0031378318153300307 0.0007752273399245686 0.025260728785813702 0.10094397450042908 0.08596153430110552 0.04913426937527493 0.022623946231673984 0.005960380474367017 0.005725576733083819 0.07590304970829817 0.006076628518270126 0.07590304970829817 0.0007895059458134119 0.00042907931837685425 0.0725136836639768 0.005660962435728245 0.0005047991980904168 0.022623946231673984 0.0003126293547945105

focus,40 0.0004178295076765535 0.0 0.0002613994476054489 0.2001759585776201 0.0004178295076765535 0.07436846014610331 0.0002613994476054489 0.0008760429512003406 0.00561942467314252 0.11588603076390541 0.07666457535570315 0.0005450965969322633 0.005590579004680209 0.014067744052383736 0.005968168804851841 0.1564805399909136 0.0005450965969322633 0.00026341864439781074 0.022623946231673984 0.003147927799291839

rand,55 0.024682950046513642 0.0031378318153300307 0.0005145490340306771 0.0031378318153300307 0.0005145490340306771 0.0005450965969322633 0.0 0.022623946231673984 0.0034450381844536274 0.0005450965969322633 0.000675738629398063 0.003627342809135423 0.003338886124512328 0.0005246450179924858 0.00042907931837685425 0.00042907931837685425 0.0029748537885179813 0.0005047991980904168 0.0004416848754948834 0.0002613994476054489

EI,50 0.024682950046513642 0.0035950356604576364 0.006135185225248614 0.0009086385565627501 0.006185665145057655 0.0007419394385190635 0.003012353157518984 0.0028834130194924606 0.0032650412132488155 0.0037066683974067744 0.0009086385565627501 0.0005047991980904168 0.013997360621335699 0.0004500789650174154 0.006445276161218441 0.0247348722497458 0.0007419394385190635 0.0031767734677541483 0.00045348275389596823 0.0007877752057056733

UCB_minus,45 0.024682950046513642 0.00033977312881754385 0.005713173095645025 0.015120610951258034 0.0006346047061708096 0.0007419394385190635 0.005913650491458076 0.00594941912035134 0.00037372448059768234 0.003601958620888591 0.0004178295076765535 0.00352638296951734 0.003556959378087388 0.002879086169223114 0.0005145490340306771 0.014747348001355746 0.022623946231673984 0.0028834130194924606 0.0006197491869127202 0.003171869704115556

focus,55 0.0004178295076765535 0.0 0.00017307401077385718 0.16439579141697133 0.00017307401077385718 0.006802962450151079 0.0002613994476054489 0.0008760429512003406 0.005549041242094484 0.11588603076390541 0.005660962435728245 0.0005450965969322633 0.00026341864439781074 0.014067744052383736 0.005968168804851841 0.1564805399909136 0.0005450965969322633 0.0002613994476054489 0.0004416848754948834 0.003147927799291839

b2,50 0.11329857430283626 0.0031378318153300307 0.0005246450179924858 0.023209224844774248 0.0002787068486828348 0.07399058188924706 0.04913426937527493 0.003151389279507316 0.005960380474367017 0.005725576733083819 0.07666457535570315 0.0003126293547945105 0.07590304970829817 0.07947702803077833 0.00042907931837685425 0.00042907931837685425 0.005660962435728245 0.005796825534185722 0.022623946231673984 0.003147927799291839

UCB_plus,45 0.024682950046513642 0.00033977312881754385 0.005713173095645025 0.015120610951258034 0.0006346047061708096 0.0007419394385190635 0.005913650491458076 0.00594941912035134 0.00037372448059768234 0.003601958620888591 0.0004178295076765535 0.00352638296951734 0.003556959378087388 0.002879086169223114 0.0005145490340306771 0.014747348001355746 0.022623946231673984 0.0028834130194924606 0.0006197491869127202 0.003171869704115556

PI,55 0.023884501943476914 0.0003126293547945105 0.0009086385565627501 0.0004500789650174154 0.0006214510813519964 0.0 0.0007419394385190635 0.003601958620888591 0.0004500789650174154 0.0037808017653549095 0.00017307401077385718 0.0037808017653549095 0.0031597545233613853 0.0006214510813519964 0.0009790219876107853 0.0009086385565627501 0.0004840014711290915 0.0002787068486828348 0.0005246450179924858 0.0055236570538476516

focus,20 0.0004178295076765535 0.006138646705464091 0.0 0.2001759585776201 0.10094397450042908 0.18115224022672696 0.0004500789650174154 0.0008760429512003406 0.005960380474367017 0.11588603076390541 0.07666457535570315 0.006076628518270126 0.006185665145057655 0.014067744052383736 0.006074897778162387 0.1564805399909136 0.0005450965969322633 0.0008564278966459698 0.022623946231673984 0.003147927799291839

b2,45 0.11329857430283626 0.0031378318153300307 0.0005246450179924858 0.023209224844774248 0.0002787068486828348 0.07399058188924706 0.04913426937527493 0.003151389279507316 0.005960380474367017 0.023417202114387498 0.07666457535570315 0.0003126293547945105 0.07590304970829817 0.07947702803077833 0.00042907931837685425 0.00042907931837685425 0.005660962435728245 0.005796825534185722 0.022623946231673984 0.003147927799291839

EI,10 0.025440148843649268 0.0006214510813519964 0.04907657803835031 0.003641765643366578 0.10491313848084288 0.0007436124872898772 0.006473833372996128 0.0005137990466506573 0.12460319177321534 0.013620636191217938 0.0035984971406731138 0.1524911840425762 0.025058809106577533 0.12204169641376228 0.02440055095226763 0.05292747477806863 0.17199085592309743 0.0 0.13615299742552409 0.18086666810895008

bonr,15 0.023923732052585654 0.043647823233743666 0.0007752273399245686 0.2001759585776201 0.10094397450042908 0.07399058188924706 0.014729463686909115 0.07714052888533125 0.005960380474367017 0.11588603076390541 0.07666457535570315 0.006076628518270126 0.00572384599297608 0.014067744052383736 0.05263901809344554 0.1564805399909136 0.005660962435728245 0.0005047991980904168 0.022623946231673984 0.003147927799291839

baseline,2880 0.0 0.00017307401077385718 0.0002613994476054489 0.00026341864439781074 0.0002787068486828348 0.0003126293547945105 0.00033977312881754385 0.00037372448059768234 0.0004178295076765535 0.00042907931837685425 0.0004416848754948834 0.0004500789650174154 0.00045348275389596823 0.00047044400695180603 0.00048062652791900154 0.0004840014711290915 0.0004958858865355632 0.0004958858865355632 0.0005047991980904168 0.0005137990466506573 0.0005145490340306771 0.0005246450179924858 0.0005450965969322633 0.0005586829067780108 0.0005751249378015274 0.0006197491869127202 0.0006197491869127202 0.0006214510813519964 0.0006299317078799153 0.0006346047061708096 0.0006454218318441757 0.000675738629398063 0.000675738629398063 0.0006850846259798513 0.0007012093546502823 0.0007249493397947632 0.0007419394385190635 0.0007436124872898772 0.0007752273399245686 0.0007877752057056733 0.0007895059458134119 0.0008232553779143142 0.0008564278966459698 0.0008691199907693859 0.0008760429512003406 0.0009086385565627501 0.0009790219876107853 0.0009997908689036482 0.002635628727401222 0.0028358176665296496 0.002879086169223114 0.0028834130194924606 0.0029425466398401946 0.0029563925607021036 0.0029748537885179813 0.003012353157518984 0.0030521601799969713 0.0030648522741203873 0.0030902364623672197 0.0031378318153300307 0.003147927799291839 0.003149658539399577 0.003151389279507316 0.0031597545233613853 0.003171869704115556 0.0031767734677541483 0.0031955231522546495 0.0032145612934397737 0.0032650412132488155 0.0032702334335720316 0.0032846562678031863 0.003309175085996149 0.003333405447504489 0.003338886124512328 0.003383885367313531 0.003411000295668102 0.0034199424528914175 0.0034450381844536274 0.0034686916325927207 0.0034704223727004594 0.003503017978062869 0.00352638296951734 0.003548305677548695 0.003556959378087388 0.003562151598410604 0.0035950356604576364 0.0035984971406731138 0.003601958620888591 0.0036028239909424603 0.003627342809135423 0.003641765643366578 0.0037066683974067744 0.0037808017653549095 0.0037986860798015416 0.0039913751451297694 0.0039968558221376085 0.005262603754263751 0.0054642349768152946 0.0055236570538476516 0.005549041242094484 0.005590579004680209 0.00561942467314252 0.005649135711658698 0.005652597191874174 0.005657500955512768 0.005660962435728245 0.005662693175835984 0.005669904592951561 0.005680865946967238 0.005709711615429548 0.005713173095645025 0.00572384599297608 0.005725576733083819 0.005736538087099496 0.005749230181222912 0.00576019153523859 0.005796825534185722 0.005876439579141698 0.005913650491458076 0.005934130916066317 0.005947688380243602 0.00594941912035134 0.005960380474367017 0.005961245844420888 0.005968168804851841 0.005998745213421889 0.006050378959969424 0.0060512443300232924 0.006074897778162387 0.006076628518270126 0.006098839682986103 0.006124223871232936 0.006135185225248614 0.006138646705464091 0.006138646705464091 0.006185665145057655 0.006261240796428907 0.006270182953652222 0.006338835644592519 0.006445276161218441 0.006473833372996128 0.006568735622237126 0.006627292329215614 0.006802962450151079 0.01299468518558582 0.013018338633724912 0.013292372484116853 0.013359294434949412 0.013361025175057151 0.013501503580468597 0.013506984257476437 0.01355111813022377 0.013554579610439247 0.01357361775162437 0.013620636191217938 0.013627559151648889 0.013631309088548989 0.013747845589136722 0.013758230029783153 0.013761114596629383 0.013808998406276819 0.013819094390238627 0.013826017350669578 0.013849670798808673 0.01392957330044927 0.013931304040557011 0.013980341676942934 0.01398899537748163 0.013997360621335699 0.014020725612790167 0.014027937029905745 0.01405159047804484 0.014067744052383736 0.014162069388255488 0.014199280300571866 0.014262452314504325 0.01427139447172764 0.014287548046066531 0.014295913289920604 0.014343508642883413 0.014426584168054864 0.014441872372339888 0.014477641001233152 0.014558120416242997 0.014729463686909115 0.01473638664734007 0.014747348001355746 0.014750809481571224 0.015076477078510698 0.015101861266757529 0.01510359200686527 0.015120610951258034 0.021873958851653937 0.022181165220777534 0.022623946231673984 0.02287490354729608 0.022910672176189344 0.022975286473544916 0.02319191744369686 0.023209224844774248 0.02322451304905927 0.02323345520628259 0.023343357203123985 0.023417202114387498 0.0234622013571887 0.023506335229936035 0.023565757306968395 0.023577584031037938 0.023581045511253416 0.023595756802169195 0.023608448896292614 0.023623448643893014 0.023681139980817632 0.023684313004348485 0.02373623520758064 0.023758157915611998 0.02377431148995089 0.023779503710274107 0.023787868954128176 0.023795945741297623 0.023826810606552295 0.023884501943476914 0.02388623268358465 0.023913059155254598 0.023923732052585654 0.023931231926385854 0.023932097296439723 0.023949116240832485 0.023950846980940223 0.023981423389510273 0.023986327153148863 0.02405757595425077 0.024208727256993273 0.024234111445240104 0.02426814933402563 0.02430536024634201 0.024338532765073664 0.0243601670164204 0.024368243803589842 0.02439189725172894 0.02440055095226763 0.024403723975798482 0.0244089161961217 0.024419012180083507 0.024422473660298986 0.02442853125067607 0.024430550447468433 0.02445564617903064 0.02446487679293858 0.02448824178439305 0.024497183941616367 0.02455314453843325 0.024600739891396058 0.024604201371611536 0.024605355198350026 0.0246362200636047 0.024652373637943592 0.024660161968428414 0.024668527212282486 0.024682950046513642 0.024699103620852533 0.0247348722497458 0.024800928830524486 0.024802659570632227 0.024834389805940767 0.024928138228443274 0.02493159970865875 0.024935061188874223 0.025058809106577533 0.025058809106577533 0.025075828050970295 0.025111308223178936 0.025140730805010492 0.025164095796464964 0.025176787890588376 0.025255536565490483 0.025260728785813702 0.025263324895975308 0.025297651241445455 0.025299381981553192 0.02529967043823782 0.025440148843649268 0.025450821740980317 0.025477936669334893 0.025595050083291868 0.02569774066301769 0.02633061462908076 0.026572341330794915 0.042863221051568846 0.04293245065587838 0.043137254901960784 0.043321867180119565 0.043647823233743666 0.0440430088916773 0.04439492604691748 0.04454492352292149 0.04464299879569335 0.04472088210054157 0.04472376666738781 0.044772804303773735 0.04500356965147222 0.04540452444309831 0.045540099084871166 0.0456641354592591 0.04584874773741788 0.045964130411267116 0.04605932111719274 0.046186242058426905 0.046388161737663074 0.04640835370558668 0.046480467876742454 0.047293915727379586 0.04734006879691929 0.047596795246233836 0.047599679813080074 0.04779006122493131 0.04791409759931924 0.04834101349256142 0.04834966719310012 0.04843331963164081 0.04851120293648905 0.04859485537502975 0.048701584348340286 0.04871312261572522 0.048897734893884 0.048949657097116156 0.049010233000887006 0.049024655835118156 0.04907657803835031 0.04913426937527493 0.04913715394212117 0.04919772984589201 0.04921215268012317 0.04928138228443271 0.04930734338604879 0.04942561062674426 0.049509263065284956 0.04961022290490304 0.04970252904398243 0.04982656541837036 0.049835219118909056 0.04991887155744976 0.049933294391680906 0.050034254231298994 0.050077522733992456 0.05014386777145577 0.050172713439918075 0.050184251707303 0.050314057215383394 0.05038617138653917 0.050435209022925094 0.05058809106577534 0.050642897835853726 0.050642897835853726 0.05081597184662758 0.05091404711939943 0.050942892787861745 0.05117365813556022 0.05126596427463961 0.051309232777333076 0.05135538584687277 0.051358270413719 0.05187460787919434 0.05200441338727473 0.05209095039266166 0.05263901809344554 0.05272555509883247 0.05279190013629578 0.05283516863898925 0.05292747477806863 0.05339765917400428 0.05358804058585553 0.05371207696024346 0.053743807195552 0.05396303427586555 0.05396591884271178 0.054147646554024334 0.05426879836156603 0.0544620643402635 0.054989940073123765 0.05524089738874586 0.055396663998442335 0.05565627501460312 0.0558870403623016 0.0559245397313026 0.05629664885446639 0.056308187121851316 0.056729333881401035 0.05683606285471158 0.05728317071587737 0.057312016384339685 0.05731490095118591 0.057369707721264304 0.05770143290858086 0.05819180927244012 0.058243731475672286 0.05861584059883608 0.05863314799991347 0.05863603256675969 0.05864468626729839 0.05880910657753355 0.058889874449228025 0.05903987192523203 0.05918986940123603 0.05938890451362597 0.059654284663479225 0.05966870749771038 0.059807166706329455 0.059856204342715394 0.05993120308071739 0.060009086385565624 0.06002062465295055 0.060715805262892206 0.06075042006504699 0.060984069979591694 0.061217719894136394 0.061220604460982625 0.06124079642890625 0.06125233469629116 0.06135040996906302 0.06141387043968011 0.061520599412990644 0.061604251851531344 0.06169655799061073 0.06180617153076751 0.061809056097613745 0.0618984776698469 0.061976360974695145 0.062077320814313226 0.06209462821539061 0.06211770475016045 0.062129243017545376 0.062253279391933314 0.06231673986255039 0.06236000836524385 0.0625330823760177 0.06265423418355942 0.06277538599110111 0.06280134709271719 0.06287346126387297 0.06311576487895637 0.06342441353150308 0.06358018014119955 0.06413401697567589 0.06421478484737037 0.06442535822714521 0.06451189523253215 0.06456958656945676 0.06492150372469695 0.06505419379962356 0.0650859240349321 0.06516669190662658 0.0653743807195552 0.06647916982166166 0.06790991497739221 0.06803683591862637 0.06999834137406342 0.0724011855569738 0.0725136836639768 0.07258868240197881 0.07318867230599485 0.07340501481946217 0.07347135985692549 0.07379731591054958 0.07395308252024606 0.07399058188924706 0.07404250409247921 0.07416365590002091 0.07436846014610331 0.07440307494825808 0.07452422675579978 0.07459634092695556 0.0745992254938018 0.07460499462749424 0.07464537856334148 0.07471460816765103 0.07476941493772941 0.07500018028542789 0.07506940988973743 0.07508671729081483 0.07528286783635851 0.07541555791128514 0.07543574987920877 0.07545882641397861 0.07549921034982585 0.07554824798621178 0.07555978625359669 0.0756809380611384 0.07572420656383186 0.07573286026437055 0.07579632073498764 0.07581939726975748 0.07584824293821979 0.0758857423072208 0.07590304970829817 0.07595208734468412 0.07597227931260772 0.07600112498107003 0.07600977868160873 0.07613669962284288 0.07619150639292127 0.07621746749453735 0.07624342859615343 0.0762780433983082 0.07633861930207905 0.07636458040369513 0.07655496181554637 0.07658092291716245 0.07666457535570315 0.07667322905624185 0.07671072842524285 0.07676553519532123 0.07677418889585994 0.0768289956659383 0.07687514873547802 0.07689534070340162 0.07690110983709408 0.07693572463924886 0.07693572463924886 0.07706553014732925 0.07707706841471418 0.0771347597516388 0.07714052888533125 0.0771636054201011 0.07716648998694733 0.07733667943087497 0.07735398683195235 0.07737706336672219 0.0774347547036468 0.07746360037210911 0.07757609847911212 0.07781263296050307 0.07789340083219753 0.07795397673596838 0.07802320634027793 0.07811839704620355 0.07816455011574325 0.07818474208366685 0.07819916491789801 0.07823377972005278 0.07829435562382364 0.07830589389120857 0.07840108459713417 0.07849050616936734 0.07851069813729096 0.07853665923890704 0.07860011970952412 0.07860588884321659 0.07898665166691907 0.0789895362337653 0.07899242080061153 0.07899530536745776 0.07922030158146377 0.07932991512162055 0.07937318362431402 0.0794654897633934 0.07947702803077833 0.07966740944262957 0.07970490881163057 0.07980586865124865 0.07984913715394212 0.07989240565663559 0.07997605809517629 0.07998182722886875 0.08006547966740944 0.08020393887602853 0.0802298999776446 0.08036547461941747 0.08051258752857525 0.08069431523988778 0.08074623744311994 0.08090488861966265 0.0810404632614355 0.08113853853420736 0.08149045568944754 0.081533724192141 0.0817298747376847 0.08194621725115202 0.08199813945438418 0.08250870778616706 0.082632744160555 0.08291254714463939 0.08291543171148562 0.08300196871687254 0.08326734886672581 0.08391637640712776 0.08445579040737294 0.08472405512407244 0.0847586699262272 0.08491732110276991 0.08508462597985131 0.08532692959493471 0.0853730826644744 0.08538462093185932 0.08596153430110552 0.08648075633342708 0.08679228955282002 0.08680959695389741 0.08682978892182103 0.08702017033367226 0.08710959190590542 0.08757112260130238 0.08835284021663097 0.08897013752172439 0.08910859673034348 0.08937397688019673 0.08976627797128413 0.09018742473083387 0.09119702312701469 0.09122875336232324 0.09184316610057042 0.09305468417598742 0.09349313833661453 0.09367486604792707 0.09374409565223663 0.09375563391962155 0.09387101659347079 0.09397197643308887 0.09398063013362756 0.09433831642256019 0.09438158492525366 0.09441043059371597 0.09450562129964159 0.09525849324650787 0.09553541166374603 0.09564790977074905 0.09585559858367769 0.09670943037016204 0.09726903633833085 0.0974046109801037 0.09779979663803734 0.0983190186703589 0.09839978654205338 0.09852382291644131 0.09862766732290562 0.09873439629621616 0.09903727581507042 0.0992132343926905 0.09922477266007543 0.09942380777246537 0.09949303737677491 0.09962572745170153 0.09999206744117287 0.10003245137702009 0.10029206239318088 0.10053148144141806 0.10066128694949845 0.10091224426512053 0.10092089796565923 0.10094397450042908 0.1010478189068934 0.1017574223510662 0.10180069085375967 0.10234587398769733 0.10240068075777571 0.10247279492893148 0.10253625539954857 0.10287086515371135 0.10314778357094953 0.10316220640518067 0.10329201191326107 0.10334681868333946 0.10334970325018569 0.10359489143211532 0.10367277473696357 0.10370162040542588 0.10372181237334949 0.1043102640099806 0.10482083234176348 0.10491313848084288 0.10539774571100967 0.10622273182903172 0.10629773056703373 0.10710252471713216 0.10888518702810289 0.10900345426879836 0.10920825851488075 0.10956017567012094 0.10969863487874001 0.11026977911429375 0.11041112288975907 0.11066208020538115 0.11106015043016103 0.11109188066546957 0.11177263844118007 0.11200340378887855 0.11225147653765441 0.11248801101904536 0.11260627825974082 0.11280242880528453 0.11284858187482423 0.11291781147913377 0.11313126942575485 0.11329857430283626 0.11337068847399202 0.11342837981091665 0.11349184028153372 0.11362164578961412 0.11398221664539299 0.11398798577908545 0.11457355284887033 0.1150264298437286 0.11512450511650045 0.11512450511650045 0.11522834952296476 0.11536680873158384 0.11547065313804816 0.11549949880651048 0.11581680115959588 0.11583987769436571 0.11588603076390541 0.11603025910621696 0.11612544981214258 0.1161456417800662 0.11618602571591344 0.11656678853961593 0.1168062075878531 0.11684659152370032 0.11698216616547318 0.11713793277516966 0.11715235560940081 0.11715524017624702 0.11751869559887214 0.11751869559887214 0.1176744622085686 0.11807830156704094 0.11813310833711933 0.1181388774708118 0.11820522250827512 0.11821387620881378 0.11864079210205597 0.11882828894706098 0.11916578326807 0.11931289617722779 0.11943116341792327 0.11980038797424081 0.11985807931116543 0.11991577064809004 0.12001384592086191 0.1207119110976498 0.12071768023134226 0.12074075676611211 0.12100325234911914 0.12101479061650405 0.12115613439196936 0.12115613439196936 0.12149939784667085 0.12184554586821857 0.12204169641376228 0.12217438648868889 0.12331955952664257 0.12372051431826869 0.12460319177321534 0.1253531791532354 0.12605701346371576 0.12628489424456799 0.1264925830574966 0.12678969344265842 0.12728872350705636 0.12737237594559706 0.12745314381729153 0.12777909987091562 0.12780217640568547 0.1278800597105337 0.12838485890862414 0.1287165840959407 0.12919542219241503 0.1295934924171949 0.12969156768996676 0.13030598042821395 0.13038097916621594 0.13097519993653953 0.13120019615054557 0.13132711709177972 0.13143384606509023 0.1315030756693998 0.1315146139367847 0.13156076700632444 0.1316040355090179 0.13174249471763697 0.13177710951979174 0.13191556872841081 0.1320453742364912 0.13213191124187812 0.13219825627934145 0.13224729391572737 0.13268286350950825 0.13279536161651126 0.1330030504294399 0.13310977940275043 0.13328862254721677 0.13337804411944992 0.13363188600191822 0.13376169150999861 0.1337674606436911 0.13452033259055737 0.134803020141488 0.13482321210941162 0.13485494234472017 0.13496455588487694 0.13498186328595432 0.13498186328595432 0.1352876273716548 0.13532801130750202 0.1355183927193533 0.1356568519279724 0.13599146168213516 0.1360029999495201 0.13615299742552409 0.13643280040960848 0.13646453064491704 0.1365539522171502 0.13698952181093108 0.13701259834570093 0.13711067361847276 0.13721163345809084 0.1376154728165632 0.13771354808933503 0.13786643013218527 0.13809719547988375 0.13816354051734706 0.1382414238221953 0.13894237356582942 0.13904910253913996 0.13921063828252891 0.13976447511700524 0.13976735968385148 0.13988274235770073 0.13995774109570272 0.1402144675450173 0.14051157793017904 0.140973108625576 0.14105676106411671 0.14131348751343126 0.1413538714492785 0.14143175475412673 0.14170290403767244 0.14181540214467547 0.14185578608052268 0.14185578608052268 0.14225097173845633 0.14227981740691864 0.14248462165300105 0.14268942589908343 0.1428538462093186 0.14385767547180695 0.14386632917234565 0.1440480568836582 0.14406247971788935 0.14412305562166022 0.14415190129012254 0.14420093892650845 0.14449228017797777 0.14452112584644008 0.14453554868067123 0.14460477828498078 0.1447288146593687 0.14476919859521595 0.14529130519438377 0.14562591494854654 0.1457989889593204 0.1458364883283214 0.14594610186847817 0.14665282074580477 0.1467480114517304 0.14697877679942886 0.14706819837166202 0.1470855057727394 0.14723838781558965 0.14751242166598158 0.14775760984791123 0.14785280055383682 0.14791914559130015 0.14814125723845992 0.148467213292084 0.14877586194463072 0.14909604886456237 0.14931816051172214 0.14951719562411211 0.14996141891843165 0.15000757198797138 0.1501431466297442 0.1502729521378246 0.15036814284375025 0.15039987307905875 0.15080082787068488 0.15089313400976426 0.1510171703841522 0.15107486172107681 0.15107486172107681 0.15125370486554313 0.15133735730408382 0.15141235604208583 0.1518363873684818 0.15185081020271293 0.15199215397817825 0.15206715271618026 0.15223734216010787 0.15233830199972595 0.15246233837411388 0.1524911840425762 0.1526700271870425 0.15270175742235106 0.15272771852396713 0.1527709870266606 0.1527998326951229 0.15286329316574002 0.15293252277004954 0.15295271473797314 0.1529930986738204 0.15309117394659225 0.1534690522034485 0.15352097440668064 0.15367097188268466 0.1537027021179932 0.1537950082570726 0.15386423786138215 0.15387289156192085 0.15395942856730777 0.15412673344438915 0.15414404084546654 0.15420173218239117 0.1542796154872394 0.15428250005408564 0.1546055715408635 0.1548305677548695 0.1548392214554082 0.15490845105971773 0.1549430658618725 0.1552315225464956 0.15572766804404733 0.15595266425805335 0.15596420252543827 0.15601900929551665 0.1561055463009036 0.15623823637583023 0.1562843894453699 0.15638246471814177 0.1564805399909136 0.15654976959522315 0.15665072943484123 0.1567689966755367 0.15695072438684926 0.15812474309326527 0.15845069914688936 0.15846800654796672 0.15875069409889736 0.15876800149997478 0.1597862535966943 0.1603833589338641 0.16043816570394248 0.16130353575781176 0.1616612220467444 0.16172179795051525 0.16310927460355235 0.1632621566464026 0.16337177018655935 0.1634871528604086 0.16368041883910608 0.16381887804772516 0.16393426072157438 0.1643640611816628 0.16439579141697133 0.16439579141697133 0.16449963582343566 0.1646236721978236 0.1649150134492929 0.16525539233714817 0.16543423548161448 0.16560154035869587 0.1657140384656989 0.16576596066893104 0.16616980002740336 0.16632845120394607 0.16657363938587572 0.16659383135379935 0.1667294059955722 0.16687651890472996 0.16696017134327068 0.16696017134327068 0.1670467083486576 0.16705824661604252 0.16756881494782538 0.16781688769660125 0.1679236166699118 0.1683303405952304 0.16837360909792384 0.1688639854617831 0.16893321506609263 0.16898802183617104 0.16920147978279212 0.16931686245664135 0.16948705190056898 0.16959378087387952 0.16962551110918805 0.16978416228573076 0.1699456980291197 0.17027742321643627 0.17049088116305736 0.17090625878891463 0.17090625878891463 0.17104183343068746 0.1714168271206975 0.17158124743093264 0.17177451340963013 0.17199085592309743 0.17200816332417485 0.1720312398589447 0.17204566269317584 0.17205720096056076 0.17210912316379293 0.17224469780556578 0.172285081741413 0.172472578586418 0.17265142173088435 0.17273507416942505 0.17273795873627126 0.17275526613734865 0.1728187266079657 0.17349659981683 0.17349659981683 0.17361198249067925 0.17362063619121793 0.17387447807368625 0.17406485948553752 0.17410524342138473 0.1742494717636963 0.17427543286531236 0.17449177537877966 0.1745494667157043 0.174558120416243 0.17553887314396152 0.17602924950782078 0.17618501611751727 0.1770475016045403 0.17707057813931015 0.17717442254577445 0.17718884538000562 0.17725807498431517 0.17767345261017242 0.17920804217236727 0.1793955390173723 0.17950226799068286 0.1800012980550808 0.1803445615097823 0.18045417504993908 0.18057532685748076 0.1806070570927893 0.18075705456879332 0.18080609220517924 0.18082628417310287 0.18086666810895008 0.18115224022672696 0.18116089392726567 0.1812791611679611 0.18175511469758923 0.1817983832002827 0.18192818870836308 0.18202914854798116 0.18219645342506255 0.1822195299598324 0.18224549106144847 0.18234645090106658 0.18285701923284944 0.18301855497623837 0.18323778205655195 0.18342527890155697 0.18359546834548457 0.1845589136721257 0.18493679192898196 0.18500313696644527 0.18507236657075482 0.1850810202712935 0.18508678940498596 0.18526274798260606 0.1863646525178663 0.18673676164103006 0.1868694517159567 0.1869098356518039 0.18722713800488933 0.18731367501027626 0.18747232618681897 0.18781558964152045 0.18881941890400883 0.18922902739617362 0.18935306377056157 0.1895636371503364 0.19018958815596854 0.19078957805998456 0.19128860812438253 0.1915655265416207 0.19159437221008302 0.19201840353647895 0.1921712855793292 0.19237608982541157 0.19241070462756638 0.1925635866704166 0.1927481989485754 0.19281165941919245 0.19318376854235625 0.19333088145151403 0.19378087387952608 0.19423086630753808 0.19446740078892902 0.1949318160511722 0.1949779691207119 0.1951712350994094 0.19607987365597215 0.1970202424478434 0.19709524118584543 0.19760869408447454 0.1978567668332504 0.198825981293584 0.19910289971082218 0.19917501388197795 0.2001759585776201 0.20081344785063712 0.20085383178648436 0.20232496087806215 0.2023653448139094 0.2024691892203737 0.20286149031146108 0.2036518616273284 0.20384512760602586 0.20444800207688812 0.20452588538173638 0.20480568836582078 0.20484318773482177 0.2058902855000036 0.20656238957517542 0.20666911854848596 0.20673834815279551 0.20676719382125783 0.2069893054684176 0.20766429411043563 0.20781717615328588 0.20797005819613612 0.2082758222818366 0.2083998586562245 0.20867100793977025 0.20878062147992704 0.20902869422870288 0.2091411923357059 0.209392149651328 0.20946137925563751 0.20950176319148478 0.20951330145886968 0.21002386979065255 0.21027194253942844 0.21036136411166156 0.21037867151273898 0.21077962630436506 0.21078539543805755 0.2112209650318384 0.21147192234746048 0.21217864122478708 0.21229690846548255 0.21236613806979207 0.21281324593095788 0.2128795909684212 0.21317381678673675 0.21346227347135985 0.2135488104767468 0.21387188196352466 0.21392668873360304 0.21402764857322112 0.2145670625734663 0.21460456194246733 0.2146218693435447 0.21486994209232055 0.21501993956832455 0.21502570870201704 0.21510647657371149 0.2153574338893336 0.21643337732297774 0.2165977976332129 0.21660356676690537 0.216698757472831 0.21671894944075462 0.21693817652106814 0.21695259935529929 0.2170102906922239 0.21704779006122493 0.21705932832860986 0.21718913383669025 0.21721221037146007 0.21760739602939375 0.21782373854286108 0.21788719901347814 0.21802565822209724 0.21807758042532938 0.21928621393390016 0.21946794164521272 0.21960063172013933 0.2200275476133815 0.22030446603061968 0.2203823493354679 0.22048042460823977 0.22048042460823977 0.22054676964570308 0.22061311468316638 0.22073138192386185 0.22115252868341156 0.22133425639472412 0.22179290252327485 0.22211885857689895 0.22227750975344165 0.22246212203160043 0.22274192501568485 0.22368806294124857 0.22371690860971088 0.22376883081294305 0.22438324355119024 0.2248361205460485 0.2248822736155882 0.22528611297406054 0.22557456965868364 0.22582264240745947 0.2264197477446293 0.2266447439586353 0.22725338756319005 0.22728511779849858 0.22736877023703927 0.22770049542435583 0.22794568360628548 0.2280206823442875 0.22806683541382716 0.22843605997014474 0.22869855555315177 0.22917450908277986 0.22931296829139894 0.22953796450540495 0.22960142497602204 0.2296446934787155 0.22966777001348535 0.22974565331833358 0.2298696896927215 0.22989853536118382 0.23014372354311347 0.23098024792852043 0.2314071638217626 0.23144466319076362 0.23145331689130233 0.2318542716829284 0.23193215498777664 0.2319465778220078 0.23211676726593544 0.23219176600393743 0.23219465057078367 0.23274560283841378 0.23276867937318363 0.232823486143262 0.23311482739473133 0.2331667495979635 0.23318405699904088 0.2333254007745062 0.23352443588689611 0.23372635556613228 0.23376962406882576 0.23385327650736648 0.23395712091383078 0.23401769681760162 0.23402058138444787 0.2342484621653001 0.2343667294059956 0.23445038184453626 0.23461480215477146 0.23465518609061867 0.23500998781270507 0.2356532462194146 0.23582632023018846 0.23597631770619243 0.23631669659404772 0.23663688351397932 0.23670322855144266 0.23671188225198134 0.23689072539644768 0.23693687846598738 0.23702053090452807 0.23723110428430288 0.23747340789938629 0.2375541757710808 0.2379176311937059 0.2379493614290144 0.23806762866970987 0.23813974284086564 0.23824070268048372 0.23829262488371591 0.2382955094505621 0.23850896739718325 0.23859838896941635 0.23860415810310884 0.2387426173117279 0.23879742408180635 0.23881473148288368 0.23898780549365753 0.23905703509796714 0.23913491840281534 0.23916376407127762 0.23993394341922133 0.23999163475614593 0.24013297853161125 0.2403723975798484 0.24038105128038711 0.2404185506493881 0.24042431978308057 0.2404993185210826 0.24059162466016196 0.2407358530024735 0.24083969740893782 0.24093777268170968 0.2412118065321016 0.24126084416848756 0.24141372621133778 0.24146276384772372 0.2415348780188795 0.24188679517411965 0.24219544382666638 0.24238582523851762 0.24242044004067237 0.242440632008596 0.24258486035090757 0.24289062443660805 0.24291947010507037 0.2429713923083025 0.2430636984473819 0.24342138473631453 0.2435108063085477 0.243689649453014 0.24369541858670649 0.2437992629931708 0.24383964692901802 0.24385118519640295 0.2439117611001738 0.2439752215707909 0.2440531048756391 0.24417137211633458 0.24441944486511044 0.24454059667265213 0.24467905588127123 0.24475405461927324 0.24476559288665817 0.2449877045338179 0.24516366311143803 0.24523000814890136 0.24539154389229026 0.24542904326129128 0.2457117308122219 0.24593672702622796 0.24596268812784403 0.2459915337963063 0.24636075835262386 0.2465309477965515 0.24663190763616957 0.24667806070570927 0.24668094527255552 0.2466982526736329 0.24677325141163492 0.2468453655827907 0.24692036432079265 0.24711363029949016 0.2471453605347987 0.24717997533695343 0.24722035927280073 0.24722901297333938 0.2472405512407243 0.2474049715509595 0.2474049715509595 0.24746554745473034 0.24749727769003885 0.24764727516604287 0.24778573437466195 0.2481520743641333 0.24825880333744385 0.2483280329417534 0.248498222385681 0.2487405260007644 0.24881840930561266 0.24894821481369306 0.24903763638592621 0.24905494378700357 0.24906359748754228 0.2491991721293151 0.24932320850370307 0.24932609307054932 0.24935205417216538 0.2493808998406277 0.2496260880225573 0.2498683916376407 0.2501280026538015 0.25015973288911003 0.25031838406565277 0.25047126610850295 0.25061549445081455 0.2508058758626658 0.2512933676596788 0.2514808645046838 0.25196835630169684 0.2520750852750074 0.2521270074782395 0.252170275980933 0.2522048907830878 0.252245274718935 0.252395272194939 0.25259430730732896 0.2526173838420988 0.2527587276175641 0.25281641895448875 0.25288276399195203 0.25312506760703546 0.2531683361097289 0.2531885280776526 0.25333852555365655 0.25337602492265754 0.25338467862319625 0.2534019860242736 0.2535375606660465 0.2538433247517469 0.25391255435605653 0.25399332222775095 0.2540596672652143 0.2540712055325992 0.2541894727732947 0.25428754804606657 0.25428754804606657 0.25433658568245243 0.25487599968269764 0.2550288817255479 0.255467335886175 0.2555711802926393 0.2556721401322574 0.2558336758756463 0.25585386784356995 0.2562346306672724 0.2562692454694272 0.2562750146031197 0.25647693428235585 0.2567451989990553 0.2568894273413668 0.25699038718098494 0.2573423043362251 0.25742307220791955 0.2575384548817688 0.2575730696839236 0.2575817233844623 0.2577749893631598 0.2581788287216321 0.2582047898232482 0.25834324903186723 0.2583547872992522 0.2585134384757949 0.2585451687111034 0.2587615112245707 0.25876439579141697 0.25918265798412043 0.25929515609112347 0.25945957640135864 0.25973361025175057 0.2598547620592923 0.25992976079729424 0.260013413235835 0.26012014220914553 0.26024706315037965 0.26031629275468926 0.2604085988937686 0.2605557118029264 0.26057590377085005 0.2607605160490088 0.26078070801693237 0.26078647715062486 0.26081243825224093 0.2608557067549344 0.26100570423093844 0.2610720492684017 0.26126819981394545 0.2613547368193324 0.26151627256272125 0.26157684846649215 0.2617326150761886 0.26183645948265294 0.2623845271834368 0.26245664135459257 0.2626037542637504 0.2626152925311353 0.26273932890552326 0.26280855850983276 0.26286336527991117 0.2629152874831433 0.2630249010233001 0.26307682322653225 0.2630912460607634 0.2630970151944559 0.26315759109822673 0.2632181670019975 0.2632412435367674 0.26346623975077343 0.2637489273017041 0.26383257974024477 0.26403449941948093 0.2642075734302548 0.26421622713079346 0.2642306499650246 0.2642739184677181 0.26440949310949097 0.2644239159437221 0.26447872271380046 0.26483352443588687 0.26492294600812005 0.26501236758035324 0.2651767878905884 0.2653008242649763 0.26541620693882556 0.2654796674094427 0.2658373536983753 0.26592100613691594 0.265996004874918 0.2660565807786888 0.26624696219054006 0.2663565757306969 0.26655561084308677 0.2666508015490124 0.2668007990250164 0.26688156689671083 0.2669681039020978 0.26707483287540834 0.26717867728187267 0.2672767525546445 0.2673719432605701 0.267507517902343 0.26766905364573196 0.2677123221484254 0.2677498215174264 0.2680584701699731 0.2682084676459771 0.26828635095082537 0.268644037239758 0.26870749771037505 0.2687305742451449 0.2687478816462223 0.26878538101522326 0.26885461061953286 0.26892960935753485 0.2690738376998464 0.26911133706884743 0.2692497962774665 0.2692699882453901 0.2696594047696313 0.2700949743634122 0.27015843483402924 0.2702738175078785 0.2702738175078785 0.27060554269519504 0.2707238099358905 0.2707641938717377 0.2715949491234523 0.2718718675406904 0.27222090012908434 0.2722930143002401 0.2735333780441194 0.2737179903222782 0.27390837173412946 0.2740756766112109 0.27413048338128926 0.27455451470768516 0.27472758871845904 0.27527854098608917 0.2755958433391746 0.2759592987617997 0.2762044869437293 0.27633140788496346 0.2764294831577353 0.27659390346797047 0.27685062991728504 0.277087164398676 0.27754869509407293 0.27781984437761864 0.27790349681615933 0.27792368878408297 0.2779727264204689 0.2781515695649352 0.27875444403579747 0.27882655820695323 0.27889001867757035 0.27901405505195825 0.27951020054951 0.2795275079505874 0.27954481535166475 0.27967173629289893 0.28004672998290897 0.28008422935190996 0.28059479768369283 0.28069287295646467 0.2808111401971602 0.2809582531063179 0.2812784400262495 0.28147747513863947 0.2815063208071018 0.2820399656736545 0.28210054157742537 0.282120733545349 0.2822418853528907 0.28307552517145146 0.28380532058354785 0.2840245476638614 0.28465049866949355 0.2850168386589649 0.28505433802796587 0.28510626023119806 0.2851552978675839 0.28530529534358795 0.2853774095147437 0.28549856132228546 0.28571490383575276 0.2858504784775256 0.2862197030338432 0.2862687406702291 0.2863523931087698 0.28635816224246224 0.28661777325862303 0.28690622994324616 0.2870216126170954 0.2870504582855577 0.2872235322963316 0.2876562173232662 0.2880023653448139 0.2881465936871255 0.2882042850240501 0.2882331306925124 0.2884927417086732 0.28869466138790933 0.28892542673560784 0.289127346414844 0.2892427290886932 0.2893004204256178 0.2896465684471656 0.28976195112101477 0.29019463614794944 0.29019463614794944 0.2906273211748841 0.2913196172179795 0.2919542219241503 0.2920696045979996 0.29209845026646186 0.29232921561416036 0.2924734439564719 0.2925888266303211 0.2929926659887935 0.2936561163634266 0.29377149903727584 0.29385803604266275 0.29411764705882354 0.2944061037434466 0.29443494941190895 0.2946080234226828 0.29504070844961744 0.29504070844961744 0.2954157021396275 0.2955022391450144 0.295559930481939 0.29573300449271284 0.29593492417194905 0.29596376984041134 0.29602146117733596 0.29619453518810984 0.29636760919888366 0.2964253005358083 0.296771448557356 0.29685798556274295 0.29720413358429065 0.2976945099481499 0.2978387382904615 0.2985887256704815 0.29861757133894384 0.29861757133894384 0.29902141069741617 0.2992521760451146 0.29928102171357696 0.2993387130505016 0.29954063272973774 0.29962716973512465 0.29997331775667235 0.30072330513669243 0.30080984214207934 0.30106945315824013 0.3017617492013355 0.3019059775436471 0.30213674289134557 0.30230981690211944 0.3024251995759687 0.30297326727675256 0.3034059523036872 0.3034347979721495 0.30349248930907413 0.303665563319848 0.3040117113413957 0.30464631604756653 0.30479054438987807 0.3054539947645112 0.30548284043297347 0.30623282781299355 0.3062905191499182 0.30680974118223975 0.30689627818762666 0.3077904939099582 0.30790587658380747 0.30810779626304363 0.30839625294766676 0.30891547497998834 0.3090597033222999 0.30931931433846066 0.30957892535462145 0.31027122139771685 0.31055967808234 0.31084813476696305 0.31116543712004846 0.3117135048208323 0.31174235048929466 0.31203080717391773 0.31237695519546543 0.3124634922008524 0.3127519488854755 0.31295386856471163 0.3131269425754855 0.31445384332475174 0.3151461393678472 0.3155499787263195 0.3162422747694149 0.3165018857855757 0.3170211078178973 0.31710764482328424 0.31803070621407814 0.3181460888879274 0.3182326258933143 0.3183191628987012 0.31846339124101275 0.31886723059948513 0.32071335338107293 0.3209729643972337 0.3218960257880276 0.3218960257880276 0.32270370450497227 0.32356907455884154 0.32414598792808774 0.32454982728656007 0.3245786729550224 0.3248959753081078 0.32555942568274093 0.32570365402505247 0.3260209563781379 0.3261651847204494 0.32656902407892174 0.32723247445355486 0.3273767027958664 0.3276940051489518 0.3278670791597257 0.32812669017588647 0.3288766775559065 0.32899206022975575 0.3292805169143788 0.32962666493592657 0.32962666493592657 0.329857430283625 0.33023242397363506 0.33164586172828825 0.3317035530652128 0.3319631640813736 0.33199200974983595 0.3321650837606098 0.3324535404452329 0.33259776878754443 0.33291507114062985 0.3330304538144791 0.3336939041891122 0.3337227498575745 0.3351938789491523 0.33533810729146385 0.3360592490030216 0.3362034773453331 0.33744384108921244 0.33784768044768476 0.3386265134961671 0.3389726615177148 0.34009764258774494 0.3401264882562072 0.34076109296237805 0.3409918583100765 0.3411649323208504 0.34128031499469963 0.34128031499469963 0.34162646301624733 0.3423187590593427 0.34254952440704123 0.34321297478167434 0.34329951178706125 0.3441648818409306 0.34436680152016674 0.34448218419401594 0.34448218419401594 0.34448218419401594 0.3460110046225184 0.3461840786332922 0.34621292430175454 0.34621292430175454 0.34629946130714145 0.3482321210941162 0.3485205777787393 0.3495013305064578 0.34996286120185477 0.3500493982072417 0.3500493982072417 0.35016478088109093 0.35053977457110097 0.35056862023956326 0.3512032249457341 0.3512609162826587 0.35140514462497024 0.3515782186357441 0.35172244697805566 0.3518666753203672 0.3528474280480857 0.35356856975964346 0.3538570264442666 0.35388587211272887 0.3543762484765881 0.3548954705089097 0.3550396988512213 0.3555012295466182 0.35590506890509055 0.3560492972474021 0.3561935255897136 0.3562800625951006 0.35691466730127136 0.3570300499751206 0.35714543264896986 0.357347352328206 0.3578954200289899 0.3579242656974522 0.35850117906669837 0.3585300247351607 0.35902040109901995 0.35933770345210536 0.35939539478903 0.3594530861259546 0.35959731446826615 0.35977038847904 0.3600299994952008 0.36008769083212544 0.3603761475167485 0.36049153019059776 0.36083767821214546 0.3610395978913816 0.3620780419560248 0.36352032537914025 0.3635780167160649 0.36461646078070803 0.3646453064491703 0.36527991115534114 0.3653952938291904 0.3655683678399642 0.3657125961822758 0.36585682452458734 0.36611643554074813 0.3665779662361451 0.36718372527385357 0.36773179297463743 0.3679048669854113 0.3679914039907982 0.36810678666464747 0.3681933236700344 0.3685683173600444 0.36862600869696904 0.36862600869696904 0.36871254570235595 0.3687990827077429 0.3691740763977529 0.3691740763977529 0.36923176773467753 0.3694913787508383 0.36954907008776294 0.37073174249471763 0.37113558185318996 0.3714817298747377 0.37197210623859694 0.37220287158629545 0.3725201739393808 0.3727797849555416 0.37289516762939084 0.37312593297708935 0.37338554399325014 0.37350092666709933 0.37442398805789323 0.37479898174790327 0.37497205575867715 0.3751739754379133 0.3752028211063756 0.3752605124433002 0.37540474078561176 0.3762701108394811 0.3768758698771896 0.37800085094721964 0.3780296966156819 0.37831815330030505 0.3786066099849281 0.37889506666955125 0.37927006035956123 0.3793854430334105 0.3794431343703351 0.37958736271264665 0.379616208381109 0.3797027453864959 0.3801065847449682 0.38016427608189285 0.38039504142959135 0.38051042410344055 0.38108733747268675 0.38140463982577216 0.38201039886348065 0.3829911515911992 0.3833661452812092 0.3835680649604454 0.38382767597660616 0.3839430586504554 0.3842892066720031 0.38440458934585237 0.3845199720197016 0.384837274372787 0.3854718790789578 0.38550072474742014 0.3857603357635809 0.3858757184374301 0.38610648378512863 0.3871449278497718 0.38734684752900794 0.38769299555055564 0.38769299555055564 0.3878660695613295 0.3878949152297918 0.3881545262459526 0.388471828599038 0.3885006742675003 0.3885583656044249 0.38884682228904804 0.38887566795751033 0.3889910506313596 0.389308352984445 0.389683346674455 0.38994295769061577 0.38994295769061577 0.3900006490275404 0.39008718603292736 0.3902602600437012 0.39095255608679663 0.39112563009757045 0.39126985843988205 0.3915006237875805 0.3915583151245051 0.3918179261406659 0.3918467718091282 0.3919044631460528 0.39196215448297744 0.39204869148836435 0.39219291983067595 0.39256791352068593 0.3930582898845452 0.39323136389531904 0.3933467465691683 0.39343328357455526 0.39354866624840446 0.3939236599384145 0.3945871103130476 0.3946736473184346 0.39473133865535914 0.3955967087092285 0.3965197701000224 0.39654861576848466 0.39715437480619314 0.39799089919160013 0.39813512753391167 0.3984812755554594 0.39914472593009254 0.399375491277791 0.3996927936308764 0.39972163929933874 0.39980817630472565 0.3999235589785749 0.40041393534243414 0.4004427810108965 0.40055816368474567 0.40197160143939886 0.40254851480864506 0.4027504344878812 0.4029523541671174 0.4029811998355797 0.4029811998355797 0.4035581132048259 0.40399079823176054 0.4041927179109967 0.40433694625330824 0.40442348325869515 0.4048273226171675 0.4048850139540921 0.40531769898102676 0.4056926926710368 0.4061253776979714 0.4063849887141322 0.4065580627249061 0.4066157540618307 0.40681767374106687 0.4068753650779915 0.4073080501049261 0.4073080501049261 0.40739458711031307 0.40742343277877535 0.4075676611210869 0.40759650678954923 0.40774073513186077 0.40808688315340846 0.40918301855497624 0.40926955556036315 0.4092984012288255 0.40944262957113703 0.4095580122449863 0.40958685791344857 0.41016377128269477 0.41019261695115705 0.4102214626196194 0.4102503082880817 0.41036569096193093 0.41042338229885555 0.41050991930424247 0.41068299331501634 0.4109137586627148 0.41111567834195095 0.41111567834195095 0.4112310610158002 0.4114618263634987 0.4115483633688856 0.4118079743850464 0.4120675854012072 0.41224065941198107 0.4124137334227549 0.412702190107378 0.41319256647123725 0.41336564048201113 0.4135964058297096 0.41371178850355883 0.41376947984048346 0.4141733191989558 0.4143175475412673 0.4144617758835789 0.4144617758835789 0.4145194672205035 0.4145771585574281 0.41472138689973964 0.414750232568202 0.4150963805897497 0.415125226258212 0.41518291759513665 0.4154713742797597 0.4156444482905336 0.4160771333174682 0.41622136165977974 0.4165963553497898 0.4168271206974883 0.41685596636595057 0.4169136577028752 0.4169713490397998 0.417173268719036 0.4173174970613475 0.41743287973519677 0.41746172540365906 0.4178367190936691 0.41855786080522683 0.4185867064736891 0.41887516315831225 0.41930784818524686 0.4197405332121815 0.4199424528914177 0.4200289898968046 0.42014437257065385 0.4202886009129654 0.42037513791835235 0.4205193662606639 0.42080782294528696 0.42098089695606083 0.42112512529837237 0.42138473631453316 0.4217020386676186 0.42187511267839245 0.42196164968377936 0.4220770323576286 0.422394334710714 0.4232885504330456 0.423605852786131 0.4238654638022918 0.4254519755677188 0.42553851257310576 0.4256827409154173 0.4257404322523419 0.4265192653008243 0.426778876316985 0.4274423266916182 0.4274711723600805 0.4277884747131659 0.4281923140716382 0.42865384476703516 0.4287692274408844 0.42899999278858286 0.4296922888316783 0.4302980478693868 0.43032689353784914 0.43058650455400993 0.4306153502224722 0.43075957856478375 0.431624948618653 0.4317691769609646 0.43194225097173844 0.4321153249825123 0.4324037816671354 0.43249031867252236 0.43257685567790927 0.43260570134637155 0.43274992968868314 0.4332114603840801 0.4332691517210047 0.4334710714002409 0.43370183674793933 0.43384606509025087 0.4339037564271755 0.43393260209563783 0.43410567610641165 0.4341633674433363 0.43468258947565785 0.4348268178179694 0.4353748855187533 0.43543257685567793 0.43557680519798947 0.43560565086645175 0.4356344965349141 0.435721033540301 0.43592295321953717 0.4360383358933864 0.43615371856723567 0.4363267925780095 0.4363844839149341 0.4368748602787934 0.4369037059472557 0.4369613972841803 0.43707677995802957 0.43710562562649186 0.4375671563218888 0.43768253899573806 0.4380575326857481 0.4381152240226727 0.4381152240226727 0.43820176102805963 0.4384902177126827 0.43851906338114505 0.43869213739191887 0.438980594076542 0.4390671310819289 0.43918251375577816 0.439355587766552 0.4396728901196374 0.43975942712502436 0.4404228774996575 0.4407401798527429 0.4414613215643006 0.4414613215643006 0.4415767042381498 0.4417209325804614 0.44255745696586835 0.4428459136504915 0.44287475931895376 0.44304783332972764 0.4441151230628331 0.4447497277690039 0.44524010413286313 0.445413178143637 0.44578817183364705 0.446249702529044 0.44639393087135554 0.4465093135452048 0.44682661589829015 0.44737468359907406 0.4481246709790941 0.44821120798448105 0.4490188867014257 0.449047732369888 0.44956695440220956 0.4498554110868327 0.4499419480922196 0.4499419480922196 0.45008617643453114 0.45031694178222964 0.45043232445607884 0.45066308980377734 0.45098039215686275 0.4511823118360989 0.4511823118360989 0.45155730552610895 0.45164384253149586 0.451845762210732 0.45198999055304356 0.4521053732268928 0.4521342188953551 0.4521919102322797 0.4523649842430536 0.45331689130230984 0.4533745826392344 0.45340342830769675 0.4538649590030937 0.45406687868232987 0.4541245700192545 0.45449956370926453 0.45493224873619914 0.45524955108928455 0.45611492114315383 0.45614376681161617 0.4566341431754754 0.45669183451240003 0.45677837151778694 0.45703798253394773 0.457153365207797 0.4572110565447216 0.4573841305554955 0.45764374157165627 0.4578168155824301 0.45784566125089243 0.45798988959320397 0.45868218563629937 0.45876872264168633 0.45911487066323403 0.4591437163316963 0.45925909900554557 0.4592879446740079 0.46006677772249027 0.4602975430701887 0.46061484542327413 0.4606436910917364 0.46075907376558567 0.4608456107709726 0.46093214777635955 0.46133598713483187 0.46133598713483187 0.4613936784717565 0.4617109808248419 0.4617398264933042 0.46185520916715345 0.46191290050407807 0.46211482018331423 0.46225904852562577 0.4625763508787112 0.46280711622640963 0.462835961894872 0.46286480756333426 0.4629513445687212 0.4629801902371835 0.46338402959565583 0.4634128752641182 0.46347056660104274 0.4637590232856659 0.4638167146225905 0.4641340169756759 0.46445131932876127 0.4644801649972236 0.46459554767107286 0.46462439333953515 0.464797467350309 0.465172461040319 0.465258998045706 0.46546091772494214 0.46673012713728373 0.4668166641426707 0.4669320468165199 0.4670762751588315 0.46739357751191685 0.4678262625388515 0.4678551082073138 0.46788395387577614 0.46889355227195695 0.4689800892773439 0.46915316328811774 0.4692397002935047 0.4693262372988916 0.47007622467891164 0.4705089097058463 0.47073967505354475 0.4707685207220071 0.470855057727394 0.47097044040124325 0.47123005141740404 0.4714319710966402 0.4714608167651025 0.4714896624335648 0.4716050451074141 0.4718358104551125 0.47206657580281103 0.47215311280819794 0.4721819584766602 0.47249926082974564 0.4725857978351326 0.4725857978351326 0.47307617419899184 0.4731050198674542 0.47342232222053954 0.4738550072474742 0.47405692692671036 0.47440307494825806 0.4745184576221073 0.47454730329056966 0.4747780686382681 0.47497998831750426 0.47497998831750426 0.4750376796544289 0.4756145930236751 0.47572997569752434 0.4759318953767605 0.47598958671368513 0.47642227174061974 0.47650880874600665 0.47673957409370515 0.4767972654306298 0.47682611109909206 0.4772011047891021 0.4778068638268106 0.47800878350604675 0.47849915986990604 0.4789895362337653 0.47933568425531303 0.4795664496030115 0.4796529866083984 0.47973952361378536 0.4798549062876346 0.48066258500457926 0.4811529613684385 0.4812971897107501 0.4814125723845993 0.48187410307999623 0.4819894857538455 0.48219140543308164 0.4822779424384686 0.4823644794438555 0.4825663991230917 0.4827106274654032 0.48279716447079013 0.48279716447079013 0.48302792981848863 0.4832298494977248 0.48340292350849867 0.4836336888561971 0.4836336888561971 0.4837202258615841 0.4841529108885187 0.4844125219046795 0.4844413675731418 0.48461444158391564 0.48527789195854876 0.4854798116377849 0.48553750297470955 0.48553750297470955 0.4855663486431719 0.48585480532779496 0.48620095334934266 0.4862586446862673 0.48669132971320195 0.48672017538166423 0.4868067123870512 0.48695094072936274 0.48738362575629735 0.4878451564516943 0.48787400212015664 0.4879893847940059 0.48801823046246817 0.4880470761309305 0.4883932241524782 0.48879706351095054 0.4889701375217244 0.4893162855432721 0.4895758965594329 0.4898931989125183 0.49000858158636756 0.49012396426021676 0.4905278036186891 0.4905566492871514 0.4907297232979253 0.4907297232979253 0.491075871319473 0.49122009966178454 0.49127779099870916 0.49130663666717145 0.4917393216941061 0.49222969805796535 0.49246046340566385 0.49254700041105076 0.49306622244337234 0.49335467912799547 0.4945085058664878 0.49453735153495015 0.4945950428718748 0.4947681168826486 0.49505657356727173 0.4955181042626687 0.49554694993113096 0.49554694993113096 0.49572002394190484 0.4958642522842164 0.49603732629499026 0.49606617196345254 0.49647001132192486 0.4968738506803972 0.49698923335424644 0.4975373010550303 0.49756614672349264 0.49762383806041727 0.4977969120711911 0.49796998608196497 0.4980276774188896 0.49831613410351266 0.4984315167773619 0.49846036244582426 0.4985180537827488 0.4990372758150704 0.49912381282045737 0.49923919549430656 0.49964303485277894 0.4999603372058643 0.5001911025535628 0.5003064852274121 0.5003353308958743 0.5006237875804974 0.5014891576343667 0.501518003302829 0.5018064599874521 0.5018064599874521 0.5018641513243768 0.5020660710036129 0.502354527688236 0.5027583670467084 0.5037102741059646 0.5037391197744269 0.5040275764590499 0.5040275764590499 0.504691026833683 0.5047198725021455 0.5050083291867685 0.5053833228767786 0.505614088224477 0.5057583165667885 0.5058160079037132 0.5058448535721755 0.5061910015937232 0.5065371496152709 0.5065948409521955 0.5071717543214417 0.507200599989904 0.5076332850168387 0.5077198220222255 0.5078063590276125 0.5083832723968587 0.5087871117553311 0.5090178771030295 0.5090467227714919 0.5091909511138034 0.5092197967822657 0.5097967101515118 0.5098255558199741 0.5100563211676726 0.5105178518630696 0.5107197715423057 0.5107774628792304 0.5113255305800143 0.5114120675854013 0.5114409132538635 0.5114697589223258 0.5114986045907881 0.5117582156069489 0.5122485919708082 0.5123928203131197 0.5129985793508283 0.5129985793508283 0.5131716533616021 0.513258190366989 0.5136043383885367 0.5147004737901045 0.5149889304747276 0.5150466218116522 0.5151043131485769 0.51576776352321 0.5157966091916723 0.5159408375339838 0.5159696832024461 0.5160850658762953 0.5162581398870693 0.5162869855555315 0.5164889052347676 0.5165465965716923 0.5165465965716923 0.517729268978647 0.5179311886578831 0.5181619540055816 0.5183350280163554 0.5188830957171394 0.518940787054064 0.5192003980702248 0.5198061571079333 0.520152305129481 0.5201811507979434 0.5218830452372195 0.522488804274928 0.5225464956118527 0.5228637979649381 0.5230368719757119 0.5240464703718928 0.5243637727249781 0.525459908126546 0.5255175994634705 0.5256041364688575 0.5260945128327168 0.5266137348650384 0.5268445002127368 0.52713295689736 0.5271618025658222 0.5273925679135207 0.5274791049189076 0.5277964072719931 0.5278252529404553 0.5282002466304654 0.52825793796739 0.5283444749727769 0.5285752403204754 0.5293540733689578 0.5294406103743446 0.5300463694120532 0.5309117394659224 0.5310559678082339 0.5314598071667064 0.5315751898405555 0.5316905725144048 0.531979029199028 0.5324694055628871 0.5328443992528972 0.5336232323013795 0.5337097693067665 0.5345174480237112 0.5346616763660227 0.5348635960452589 0.5349212873821835 0.535152052729882 0.5353828180775805 0.5356135834252789 0.535902040109902 0.5361039597891382 0.5369981755114698 0.5370270211799321 0.5376039345491782 0.5376039345491782 0.5379212369022637 0.5398538966892384 0.5401423533738615 0.5405173470638716 0.5412384887754292 0.5414115627862032 0.5432865312362533 0.5435749879208763 0.5447865059962933 0.5452768823601526 0.5453057280286149 0.5456230303817003 0.5460268697401727 0.5477576098479112 0.5478441468532982 0.5487095169071674 0.549690269634886 0.5505267940202929 0.5506710223626045 0.5514498554110868 0.5517383120957099 0.5522286884595692 0.5547671072842524 0.5551132553058001 0.5551421009742624 0.5554305576588855 0.5554882489958102 0.5555747860011971 0.5560651623650563 0.5560651623650563 0.5561516993704433 0.5569593780873879 0.5574786001197095 0.5580266678204934 0.5586612725266642 0.5595554882489958 0.5595843339174581 0.5599881732759304 0.5616035307098198 0.5617477590521314 0.5631900424752468 0.5638246471814177 0.5638246471814177 0.5650361652568346 0.56535346760992 0.5666803683591862 0.5668245967014978 0.5679784234399902 0.5691899415154071 0.5722187367039497 0.5729687240839697 0.5732283351001305 0.5732571807685929 0.5737187114639898 0.573834094137839 0.5745263901809344 0.5747283098601706 0.5747571555286329 0.5761129019463614 0.5761129019463614 0.5774974940325523 0.5783628640864216 0.5791705428033663 0.5794301538195271 0.581651270291125 0.5821416466549841 0.5822858749972957 0.583526238741175 0.5835839300780996 0.5845358371373559 0.5872184843043506 0.5877377063366722 0.587910780347446 0.5881127000266823 0.5884876937166923 0.5886319220590038 0.5891222984228631 0.5893819094390239 0.5896415204551847 0.5903338164982801 0.5913145692259986 0.5915164889052348 0.5933914573552849 0.5934203030237472 0.594429901419928 0.5952375801368727 0.5954971911530335 0.5958721848430435 0.5962471785330535 0.5978048446300183 0.5996509674116061 0.6019009295516662 0.6036028239909424 0.6038624350071032 0.6047278050609726 0.6051027987509826 0.6079873655972136 0.6083046679502989 0.6097469513734144 0.6104969387534345 0.6109007781119068 0.6119969135134745 0.61343919693659 0.6138141906266 0.6138430362950623 0.6141603386481478 0.6147372520173939 0.6155449307343386 0.6158333874189617 0.6161795354405094 0.6166699118043687 0.6174775905213133 0.6193814046398257 0.6199006266721473 0.619958318009072 0.6221505888122075 0.6226409651760667 0.623506335229936 0.6247466989738153 0.6258139887069208 0.6264485934130916 0.6271120437877247 0.6304292956608903 0.6308908263562872 0.6310927460355235 0.6315254310624581 0.6328523318117243 0.6342080782294529 0.6355349789787191 0.6370637994072215 0.6372368734179954 0.6377849411187793 0.6384772371618747 0.6392849158788193 0.6461213393043868 0.6492366714983161 0.6521500840130094 0.6535923674361249 0.6541115894684465 0.6543423548161449 0.6557269469023358 0.6564192429454312 0.657053847651602 0.6585538224116421 0.6603422538563053 0.6612941609155615 0.662736444338677 0.6649287151418125 0.6649864064787372 0.665072943484124 0.6656210111849079 0.6669190662657118 0.6672940599557219 0.6704670834865759 0.6718805212412291 0.6721689779258522 0.6741304833812892 0.6744189400659123 0.6757458408151786 0.6777073462706157 0.6791784753621934 0.679322703704505 0.6803034564322235 0.6821495792138113 0.6828418752569068 0.682957257930756 0.6838514736530875 0.68613028146161 0.687716793227037 0.6879475585747356 0.6904571317309565 0.6919282608225342 0.6926205568656296 0.6946685993264536 0.6951589756903129 0.6959089630703329 0.6961397284180314 0.6968320244611269 0.6981300795419307 0.7012742574043225 0.7034376825389957 0.7037549848920811 0.7040145959082419 0.707562613129106 0.7080529894929652 0.70998564927994 0.7113125500292062 0.7113413956976685 0.7125529137730855 0.7138509688538894 0.7140817342015879 0.7141394255385126 0.7156105546300904 0.7177739797647635 0.7198797135625121 0.7205431639371452 0.7206585466109945 0.7210912316379292 0.7263699889665318 0.727696889715798 0.7316487462951344 0.7329468013759384 0.7334948690767222 0.7347352328206016 0.7365525099337271 0.737475571324521 0.7389467004160988 0.7392640027691841 0.7439946923970029 0.7444562230923999 0.7445427600977869 0.7454369758201184 0.7459561978524399 0.7489273017040579 0.7513214921864295 0.751638794539515 0.7525618559303089 0.7527926212780074 0.7530233866257058 0.7530810779626305 0.7581290699435346 0.7605232604259063 0.7615040131536248 0.7626289942236549 0.7643597343313935 0.7645616540106296 0.7680231342261068 0.7708788554038755 0.7715423057785086 0.772609595511614 0.7738499592554933 0.7741672616085787 0.7754653166893827 0.7763595324117142 0.7773114394709705 0.7775133591502066 0.7777441244979051 0.778205655193302 0.7783498835356136 0.7816959810772415 0.7818690550880153 0.7825901967995731 0.783888251880377 0.7852728439665678 0.7885324045028088 0.7903785272843966 0.7919361933813613 0.7928015634352307 0.7944746122060447 0.7976476357368987 0.7985995427961549 0.8012533442946873 0.8012821899631497 0.8016283379846973 0.8024937080385667 0.802811010391652 0.8050032811947876 0.8057244229063453 0.8080032307148678 0.8106570322134002 0.8114070195934203 0.8128493030165358 0.8147531171350482 0.8149261911458221 0.8155607958519929 0.8161377092212391 0.817810757992053 0.8191953500782438 0.823493354679128 0.8253394774607158 0.8254260144661028 0.8272144459107659 0.8276182852692383 0.833185499282464 0.834772011047891 0.8384354109426043 0.8446372296620008 0.8457333650635687 0.847637179182081 0.8476660248505434 0.8495121476321312 0.8502909806806136 0.8516178814298798 0.8516755727668044 0.8531178561899199 0.8532332388637691 0.8568389474215579 0.8592908292408541 0.8603869646424219 0.862175396087085 0.8624061614347835 0.8663003266771954 0.872790602081215 0.8739444288197074 0.8755020949166721 0.876800149997476 0.8810116175929732 0.8895499354578168 0.8904441511801484 0.8910210645493946 0.8926941133202085 0.893011415673294 0.8954056061556657 0.9001074501150221 0.9112707238099359 0.9189436716209102 0.921164788092508 0.9241358919441259 0.926010860394176 0.9314338460650903 0.9348087892751805 0.9379241214691099 0.9398567812560846 0.9450778472477627 0.9468085873555012 0.9511065919563854 0.9659621112144747 0.9724235409500321 0.973346602340826 0.977817680952484 0.9893271026689455 0.9948077796767842 1.0

EI,25 0.025440148843649268 0.006185665145057655 0.09779979663803734 0.00572384599297608 0.006802962450151079 0.0618984776698469 0.0 0.0006214510813519964 0.0029748537885179813 0.0034450381844536274 0.006338835644592519 0.025263324895975308 0.00042907931837685425 0.0004958858865355632 0.0244089161961217 0.0006214510813519964 0.0004500789650174154 0.013620636191217938 0.013554579610439247 0.0030648522741203873

focus,10 0.0004178295076765535 0.09119702312701469 0.0007752273399245686 0.21928621393390016 0.10094397450042908 0.1562843894453699 0.0004500789650174154 0.005709711615429548 0.005960380474367017 0.11588603076390541 0.07666457535570315 0.006076628518270126 0.006185665145057655 0.10372181237334949 0.05263901809344554 0.1564805399909136 0.11612544981214258 0.005796825534185722 0.022623946231673984 0.003147927799291839

bonr,35 0.0008760429512003406 0.043647823233743666 0.0007752273399245686 0.2001759585776201 0.060984069979591694 0.005709711615429548 0.014729463686909115 0.0650859240349321 0.005960380474367017 0.11588603076390541 0.07666457535570315 0.006076628518270126 0.005262603754263751 0.014067744052383736 0.05263901809344554 0.1564805399909136 0.00037372448059768234 0.00033977312881754385 0.0004416848754948834 0.0002613994476054489

rand,35 0.025176787890588376 0.0031378318153300307 0.0005246450179924858 0.0031378318153300307 0.0005145490340306771 0.006050378959969424 0.0 0.022623946231673984 0.0034450381844536274 0.0005450965969322633 0.000675738629398063 0.003627342809135423 0.003338886124512328 0.0007895059458134119 0.00042907931837685425 0.003548305677548695 0.005660962435728245 0.0005047991980904168 0.005660962435728245 0.0003126293547945105

