#
 0,              bonr,40,  0.04,  0.04,  *-                 |                   ,  0.01,  0.77
 0,                b2,40,  0.05,  0.04, -*-                 |                   ,  0.01,  0.77
#
 1,      SimAnnealing,40,  0.05,  0.04,  *-                 |                   ,  0.01,  0.77
 1,    ExpProgressive,40,  0.05,  0.03,  -*                 |                   ,  0.01,  0.77
 1,       progressive,40,  0.06,  0.04,  -*-                |                   ,  0.01,  0.77
 1,              rand,40,  0.07,  0.04,  -*                 |                   ,  0.01,  0.77
#
 2,               UCB,40,  0.08,  0.04,   -*                |                   ,  0.01,  0.77
 2,                PI,40,  0.08,  0.04,   -*                |                   ,  0.01,  0.77
 2,                EI,40,  0.08,  0.04,   -*                |                   ,  0.01,  0.77
 2,                b2,15,  0.08,  0.06,  --*-               |                   ,  0.01,  0.77
#
 3,              rand,15,  0.10,  0.06,    -*               |                   ,  0.01,  0.77
 3,              bonr,15,  0.10,  0.03,    -*               |                   ,  0.01,  0.77
 3,                 EI,9,  0.10,  0.06,    -*--             |                   ,  0.01,  0.77
 3,                UCB,9,  0.10,  0.06,    -*--             |                   ,  0.01,  0.77
 3,                 PI,9,  0.10,  0.06,    -*--             |                   ,  0.01,  0.77
 3,      SimAnnealing,15,  0.11,  0.08,   --*--             |                   ,  0.01,  0.77
 3,                 b2,9,  0.11,  0.07,   ---*              |                   ,  0.01,  0.77
 3,               rand,9,  0.11,  0.04,     -*              |                   ,  0.01,  0.77
 3,                PI,15,  0.12,  0.04,     -*              |                   ,  0.01,  0.77
 3,                EI,15,  0.12,  0.04,     -*              |                   ,  0.01,  0.77
#
 4,               UCB,15,  0.12,  0.04,     -*              |                   ,  0.01,  0.77
 4,       progressive,15,  0.12,  0.05,     -*-             |                   ,  0.01,  0.77
 4,    ExpProgressive,15,  0.12,  0.07,    --*-             |                   ,  0.01,  0.77
 4,       SimAnnealing,9,  0.12,  0.08,    --*-             |                   ,  0.01,  0.77
 4,               bonr,9,  0.13,  0.04,     -*              |                   ,  0.01,  0.77
 4,     ExpProgressive,9,  0.13,  0.05,      -*             |                   ,  0.01,  0.77
 4,        progressive,9,  0.14,  0.04,      -*             |                   ,  0.01,  0.77
#
 5,           base,10000,  0.23,  0.12,         ---*--      |                   ,  0.01,  0.77
