#
 0,               UCB,40,  0.38,  0.05,            *-       |                   ,  0.16,  0.90
 0,                PI,40,  0.38,  0.05,            *-       |                   ,  0.16,  0.90
 0,                EI,40,  0.38,  0.05,            *-       |                   ,  0.16,  0.90
 0,              bonr,40,  0.39,  0.03,            -*       |                   ,  0.16,  0.90
 0,      SimAnnealing,40,  0.39,  0.07,           --*       |                   ,  0.16,  0.90
 0,    ExpProgressive,40,  0.39,  0.03,            -*       |                   ,  0.16,  0.90
 0,       progressive,40,  0.40,  0.03,            -*       |                   ,  0.16,  0.90
 0,              rand,40,  0.41,  0.03,             -*      |                   ,  0.16,  0.90
#
 1,                b2,40,  0.41,  0.05,            --*      |                   ,  0.16,  0.90
 1,                PI,15,  0.42,  0.01,              -*     |                   ,  0.16,  0.90
 1,                EI,15,  0.42,  0.01,              -*     |                   ,  0.16,  0.90
 1,              rand,15,  0.42,  0.02,              -*     |                   ,  0.16,  0.90
 1,               UCB,15,  0.42,  0.01,              -*     |                   ,  0.16,  0.90
 1,                b2,15,  0.43,  0.05,            ---*     |                   ,  0.16,  0.90
 1,              bonr,15,  0.43,  0.03,             --*     |                   ,  0.16,  0.90
 1,    ExpProgressive,15,  0.43,  0.02,              -*     |                   ,  0.16,  0.90
 1,       progressive,15,  0.43,  0.02,              -*     |                   ,  0.16,  0.90
 1,      SimAnnealing,15,  0.43,  0.03,              -*     |                   ,  0.16,  0.90
 1,                 b2,9,  0.43,  0.06,            ---*     |                   ,  0.16,  0.90
 1,                 EI,9,  0.43,  0.02,              -*     |                   ,  0.16,  0.90
 1,                UCB,9,  0.43,  0.02,              -*     |                   ,  0.16,  0.90
 1,                 PI,9,  0.43,  0.02,              -*     |                   ,  0.16,  0.90
#
 2,               rand,9,  0.43,  0.03,              -*     |                   ,  0.16,  0.90
 2,               bonr,9,  0.43,  0.02,              -*     |                   ,  0.16,  0.90
 2,       SimAnnealing,9,  0.43,  0.02,              -*     |                   ,  0.16,  0.90
 2,        progressive,9,  0.43,  0.02,              -*     |                   ,  0.16,  0.90
 2,     ExpProgressive,9,  0.43,  0.02,              -*     |                   ,  0.16,  0.90
#
 3,           base,10000,  0.57,  0.25,                -----|*------            ,  0.16,  0.90
