#
 0,       progressive,40,  0.31,  0.15, ----*---            |                   ,  0.23,  0.97
#
 1,    ExpProgressive,40,  0.31,  0.06,     *---            |                   ,  0.23,  0.97
 1,               UCB,40,  0.31,  0.15, ----*---            |                   ,  0.23,  0.97
 1,                PI,40,  0.31,  0.15, ----*---            |                   ,  0.23,  0.97
 1,                EI,40,  0.31,  0.15, ----*---            |                   ,  0.23,  0.97
 1,      SimAnnealing,40,  0.38,  0.11,     ----*-          |                   ,  0.23,  0.97
 1,              rand,40,  0.38,  0.15, --------*           |                   ,  0.23,  0.97
 1,              bonr,40,  0.38,  0.11,     ----*-          |                   ,  0.23,  0.97
 1,                b2,40,  0.38,  0.08,         *---        |                   ,  0.23,  0.97
 1,              rand,15,  0.39,  0.13,     ----*--         |                   ,  0.23,  0.97
#
 2,       progressive,15,  0.42,  0.16,         --*-----    |                   ,  0.23,  0.97
 2,      SimAnnealing,15,  0.42,  0.16,         --*-----    |                   ,  0.23,  0.97
 2,    ExpProgressive,15,  0.42,  0.16,         --*-----    |                   ,  0.23,  0.97
 2,                 EI,9,  0.42,  0.11,         --*--       |                   ,  0.23,  0.97
 2,                UCB,9,  0.42,  0.11,         --*--       |                   ,  0.23,  0.97
 2,                 PI,9,  0.42,  0.11,         --*--       |                   ,  0.23,  0.97
 2,              bonr,15,  0.42,  0.16,         --*-----    |                   ,  0.23,  0.97
 2,               rand,9,  0.45,  0.16,         ---*----    |                   ,  0.23,  0.97
 2,                PI,15,  0.45,  0.17,     -------*-       |                   ,  0.23,  0.97
 2,                EI,15,  0.45,  0.17,     -------*-       |                   ,  0.23,  0.97
 2,               UCB,15,  0.45,  0.17,     -------*-       |                   ,  0.23,  0.97
 2,               bonr,9,  0.45,  0.22,         ---*--------|                   ,  0.23,  0.97
 2,                b2,15,  0.45,  0.16,         ---*----    |                   ,  0.23,  0.97
 2,     ExpProgressive,9,  0.46,  0.24,         ----*-------|                   ,  0.23,  0.97
 2,       SimAnnealing,9,  0.46,  0.20,         ----*------ |                   ,  0.23,  0.97
 2,                 b2,9,  0.46,  0.21,         ----*------ |                   ,  0.23,  0.97
#
 3,        progressive,9,  0.46,  0.22,         ----*-------|                   ,  0.23,  0.97
#
 4,             base,259,  0.72,  0.26,                     |-----*------       ,  0.23,  0.97
