#
 0,                   b2,  1.00,  2.00,   *-----            |                   ,  0.00, 15.00
 0,                  UCB,  1.00,  2.00, --*--               |                   ,  0.00, 15.00
 0,         SimAnnealing,  1.00,  2.00,   *-----            |                   ,  0.00, 15.00
 0,                   PI,  1.00,  3.00, --*-----            |                   ,  0.00, 15.00
 0,                   EI,  1.00,  2.00, --*--               |                   ,  0.00, 15.00
 0,                 bonr,  2.00,  2.00,   ---*--            |                   ,  0.00, 15.00
 0,       ExpProgressive,  2.00,  2.00,   ---*--            |                   ,  0.00, 15.00
 0,          progressive,  2.00,  2.00,   ---*--            |                   ,  0.00, 15.00
#
 1,                 rand,  3.00,  6.00, --------*-------    |                   ,  0.00, 15.00
 1,                   PI,  3.00,  3.00,      ---*----       |                   ,  0.00, 15.00
 1,                   EI,  3.00,  4.00,      ---*-------    |                   ,  0.00, 15.00
 1,                   b2,  3.00,  3.00,      ---*----       |                   ,  0.00, 15.00
 1,                  UCB,  3.00,  4.00,      ---*-------    |                   ,  0.00, 15.00
 1,         SimAnnealing,  4.00,  3.00,      -----*--       |                   ,  0.00, 15.00
 1,       ExpProgressive,  4.00,  3.00,         --*-----    |                   ,  0.00, 15.00
 1,          progressive,  4.00,  2.00,         --*--       |                   ,  0.00, 15.00
 1,                 rand,  4.00,  7.00, ----------*-------  |                   ,  0.00, 15.00
 1,                 bonr,  4.00,  3.00,         --*-----    |                   ,  0.00, 15.00
 1,                 base,  6.00,  3.00,           ------*-  |                   ,  0.00, 15.00
 1,                 base,  7.00,  4.00,           --------*-|                   ,  0.00, 15.00
 1,                 base,  8.00,  6.00,              -------|*-------           ,  0.00, 15.00
