#
 0,               UCB,40,  0.39,  0.04,  --*                |                   ,  0.35,  0.88
 0,                EI,40,  0.39,  0.04,  --*                |                   ,  0.35,  0.88
 0,                PI,40,  0.39,  0.04,  --*                |                   ,  0.35,  0.88
 0,              bonr,40,  0.40,  0.08, ---*--              |                   ,  0.35,  0.88
#
 1,                EI,15,  0.40,  0.06,    *----            |                   ,  0.35,  0.88
 1,                PI,15,  0.40,  0.06,    *----            |                   ,  0.35,  0.88
 1,               UCB,15,  0.40,  0.06,    *----            |                   ,  0.35,  0.88
 1,       progressive,40,  0.40,  0.08, ----*-              |                   ,  0.35,  0.88
 1,                b2,40,  0.41,  0.05,   --*-              |                   ,  0.35,  0.88
 1,    ExpProgressive,40,  0.41,  0.06,   --*--             |                   ,  0.35,  0.88
#
 2,      SimAnnealing,40,  0.42,  0.05,    --*-             |                   ,  0.35,  0.88
 2,       progressive,15,  0.43,  0.05,    ---*-            |                   ,  0.35,  0.88
 2,              bonr,15,  0.44,  0.06,     --*-            |                   ,  0.35,  0.88
 2,      SimAnnealing,15,  0.45,  0.05,     ---*            |                   ,  0.35,  0.88
 2,    ExpProgressive,15,  0.45,  0.06,     ---*            |                   ,  0.35,  0.88
#
 3,                b2,15,  0.45,  0.06,     ---*            |                   ,  0.35,  0.88
 3,                 b2,9,  0.46,  0.07,     ----*           |                   ,  0.35,  0.88
 3,               bonr,9,  0.46,  0.06,     ----*           |                   ,  0.35,  0.88
#
 4,       SimAnnealing,9,  0.46,  0.06,     ----*           |                   ,  0.35,  0.88
 4,        progressive,9,  0.46,  0.06,     ----*           |                   ,  0.35,  0.88
 4,                 PI,9,  0.46,  0.04,      ---*           |                   ,  0.35,  0.88
 4,                 EI,9,  0.46,  0.04,      ---*           |                   ,  0.35,  0.88
 4,                UCB,9,  0.46,  0.04,      ---*           |                   ,  0.35,  0.88
#
 5,     ExpProgressive,9,  0.46,  0.05,      ---*           |                   ,  0.35,  0.88
#
 6,              rand,40,  0.52,  0.00,              *      |                   ,  0.35,  0.88
#
 7,             base,196,  0.53,  0.16,           ----*-----|-                  ,  0.35,  0.88
#
 8,              rand,15,  0.70,  0.00,                     |     *             ,  0.35,  0.88
#
 9,               rand,9,  0.70,  0.00,                     |     *             ,  0.35,  0.88
