#
 0,       progressive,40,  0.16,  0.02, *                   |                   ,  0.16,  0.88
 0,              bonr,40,  0.16,  0.00, *                   |                   ,  0.16,  0.88
 0,                b2,40,  0.16,  0.02, *                   |                   ,  0.16,  0.88
 0,      SimAnnealing,40,  0.16,  0.02, *                   |                   ,  0.16,  0.88
 0,    ExpProgressive,40,  0.16,  0.01, *                   |                   ,  0.16,  0.88
 0,                b2,15,  0.18,  0.03, -*                  |                   ,  0.16,  0.88
#
 1,               UCB,40,  0.19,  0.03,  -*                 |                   ,  0.16,  0.88
 1,                EI,40,  0.19,  0.03,  -*                 |                   ,  0.16,  0.88
 1,                PI,40,  0.19,  0.03,  -*                 |                   ,  0.16,  0.88
#
 2,                 b2,9,  0.20,  0.23,   *------------     |                   ,  0.16,  0.88
 2,              bonr,15,  0.20,  0.19,  -*---------        |                   ,  0.16,  0.88
 2,    ExpProgressive,15,  0.20,  0.23,  -*-----------      |                   ,  0.16,  0.88
#
 3,       progressive,15,  0.20,  0.23,  -*-----------      |                   ,  0.16,  0.88
#
 4,      SimAnnealing,15,  0.21,  0.19,   *---------        |                   ,  0.16,  0.88
#
 5,                EI,15,  0.21,  0.20,   *----------       |                   ,  0.16,  0.88
 5,                PI,15,  0.21,  0.20,   *----------       |                   ,  0.16,  0.88
 5,               UCB,15,  0.21,  0.20,   *----------       |                   ,  0.16,  0.88
 5,       SimAnnealing,9,  0.39,  0.22,   -----------*-     |                   ,  0.16,  0.88
#
 6,                 PI,9,  0.42,  0.32,    -----------*-----|                   ,  0.16,  0.88
#
 7,                 EI,9,  0.42,  0.32,    -----------*-----|                   ,  0.16,  0.88
#
 8,                UCB,9,  0.42,  0.32,    -----------*-----|                   ,  0.16,  0.88
#
 9,               bonr,9,  0.42,  0.24,   ------------*-    |                   ,  0.16,  0.88
#
10,        progressive,9,  0.43,  0.24,   -------------*    |                   ,  0.16,  0.88
#
11,     ExpProgressive,9,  0.43,  0.24,   -------------*    |                   ,  0.16,  0.88
#
12,              rand,40,  0.59,  0.00,                     |   *               ,  0.16,  0.88
#
13,               rand,9,  0.59,  0.00,                     |   *               ,  0.16,  0.88
#
14,              rand,15,  0.59,  0.00,                     |   *               ,  0.16,  0.88
#
15,            base,1023,  0.69,  0.21,                     |--------*---       ,  0.16,  0.88
