#
 0,              rand,40,  0.03,  0.00,  *                  |                   ,  0.00,  1.00
 0,               rand,9,  0.03,  0.00,  *                  |                   ,  0.00,  1.00
#
 1,              rand,15,  0.03,  0.00,  *                  |                   ,  0.00,  1.00
#
 2,      SimAnnealing,40,  0.04,  0.03,  *                  |                   ,  0.00,  1.00
#
 3,      SimAnnealing,15,  0.07,  0.14,  -*----             |                   ,  0.00,  1.00
#
 4,    ExpProgressive,40,  0.20,  0.02,        *            |                   ,  0.00,  1.00
#
 5,       progressive,40,  0.20,  0.02,        *            |                   ,  0.00,  1.00
 5,              bonr,40,  0.20,  0.06,       -*            |                   ,  0.00,  1.00
#
 6,                b2,40,  0.20,  0.15,        -*----       |                   ,  0.00,  1.00
 6,               UCB,40,  0.22,  0.04,         *-          |                   ,  0.00,  1.00
#
 7,                EI,40,  0.22,  0.04,         *-          |                   ,  0.00,  1.00
 7,                PI,40,  0.22,  0.04,         *-          |                   ,  0.00,  1.00
#
 8,                b2,15,  0.23,  0.17,         -*-----     |                   ,  0.00,  1.00
 8,       SimAnnealing,9,  0.25,  0.24,       ----*----     |                   ,  0.00,  1.00
 8,              bonr,15,  0.26,  0.16,          -*----     |                   ,  0.00,  1.00
 8,    ExpProgressive,15,  0.26,  0.17,         --*----     |                   ,  0.00,  1.00
 8,       progressive,15,  0.26,  0.17,         --*----     |                   ,  0.00,  1.00
#
 9,                 b2,9,  0.37,  0.17,         ------*     |                   ,  0.00,  1.00
 9,                EI,15,  0.38,  0.19,          ------*-   |                   ,  0.00,  1.00
#
10,                PI,15,  0.38,  0.19,          ------*-   |                   ,  0.00,  1.00
10,               UCB,15,  0.38,  0.19,          ------*-   |                   ,  0.00,  1.00
10,                 PI,9,  0.38,  0.05,               -*    |                   ,  0.00,  1.00
10,                 EI,9,  0.38,  0.05,               -*    |                   ,  0.00,  1.00
10,                UCB,9,  0.38,  0.05,               -*    |                   ,  0.00,  1.00
10,        progressive,9,  0.39,  0.16,           -----*    |                   ,  0.00,  1.00
10,               bonr,9,  0.39,  0.16,           -----*    |                   ,  0.00,  1.00
10,     ExpProgressive,9,  0.39,  0.16,           -----*    |                   ,  0.00,  1.00
#
11,           base,86058,  0.53,  0.28,                  ---|*-------           ,  0.00,  1.00
