#
 0,              rand,60,  0.20,  0.07,  *---               |                   ,  0.17,  0.93
 0,          UCB_plus,55,  0.20,  0.07,  *--                |                   ,  0.17,  0.93
 0,         UCB_minus,55,  0.20,  0.07,  *--                |                   ,  0.17,  0.93
 0,                EI,55,  0.20,  0.07,  *--                |                   ,  0.17,  0.93
 0,                PI,55,  0.20,  0.07,  *--                |                   ,  0.17,  0.93
 0,              rand,35,  0.24,  0.14,  --*----            |                   ,  0.17,  0.93
 0,         UCB_minus,50,  0.24,  0.07,  --*                |                   ,  0.17,  0.93
 0,              bonr,60,  0.24,  0.22,  --*--------        |                   ,  0.17,  0.93
 0,              bonr,50,  0.24,  0.22,  --*--------        |                   ,  0.17,  0.93
 0,              rand,45,  0.24,  0.13,  --*----            |                   ,  0.17,  0.93
 0,                EI,50,  0.24,  0.07,  --*                |                   ,  0.17,  0.93
 0,                PI,50,  0.24,  0.07,  --*                |                   ,  0.17,  0.93
 0,              rand,40,  0.24,  0.13,  --*----            |                   ,  0.17,  0.93
 0,              rand,55,  0.24,  0.13,  --*----            |                   ,  0.17,  0.93
 0,          UCB_plus,50,  0.24,  0.07,  --*                |                   ,  0.17,  0.93
 0,              bonr,45,  0.24,  0.22,  --*--------        |                   ,  0.17,  0.93
 0,              rand,50,  0.24,  0.13,  --*----            |                   ,  0.17,  0.93
 0,              bonr,55,  0.24,  0.22,  --*--------        |                   ,  0.17,  0.93
#
 1,                EI,60,  0.25,  0.07,  ---*               |                   ,  0.17,  0.93
 1,          UCB_plus,60,  0.25,  0.07,  ---*               |                   ,  0.17,  0.93
 1,                PI,60,  0.25,  0.07,  ---*               |                   ,  0.17,  0.93
 1,         UCB_minus,60,  0.25,  0.07,  ---*               |                   ,  0.17,  0.93
#
 2,              bonr,40,  0.25,  0.22,  ---*-------        |                   ,  0.17,  0.93
 2,          UCB_plus,45,  0.25,  0.12,  ---*--             |                   ,  0.17,  0.93
 2,                PI,45,  0.25,  0.12,  ---*--             |                   ,  0.17,  0.93
 2,         UCB_minus,45,  0.25,  0.12,  ---*--             |                   ,  0.17,  0.93
#
 3,                EI,45,  0.25,  0.12,  ---*--             |                   ,  0.17,  0.93
 3,         UCB_minus,35,  0.26,  0.07,     *---            |                   ,  0.17,  0.93
 3,                EI,35,  0.26,  0.07,     *---            |                   ,  0.17,  0.93
 3,                PI,35,  0.26,  0.07,     *---            |                   ,  0.17,  0.93
 3,          UCB_plus,35,  0.26,  0.07,     *---            |                   ,  0.17,  0.93
 3,              rand,25,  0.26,  0.14,  ---*---            |                   ,  0.17,  0.93
 3,              rand,30,  0.26,  0.14,  ---*---            |                   ,  0.17,  0.93
 3,             focus,50,  0.26,  0.17,    -*-------        |                   ,  0.17,  0.93
 3,              bonr,35,  0.27,  0.22,  ----*------        |                   ,  0.17,  0.93
 3,             focus,35,  0.28,  0.17,    --*------        |                   ,  0.17,  0.93
 3,                EI,25,  0.30,  0.07,     ---*            |                   ,  0.17,  0.93
 3,                PI,25,  0.30,  0.07,     ---*            |                   ,  0.17,  0.93
 3,         UCB_minus,25,  0.30,  0.07,     ---*            |                   ,  0.17,  0.93
 3,          UCB_plus,25,  0.30,  0.07,     ---*            |                   ,  0.17,  0.93
 3,             focus,30,  0.31,  0.17,    ----*----        |                   ,  0.17,  0.93
 3,             focus,40,  0.31,  0.17,    ----*----        |                   ,  0.17,  0.93
 3,                EI,40,  0.31,  0.09,     ---*-           |                   ,  0.17,  0.93
 3,         UCB_minus,40,  0.31,  0.09,     ---*-           |                   ,  0.17,  0.93
 3,          UCB_plus,40,  0.31,  0.09,     ---*-           |                   ,  0.17,  0.93
 3,                PI,40,  0.31,  0.09,     ---*-           |                   ,  0.17,  0.93
 3,             focus,45,  0.31,  0.17,    ----*----        |                   ,  0.17,  0.93
 3,                EI,30,  0.31,  0.07,     ---*            |                   ,  0.17,  0.93
 3,          UCB_plus,30,  0.31,  0.07,     ---*            |                   ,  0.17,  0.93
 3,         UCB_minus,30,  0.31,  0.07,     ---*            |                   ,  0.17,  0.93
 3,                PI,30,  0.31,  0.07,     ---*            |                   ,  0.17,  0.93
 3,                b2,60,  0.31,  0.14,    ----*---         |                   ,  0.17,  0.93
 3,                b2,55,  0.32,  0.14,    ----*---         |                   ,  0.17,  0.93
 3,              rand,20,  0.32,  0.16,  ------*-           |                   ,  0.17,  0.93
 3,                b2,50,  0.32,  0.14,    ----*---         |                   ,  0.17,  0.93
 3,             focus,60,  0.32,  0.17,    -----*---        |                   ,  0.17,  0.93
#
 4,          UCB_plus,20,  0.32,  0.05,        -*           |                   ,  0.17,  0.93
 4,                EI,15,  0.32,  0.10,     ----*           |                   ,  0.17,  0.93
 4,             focus,55,  0.32,  0.17,    -----*---        |                   ,  0.17,  0.93
 4,                PI,15,  0.32,  0.10,     ----*           |                   ,  0.17,  0.93
#
 5,          UCB_plus,15,  0.32,  0.10,     ----*           |                   ,  0.17,  0.93
 5,         UCB_minus,20,  0.32,  0.05,        -*           |                   ,  0.17,  0.93
 5,         UCB_minus,15,  0.32,  0.10,     ----*           |                   ,  0.17,  0.93
 5,                PI,20,  0.32,  0.05,        -*           |                   ,  0.17,  0.93
 5,                EI,20,  0.32,  0.05,        -*           |                   ,  0.17,  0.93
 5,                b2,45,  0.33,  0.15,     ----*---        |                   ,  0.17,  0.93
 5,                b2,40,  0.33,  0.15,     ----*---        |                   ,  0.17,  0.93
 5,              bonr,30,  0.33,  0.17,    -----*---        |                   ,  0.17,  0.93
 5,              rand,15,  0.33,  0.11,    -----*           |                   ,  0.17,  0.93
 5,              rand,10,  0.33,  0.09,        -*---        |                   ,  0.17,  0.93
 5,                b2,20,  0.35,  0.11,        --*--        |                   ,  0.17,  0.93
 5,             focus,25,  0.35,  0.17,    ------*--        |                   ,  0.17,  0.93
 5,                b2,30,  0.35,  0.13,      ----*--        |                   ,  0.17,  0.93
 5,                b2,15,  0.35,  0.11,        --*--        |                   ,  0.17,  0.93
 5,                b2,25,  0.35,  0.13,      ----*--        |                   ,  0.17,  0.93
 5,             focus,20,  0.35,  0.16,     -----*--        |                   ,  0.17,  0.93
 5,                b2,35,  0.35,  0.13,      ----*--        |                   ,  0.17,  0.93
 5,              bonr,25,  0.35,  0.17,    ------*---       |                   ,  0.17,  0.93
 5,              bonr,20,  0.35,  0.16,     -----*---       |                   ,  0.17,  0.93
 5,         UCB_minus,10,  0.36,  0.07,         --*         |                   ,  0.17,  0.93
 5,          UCB_plus,10,  0.36,  0.07,         --*         |                   ,  0.17,  0.93
 5,                PI,10,  0.36,  0.07,         --*         |                   ,  0.17,  0.93
 5,                EI,10,  0.36,  0.07,         --*         |                   ,  0.17,  0.93
 5,             focus,15,  0.37,  0.15,     ------*-        |                   ,  0.17,  0.93
 5,              bonr,15,  0.38,  0.16,     -------*-       |                   ,  0.17,  0.93
 5,                b2,10,  0.38,  0.09,         ---*        |                   ,  0.17,  0.93
 5,             focus,10,  0.39,  0.06,          --*        |                   ,  0.17,  0.93
#
 6,              bonr,10,  0.39,  0.07,          --*-       |                   ,  0.17,  0.93
#
 7,         baseline,398,  0.55,  0.20,              -------*---                ,  0.17,  0.93
