#
 0,             focus,60,  0.36,  0.07,          -*--       |                   ,  0.16,  0.90
 0,             focus,55,  0.36,  0.06,          -*--       |                   ,  0.16,  0.90
 0,             focus,45,  0.38,  0.06,           -*-       |                   ,  0.16,  0.90
 0,             focus,50,  0.38,  0.07,          --*-       |                   ,  0.16,  0.90
 0,              bonr,60,  0.38,  0.05,           -*-       |                   ,  0.16,  0.90
 0,                EI,40,  0.38,  0.05,            *-       |                   ,  0.16,  0.90
 0,          UCB_plus,40,  0.38,  0.05,            *-       |                   ,  0.16,  0.90
 0,                PI,40,  0.38,  0.05,            *-       |                   ,  0.16,  0.90
 0,         UCB_minus,40,  0.38,  0.05,            *-       |                   ,  0.16,  0.90
 0,              bonr,50,  0.38,  0.03,            *-       |                   ,  0.16,  0.90
 0,              bonr,55,  0.38,  0.03,            *-       |                   ,  0.16,  0.90
 0,              bonr,40,  0.39,  0.03,            -*       |                   ,  0.16,  0.90
 0,              bonr,45,  0.39,  0.03,            -*       |                   ,  0.16,  0.90
 0,                PI,45,  0.39,  0.06,           --*       |                   ,  0.16,  0.90
 0,                EI,45,  0.39,  0.06,           --*       |                   ,  0.16,  0.90
 0,         UCB_minus,45,  0.39,  0.06,           --*       |                   ,  0.16,  0.90
 0,          UCB_plus,45,  0.39,  0.06,           --*       |                   ,  0.16,  0.90
 0,             focus,40,  0.39,  0.07,           --*       |                   ,  0.16,  0.90
 0,              bonr,35,  0.39,  0.02,            -*       |                   ,  0.16,  0.90
 0,                EI,60,  0.39,  0.04,            -*       |                   ,  0.16,  0.90
 0,          UCB_plus,60,  0.39,  0.04,            -*       |                   ,  0.16,  0.90
 0,                PI,60,  0.39,  0.04,            -*       |                   ,  0.16,  0.90
 0,         UCB_minus,60,  0.39,  0.04,            -*       |                   ,  0.16,  0.90
 0,                PI,50,  0.40,  0.06,           --*       |                   ,  0.16,  0.90
 0,          UCB_plus,50,  0.40,  0.06,           --*       |                   ,  0.16,  0.90
 0,         UCB_minus,50,  0.40,  0.06,           --*       |                   ,  0.16,  0.90
 0,                EI,50,  0.40,  0.06,           --*       |                   ,  0.16,  0.90
 0,             focus,25,  0.40,  0.05,            -*-      |                   ,  0.16,  0.90
 0,             focus,30,  0.40,  0.06,           --*-      |                   ,  0.16,  0.90
 0,             focus,35,  0.40,  0.06,           --*       |                   ,  0.16,  0.90
 0,         UCB_minus,55,  0.40,  0.03,            -*       |                   ,  0.16,  0.90
 0,                EI,55,  0.40,  0.03,            -*       |                   ,  0.16,  0.90
 0,          UCB_plus,55,  0.40,  0.03,            -*       |                   ,  0.16,  0.90
 0,                PI,55,  0.40,  0.03,            -*       |                   ,  0.16,  0.90
 0,              bonr,30,  0.40,  0.03,             *       |                   ,  0.16,  0.90
 0,         UCB_minus,35,  0.40,  0.03,             -*      |                   ,  0.16,  0.90
 0,          UCB_plus,35,  0.40,  0.03,             -*      |                   ,  0.16,  0.90
 0,              rand,60,  0.40,  0.03,            --*      |                   ,  0.16,  0.90
 0,                EI,35,  0.40,  0.03,             -*      |                   ,  0.16,  0.90
 0,                PI,35,  0.40,  0.03,             -*      |                   ,  0.16,  0.90
 0,              bonr,25,  0.40,  0.02,             -*      |                   ,  0.16,  0.90
#
 1,              rand,55,  0.40,  0.03,            --*      |                   ,  0.16,  0.90
 1,              bonr,20,  0.41,  0.03,             -*      |                   ,  0.16,  0.90
 1,                b2,55,  0.41,  0.05,           ---*      |                   ,  0.16,  0.90
 1,                b2,60,  0.41,  0.06,           ---*      |                   ,  0.16,  0.90
 1,                EI,30,  0.41,  0.03,             -*      |                   ,  0.16,  0.90
 1,          UCB_plus,30,  0.41,  0.03,             -*      |                   ,  0.16,  0.90
 1,         UCB_minus,30,  0.41,  0.03,             -*      |                   ,  0.16,  0.90
 1,                PI,30,  0.41,  0.03,             -*      |                   ,  0.16,  0.90
 1,              rand,40,  0.41,  0.03,             -*      |                   ,  0.16,  0.90
 1,              rand,50,  0.41,  0.03,             -*      |                   ,  0.16,  0.90
 1,              rand,45,  0.41,  0.03,             -*      |                   ,  0.16,  0.90
 1,              rand,35,  0.41,  0.03,             -*      |                   ,  0.16,  0.90
 1,                b2,40,  0.41,  0.05,            --*      |                   ,  0.16,  0.90
 1,              rand,30,  0.41,  0.02,             -*      |                   ,  0.16,  0.90
 1,                b2,50,  0.41,  0.05,            --*      |                   ,  0.16,  0.90
 1,                b2,45,  0.41,  0.05,            --*      |                   ,  0.16,  0.90
 1,             focus,20,  0.41,  0.05,            --*      |                   ,  0.16,  0.90
#
 2,              rand,25,  0.41,  0.02,              *      |                   ,  0.16,  0.90
 2,                b2,35,  0.42,  0.05,            --*      |                   ,  0.16,  0.90
 2,         UCB_minus,25,  0.42,  0.02,              *      |                   ,  0.16,  0.90
 2,                PI,25,  0.42,  0.02,              *      |                   ,  0.16,  0.90
 2,          UCB_plus,25,  0.42,  0.02,              *      |                   ,  0.16,  0.90
 2,                EI,25,  0.42,  0.02,              *      |                   ,  0.16,  0.90
 2,                EI,20,  0.42,  0.02,              *      |                   ,  0.16,  0.90
 2,                PI,20,  0.42,  0.02,              *      |                   ,  0.16,  0.90
 2,          UCB_plus,20,  0.42,  0.02,              *      |                   ,  0.16,  0.90
 2,         UCB_minus,20,  0.42,  0.02,              *      |                   ,  0.16,  0.90
 2,                b2,25,  0.42,  0.05,            ---*     |                   ,  0.16,  0.90
 2,                b2,30,  0.42,  0.05,            ---*     |                   ,  0.16,  0.90
 2,                b2,20,  0.42,  0.05,            ---*     |                   ,  0.16,  0.90
#
 3,          UCB_plus,10,  0.42,  0.03,              -*     |                   ,  0.16,  0.90
 3,                PI,10,  0.42,  0.03,              -*     |                   ,  0.16,  0.90
 3,         UCB_minus,10,  0.42,  0.03,              -*     |                   ,  0.16,  0.90
 3,                EI,10,  0.42,  0.03,              -*     |                   ,  0.16,  0.90
 3,              rand,20,  0.42,  0.02,              -*     |                   ,  0.16,  0.90
 3,          UCB_plus,15,  0.42,  0.01,              -*     |                   ,  0.16,  0.90
 3,                EI,15,  0.42,  0.01,              -*     |                   ,  0.16,  0.90
 3,              rand,15,  0.42,  0.02,              -*     |                   ,  0.16,  0.90
 3,                PI,15,  0.42,  0.01,              -*     |                   ,  0.16,  0.90
 3,         UCB_minus,15,  0.42,  0.01,              -*     |                   ,  0.16,  0.90
 3,                b2,15,  0.43,  0.05,            ---*     |                   ,  0.16,  0.90
 3,              bonr,15,  0.43,  0.03,             --*     |                   ,  0.16,  0.90
 3,             focus,15,  0.43,  0.03,              -*     |                   ,  0.16,  0.90
 3,                b2,10,  0.43,  0.06,            ---*     |                   ,  0.16,  0.90
 3,              bonr,10,  0.43,  0.02,              -*     |                   ,  0.16,  0.90
 3,              rand,10,  0.43,  0.03,              -*     |                   ,  0.16,  0.90
 3,             focus,10,  0.43,  0.02,              -*     |                   ,  0.16,  0.90
#
 4,       baseline,10000,  0.57,  0.25,                -----|*------            ,  0.16,  0.90
