#
 0,                EI,55,  0.37,  0.04, -*-                 |                   ,  0.35,  0.88
 0,              rand,60,  0.37,  0.04, -*-                 |                   ,  0.35,  0.88
 0,                EI,45,  0.37,  0.03, -*                  |                   ,  0.35,  0.88
 0,              rand,55,  0.37,  0.04, -*-                 |                   ,  0.35,  0.88
 0,                EI,60,  0.37,  0.04, -*-                 |                   ,  0.35,  0.88
 0,         UCB_minus,55,  0.37,  0.04, -*-                 |                   ,  0.35,  0.88
 0,                PI,60,  0.37,  0.04, -*-                 |                   ,  0.35,  0.88
 0,                PI,45,  0.37,  0.03, -*                  |                   ,  0.35,  0.88
 0,                PI,55,  0.37,  0.04, -*-                 |                   ,  0.35,  0.88
 0,          UCB_plus,45,  0.37,  0.03, -*                  |                   ,  0.35,  0.88
 0,         UCB_minus,60,  0.37,  0.04, -*-                 |                   ,  0.35,  0.88
 0,          UCB_plus,55,  0.37,  0.04, -*-                 |                   ,  0.35,  0.88
 0,         UCB_minus,45,  0.37,  0.03, -*                  |                   ,  0.35,  0.88
 0,              rand,50,  0.37,  0.04, -*-                 |                   ,  0.35,  0.88
 0,          UCB_plus,60,  0.37,  0.04, -*-                 |                   ,  0.35,  0.88
 0,              rand,40,  0.38,  0.04, --*                 |                   ,  0.35,  0.88
 0,                b2,50,  0.38,  0.07, --*--               |                   ,  0.35,  0.88
 0,          UCB_plus,50,  0.38,  0.05, --*                 |                   ,  0.35,  0.88
 0,                PI,50,  0.38,  0.05, --*                 |                   ,  0.35,  0.88
 0,                b2,55,  0.38,  0.07, --*--               |                   ,  0.35,  0.88
 0,              bonr,60,  0.38,  0.07, --*--               |                   ,  0.35,  0.88
 0,              rand,30,  0.38,  0.05, --*-                |                   ,  0.35,  0.88
 0,         UCB_minus,50,  0.38,  0.05, --*                 |                   ,  0.35,  0.88
 0,              rand,35,  0.38,  0.05, --*                 |                   ,  0.35,  0.88
 0,                b2,60,  0.38,  0.06, --*-                |                   ,  0.35,  0.88
 0,              rand,25,  0.38,  0.06,  -*--               |                   ,  0.35,  0.88
 0,                EI,50,  0.38,  0.05, --*                 |                   ,  0.35,  0.88
 0,              rand,45,  0.38,  0.04, --*                 |                   ,  0.35,  0.88
 0,          UCB_plus,40,  0.39,  0.04,  --*                |                   ,  0.35,  0.88
 0,                EI,40,  0.39,  0.04,  --*                |                   ,  0.35,  0.88
 0,                PI,40,  0.39,  0.04,  --*                |                   ,  0.35,  0.88
 0,         UCB_minus,40,  0.39,  0.04,  --*                |                   ,  0.35,  0.88
 0,              bonr,40,  0.40,  0.08, ---*--              |                   ,  0.35,  0.88
 0,                EI,20,  0.40,  0.07, ---*-               |                   ,  0.35,  0.88
 0,              bonr,50,  0.40,  0.08, ---*--              |                   ,  0.35,  0.88
 0,                PI,35,  0.40,  0.04,  --*                |                   ,  0.35,  0.88
#
 1,                EI,30,  0.40,  0.07, ---*-               |                   ,  0.35,  0.88
 1,                PI,25,  0.40,  0.04,  --*                |                   ,  0.35,  0.88
 1,          UCB_plus,35,  0.40,  0.04,  --*                |                   ,  0.35,  0.88
 1,              bonr,45,  0.40,  0.08, ---*--              |                   ,  0.35,  0.88
 1,                EI,25,  0.40,  0.04,  --*                |                   ,  0.35,  0.88
 1,              bonr,35,  0.40,  0.09,  --*----            |                   ,  0.35,  0.88
 1,          UCB_plus,25,  0.40,  0.04,  --*                |                   ,  0.35,  0.88
 1,              bonr,55,  0.40,  0.07, ---*-               |                   ,  0.35,  0.88
 1,         UCB_minus,25,  0.40,  0.04,  --*                |                   ,  0.35,  0.88
 1,                PI,20,  0.40,  0.07, ---*-               |                   ,  0.35,  0.88
 1,                EI,35,  0.40,  0.04,  --*                |                   ,  0.35,  0.88
 1,          UCB_plus,30,  0.40,  0.07, ---*-               |                   ,  0.35,  0.88
 1,                PI,30,  0.40,  0.07, ---*-               |                   ,  0.35,  0.88
 1,         UCB_minus,20,  0.40,  0.07, ---*-               |                   ,  0.35,  0.88
 1,         UCB_minus,35,  0.40,  0.04,  --*                |                   ,  0.35,  0.88
 1,          UCB_plus,20,  0.40,  0.07, ---*-               |                   ,  0.35,  0.88
 1,         UCB_minus,30,  0.40,  0.07, ---*-               |                   ,  0.35,  0.88
 1,          UCB_plus,15,  0.40,  0.06,    *----            |                   ,  0.35,  0.88
 1,                PI,15,  0.40,  0.06,    *----            |                   ,  0.35,  0.88
 1,                EI,15,  0.40,  0.06,    *----            |                   ,  0.35,  0.88
 1,         UCB_minus,15,  0.40,  0.06,    *----            |                   ,  0.35,  0.88
 1,                b2,45,  0.40,  0.07, ---*-               |                   ,  0.35,  0.88
#
 2,              rand,20,  0.40,  0.06,   --*--             |                   ,  0.35,  0.88
 2,                b2,40,  0.41,  0.05,   --*-              |                   ,  0.35,  0.88
 2,              rand,15,  0.41,  0.06,    -*---            |                   ,  0.35,  0.88
 2,                b2,20,  0.41,  0.07,   ---*-             |                   ,  0.35,  0.88
 2,                b2,25,  0.41,  0.07,   ---*-             |                   ,  0.35,  0.88
 2,             focus,50,  0.41,  0.05,    --*-             |                   ,  0.35,  0.88
 2,             focus,55,  0.41,  0.05,    --*-             |                   ,  0.35,  0.88
 2,                b2,30,  0.41,  0.07,   ---*-             |                   ,  0.35,  0.88
 2,             focus,45,  0.41,  0.05,    --*-             |                   ,  0.35,  0.88
 2,                b2,35,  0.41,  0.05,   ---*              |                   ,  0.35,  0.88
 2,             focus,60,  0.41,  0.04,    --*              |                   ,  0.35,  0.88
 2,                PI,10,  0.42,  0.07,    --*--            |                   ,  0.35,  0.88
 2,             focus,40,  0.42,  0.05,    --*-             |                   ,  0.35,  0.88
 2,         UCB_minus,10,  0.42,  0.07,    --*--            |                   ,  0.35,  0.88
 2,                EI,10,  0.42,  0.07,    --*--            |                   ,  0.35,  0.88
 2,             focus,35,  0.42,  0.05,    --*-             |                   ,  0.35,  0.88
 2,          UCB_plus,10,  0.42,  0.07,    --*--            |                   ,  0.35,  0.88
 2,             focus,30,  0.43,  0.05,    ---*             |                   ,  0.35,  0.88
 2,              bonr,25,  0.43,  0.07,    ---*-            |                   ,  0.35,  0.88
 2,              bonr,20,  0.43,  0.06,    ---*-            |                   ,  0.35,  0.88
 2,              bonr,30,  0.43,  0.07,    ---*-            |                   ,  0.35,  0.88
 2,              bonr,15,  0.44,  0.06,     --*-            |                   ,  0.35,  0.88
 2,             focus,25,  0.44,  0.05,    ----*            |                   ,  0.35,  0.88
 2,             focus,20,  0.45,  0.05,    ----*            |                   ,  0.35,  0.88
 2,             focus,15,  0.45,  0.05,     ---*            |                   ,  0.35,  0.88
 2,              bonr,10,  0.45,  0.06,     ---*            |                   ,  0.35,  0.88
#
 3,              rand,10,  0.45,  0.06,     ---*-           |                   ,  0.35,  0.88
 3,                b2,15,  0.45,  0.06,     ---*            |                   ,  0.35,  0.88
 3,             focus,10,  0.46,  0.06,     ----*           |                   ,  0.35,  0.88
 3,                b2,10,  0.46,  0.06,     ----*           |                   ,  0.35,  0.88
#
 4,         baseline,196,  0.53,  0.16,           ----*-----|-                  ,  0.35,  0.88
