#
 0,              rand,40,  0.24,  0.13,  --*----            |                   ,  0.17,  0.93
 0,              bonr,40,  0.25,  0.22,  ---*-------        |                   ,  0.17,  0.93
 0,                PI,40,  0.26,  0.07,    -*--             |                   ,  0.17,  0.93
#
 1,      SimAnnealing,40,  0.31,  0.17,    ----*----        |                   ,  0.17,  0.93
 1,                PI,15,  0.32,  0.11,     ---*--          |                   ,  0.17,  0.93
 1,               UCB,15,  0.32,  0.15,     ---*----        |                   ,  0.17,  0.93
 1,    ExpProgressive,40,  0.32,  0.21,  -------*---        |                   ,  0.17,  0.93
 1,       progressive,40,  0.32,  0.20,  -------*---        |                   ,  0.17,  0.93
 1,                b2,40,  0.33,  0.15,     ----*---        |                   ,  0.17,  0.93
#
 2,               UCB,40,  0.33,  0.08,         *---        |                   ,  0.17,  0.93
 2,              rand,15,  0.33,  0.11,    -----*           |                   ,  0.17,  0.93
 2,                EI,40,  0.33,  0.07,         *--         |                   ,  0.17,  0.93
 2,                EI,15,  0.34,  0.16,     -----*---       |                   ,  0.17,  0.93
 2,               rand,9,  0.35,  0.09,        --*--        |                   ,  0.17,  0.93
 2,                b2,15,  0.35,  0.11,        --*--        |                   ,  0.17,  0.93
 2,                 EI,9,  0.36,  0.10,        --*--        |                   ,  0.17,  0.93
 2,                 PI,9,  0.36,  0.09,        --*--        |                   ,  0.17,  0.93
 2,      SimAnnealing,15,  0.37,  0.15,     ------*-        |                   ,  0.17,  0.93
#
 3,    ExpProgressive,15,  0.37,  0.15,      -----*--       |                   ,  0.17,  0.93
 3,                UCB,9,  0.38,  0.09,        ---*-        |                   ,  0.17,  0.93
 3,       progressive,15,  0.38,  0.11,        ----*-       |                   ,  0.17,  0.93
 3,              bonr,15,  0.38,  0.16,     -------*-       |                   ,  0.17,  0.93
 3,                 b2,9,  0.38,  0.09,         ---*        |                   ,  0.17,  0.93
 3,       SimAnnealing,9,  0.39,  0.06,          --*        |                   ,  0.17,  0.93
 3,        progressive,9,  0.39,  0.07,          --*-       |                   ,  0.17,  0.93
 3,     ExpProgressive,9,  0.39,  0.07,          --*-       |                   ,  0.17,  0.93
 3,               bonr,9,  0.39,  0.07,          --*-       |                   ,  0.17,  0.93
#
 4,             base,398,  0.55,  0.20,              -------*---                ,  0.17,  0.93
