#
 0,             focus,60,  0.18,  0.03,   *-                |                   ,  0.13,  0.78
 0,              rand,60,  0.18,  0.05,  --*                |                   ,  0.13,  0.78
 0,              rand,55,  0.18,  0.05,  --*                |                   ,  0.13,  0.78
 0,              rand,50,  0.18,  0.05,  --*                |                   ,  0.13,  0.78
 0,             focus,50,  0.19,  0.03,   -*                |                   ,  0.13,  0.78
 0,             focus,40,  0.19,  0.04,   -*-               |                   ,  0.13,  0.78
 0,             focus,55,  0.19,  0.03,   -*                |                   ,  0.13,  0.78
 0,             focus,45,  0.19,  0.06,   -*--              |                   ,  0.13,  0.78
#
 1,       progressive,60,  0.19,  0.02,    *                |                   ,  0.13,  0.78
 1,       progressive,50,  0.19,  0.02,    *                |                   ,  0.13,  0.78
 1,       progressive,55,  0.19,  0.02,    *                |                   ,  0.13,  0.78
 1,              rand,40,  0.19,  0.11,  --*----            |                   ,  0.13,  0.78
 1,                EI,60,  0.19,  0.07,    *---             |                   ,  0.13,  0.78
 1,                PI,60,  0.19,  0.07,    *---             |                   ,  0.13,  0.78
 1,              rand,35,  0.19,  0.11,  --*----            |                   ,  0.13,  0.78
 1,         UCB_minus,60,  0.19,  0.07,    *---             |                   ,  0.13,  0.78
 1,          UCB_plus,60,  0.19,  0.07,    *---             |                   ,  0.13,  0.78
 1,              rand,45,  0.19,  0.09,  --*---             |                   ,  0.13,  0.78
 1,    ExpProgressive,60,  0.19,  0.02,    *                |                   ,  0.13,  0.78
 1,                b2,60,  0.19,  0.06,    *---             |                   ,  0.13,  0.78
 1,                b2,50,  0.19,  0.06,    *---             |                   ,  0.13,  0.78
 1,    ExpProgressive,55,  0.19,  0.05,    *--              |                   ,  0.13,  0.78
 1,          UCB_plus,50,  0.19,  0.06,   -*--              |                   ,  0.13,  0.78
 1,    ExpProgressive,50,  0.19,  0.07,    *---             |                   ,  0.13,  0.78
 1,                PI,50,  0.19,  0.06,   -*--              |                   ,  0.13,  0.78
 1,       progressive,45,  0.19,  0.03,    *                |                   ,  0.13,  0.78
 1,                b2,55,  0.19,  0.07,    *---             |                   ,  0.13,  0.78
 1,              bonr,60,  0.19,  0.07,  --*--              |                   ,  0.13,  0.78
 1,         UCB_minus,50,  0.19,  0.06,   -*--              |                   ,  0.13,  0.78
 1,    ExpProgressive,45,  0.19,  0.07,    *---             |                   ,  0.13,  0.78
 1,    ExpProgressive,40,  0.19,  0.08,    *----            |                   ,  0.13,  0.78
 1,       progressive,35,  0.19,  0.06,    *---             |                   ,  0.13,  0.78
 1,       progressive,40,  0.19,  0.06,    *---             |                   ,  0.13,  0.78
 1,                EI,50,  0.19,  0.06,   -*--              |                   ,  0.13,  0.78
 1,              bonr,50,  0.20,  0.06,   --*-              |                   ,  0.13,  0.78
 1,             focus,30,  0.20,  0.07,   --*--             |                   ,  0.13,  0.78
 1,              bonr,55,  0.20,  0.06,   --*-              |                   ,  0.13,  0.78
 1,       progressive,30,  0.20,  0.06,    -*-              |                   ,  0.13,  0.78
 1,             focus,35,  0.20,  0.07,   --*--             |                   ,  0.13,  0.78
 1,       progressive,25,  0.20,  0.06,    -*--             |                   ,  0.13,  0.78
 1,              bonr,40,  0.21,  0.07,    -*--             |                   ,  0.13,  0.78
 1,              bonr,45,  0.21,  0.06,    -*-              |                   ,  0.13,  0.78
 1,                b2,45,  0.21,  0.06,    -*--             |                   ,  0.13,  0.78
 1,    ExpProgressive,35,  0.21,  0.09,    -*---            |                   ,  0.13,  0.78
#
 2,              rand,30,  0.21,  0.09,   --*---            |                   ,  0.13,  0.78
 2,              rand,25,  0.21,  0.10,   --*---            |                   ,  0.13,  0.78
 2,                EI,55,  0.21,  0.04,   --*               |                   ,  0.13,  0.78
 2,                PI,35,  0.21,  0.07,    -*---            |                   ,  0.13,  0.78
 2,          UCB_plus,35,  0.21,  0.07,    -*---            |                   ,  0.13,  0.78
 2,         UCB_minus,55,  0.21,  0.04,   --*               |                   ,  0.13,  0.78
 2,                b2,40,  0.21,  0.08,    -*---            |                   ,  0.13,  0.78
 2,                PI,55,  0.21,  0.04,   --*               |                   ,  0.13,  0.78
 2,          UCB_plus,55,  0.21,  0.04,   --*               |                   ,  0.13,  0.78
 2,                EI,35,  0.21,  0.07,    -*---            |                   ,  0.13,  0.78
 2,         UCB_minus,35,  0.21,  0.07,    -*---            |                   ,  0.13,  0.78
 2,                EI,45,  0.21,  0.07,    --*-             |                   ,  0.13,  0.78
 2,                b2,30,  0.21,  0.07,     -*--            |                   ,  0.13,  0.78
 2,                PI,45,  0.21,  0.07,    --*-             |                   ,  0.13,  0.78
 2,          UCB_plus,45,  0.21,  0.07,    --*-             |                   ,  0.13,  0.78
 2,         UCB_minus,45,  0.21,  0.07,    --*-             |                   ,  0.13,  0.78
 2,                b2,35,  0.21,  0.07,     -*--            |                   ,  0.13,  0.78
 2,                PI,25,  0.22,  0.08,    --*--            |                   ,  0.13,  0.78
 2,                EI,25,  0.22,  0.08,    --*--            |                   ,  0.13,  0.78
 2,          UCB_plus,25,  0.22,  0.08,    --*--            |                   ,  0.13,  0.78
 2,         UCB_minus,25,  0.22,  0.08,    --*--            |                   ,  0.13,  0.78
 2,          UCB_plus,40,  0.22,  0.06,    --*-             |                   ,  0.13,  0.78
 2,                EI,40,  0.22,  0.06,    --*-             |                   ,  0.13,  0.78
 2,                PI,40,  0.22,  0.06,    --*-             |                   ,  0.13,  0.78
 2,         UCB_minus,40,  0.22,  0.06,    --*-             |                   ,  0.13,  0.78
 2,             focus,25,  0.23,  0.09,   ----*-            |                   ,  0.13,  0.78
 2,              bonr,35,  0.23,  0.07,    ---*             |                   ,  0.13,  0.78
 2,       progressive,20,  0.23,  0.07,    ---*-            |                   ,  0.13,  0.78
 2,    ExpProgressive,30,  0.23,  0.10,    ---*--           |                   ,  0.13,  0.78
 2,              bonr,30,  0.23,  0.07,    ---*             |                   ,  0.13,  0.78
 2,    ExpProgressive,20,  0.24,  0.10,    ---*--           |                   ,  0.13,  0.78
 2,    ExpProgressive,25,  0.24,  0.10,    ---*--           |                   ,  0.13,  0.78
 2,             focus,20,  0.25,  0.09,    ----*            |                   ,  0.13,  0.78
 2,    ExpProgressive,15,  0.25,  0.11,    ----*--          |                   ,  0.13,  0.78
 2,       progressive,15,  0.25,  0.09,     ---*--          |                   ,  0.13,  0.78
 2,              bonr,15,  0.26,  0.06,       -*--          |                   ,  0.13,  0.78
 2,              bonr,25,  0.26,  0.08,     ---*-           |                   ,  0.13,  0.78
 2,              bonr,20,  0.26,  0.09,     ---*--          |                   ,  0.13,  0.78
#
 3,          UCB_plus,15,  0.26,  0.08,      --*-           |                   ,  0.13,  0.78
 3,                PI,15,  0.26,  0.08,      --*-           |                   ,  0.13,  0.78
 3,                EI,15,  0.26,  0.08,      --*-           |                   ,  0.13,  0.78
 3,         UCB_minus,15,  0.26,  0.08,      --*-           |                   ,  0.13,  0.78
 3,       progressive,10,  0.26,  0.14,     ----*----       |                   ,  0.13,  0.78
 3,                b2,20,  0.26,  0.10,     ----*-          |                   ,  0.13,  0.78
 3,                b2,25,  0.26,  0.10,     ----*-          |                   ,  0.13,  0.78
 3,                EI,30,  0.26,  0.05,        -*-          |                   ,  0.13,  0.78
 3,          UCB_plus,30,  0.26,  0.05,        -*-          |                   ,  0.13,  0.78
 3,                PI,30,  0.26,  0.05,        -*-          |                   ,  0.13,  0.78
 3,         UCB_minus,30,  0.26,  0.05,        -*-          |                   ,  0.13,  0.78
 3,              rand,20,  0.27,  0.12,   ------*-          |                   ,  0.13,  0.78
 3,                EI,20,  0.27,  0.14,      ---*----       |                   ,  0.13,  0.78
 3,                PI,20,  0.27,  0.14,      ---*----       |                   ,  0.13,  0.78
 3,         UCB_minus,20,  0.27,  0.14,      ---*----       |                   ,  0.13,  0.78
 3,          UCB_plus,20,  0.27,  0.14,      ---*----       |                   ,  0.13,  0.78
 3,                b2,15,  0.27,  0.10,     ----*--         |                   ,  0.13,  0.78
 3,             focus,10,  0.28,  0.12,     ----*---        |                   ,  0.13,  0.78
 3,    ExpProgressive,10,  0.28,  0.17,     ----*------     |                   ,  0.13,  0.78
 3,             focus,15,  0.28,  0.10,       --*---        |                   ,  0.13,  0.78
 3,                PI,10,  0.29,  0.11,      ----*--        |                   ,  0.13,  0.78
#
 4,         UCB_minus,10,  0.29,  0.11,      ----*--        |                   ,  0.13,  0.78
 4,                EI,10,  0.29,  0.11,      ----*--        |                   ,  0.13,  0.78
 4,          UCB_plus,10,  0.29,  0.11,      ----*--        |                   ,  0.13,  0.78
 4,              bonr,10,  0.30,  0.10,       ----*-        |                   ,  0.13,  0.78
 4,              rand,15,  0.30,  0.10,       ----*--       |                   ,  0.13,  0.78
 4,                b2,10,  0.31,  0.04,           *-        |                   ,  0.13,  0.78
 4,              rand,10,  0.31,  0.16,        ---*------   |                   ,  0.13,  0.78
#
 5,        baseline,1000,  0.46,  0.15,                -----*---                ,  0.13,  0.78
