#
 0,                b2,40,  0.00,  0.00, *                   |                   ,  0.00,  0.98
 0,              bonr,20,  0.00,  0.00, *                   |                   ,  0.00,  0.98
 0,      SimAnnealing,40,  0.00,  0.00, *                   |                   ,  0.00,  0.98
 0,              rand,20,  0.00,  0.00, *                   |                   ,  0.00,  0.98
 0,                EI,40,  0.00,  0.00, *                   |                   ,  0.00,  0.98
 0,              rand,30,  0.00,  0.00, *                   |                   ,  0.00,  0.98
 0,              rand,40,  0.00,  0.00, *                   |                   ,  0.00,  0.98
 0,      SimAnnealing,20,  0.00,  0.00, *                   |                   ,  0.00,  0.98
 0,                PI,10,  0.00,  0.00, *                   |                   ,  0.00,  0.98
 0,                EI,20,  0.00,  0.00, *                   |                   ,  0.00,  0.98
 0,                b2,20,  0.00,  0.00, *                   |                   ,  0.00,  0.98
 0,                EI,30,  0.00,  0.00, *                   |                   ,  0.00,  0.98
 0,                b2,10,  0.00,  0.00, *                   |                   ,  0.00,  0.98
 0,                PI,20,  0.00,  0.00, *                   |                   ,  0.00,  0.98
 0,    ExpProgressive,30,  0.00,  0.00, *                   |                   ,  0.00,  0.98
 0,    ExpProgressive,10,  0.00,  0.00, *                   |                   ,  0.00,  0.98
 0,      SimAnnealing,30,  0.00,  0.00, *                   |                   ,  0.00,  0.98
 0,    ExpProgressive,40,  0.00,  0.00, *                   |                   ,  0.00,  0.98
 0,              bonr,30,  0.00,  0.00, *                   |                   ,  0.00,  0.98
 0,              bonr,40,  0.00,  0.00, *                   |                   ,  0.00,  0.98
 0,    ExpProgressive,20,  0.00,  0.00, *                   |                   ,  0.00,  0.98
 0,                PI,40,  0.00,  0.00, *                   |                   ,  0.00,  0.98
 0,              bonr,10,  0.00,  0.00, *                   |                   ,  0.00,  0.98
 0,                b2,30,  0.00,  0.00, *                   |                   ,  0.00,  0.98
 0,                PI,30,  0.00,  0.00, *                   |                   ,  0.00,  0.98
 0,               UCB,30,  0.00,  0.00, *                   |                   ,  0.00,  0.98
 0,              rand,10,  0.00,  0.00, *                   |                   ,  0.00,  0.98
 0,               UCB,40,  0.00,  0.00, *                   |                   ,  0.00,  0.98
 0,      SimAnnealing,10,  0.00,  0.00, *                   |                   ,  0.00,  0.98
 0,                EI,10,  0.00,  0.00, *                   |                   ,  0.00,  0.98
 0,               UCB,10,  0.00,  0.00, *                   |                   ,  0.00,  0.98
 0,               UCB,20,  0.00,  0.00, *                   |                   ,  0.00,  0.98
#
 1,           base,10000,  0.86,  0.16,                     |       ------*     ,  0.00,  0.98
