#
 0,       progressive,40,  0.00,  0.01, *                   |                   ,  0.00,  1.00
 0,                b2,40,  0.00,  0.00, *                   |                   ,  0.00,  1.00
 0,      SimAnnealing,40,  0.00,  0.00, *                   |                   ,  0.00,  1.00
 0,    ExpProgressive,40,  0.00,  0.01, *                   |                   ,  0.00,  1.00
 0,      SimAnnealing,30,  0.00,  0.01, *                   |                   ,  0.00,  1.00
 0,                b2,30,  0.00,  0.00, *                   |                   ,  0.00,  1.00
#
 1,              bonr,40,  0.00,  0.01, *                   |                   ,  0.00,  1.00
 1,              bonr,30,  0.00,  0.01, *                   |                   ,  0.00,  1.00
 1,       progressive,30,  0.01,  0.01, *                   |                   ,  0.00,  1.00
 1,              rand,40,  0.01,  0.01, *                   |                   ,  0.00,  1.00
 1,    ExpProgressive,30,  0.01,  0.01, *                   |                   ,  0.00,  1.00
 1,                EI,40,  0.01,  0.01, *                   |                   ,  0.00,  1.00
 1,                PI,40,  0.01,  0.01, *                   |                   ,  0.00,  1.00
 1,               UCB,40,  0.01,  0.01, *                   |                   ,  0.00,  1.00
#
 2,               UCB,30,  0.01,  0.01, *                   |                   ,  0.00,  1.00
 2,                EI,30,  0.01,  0.01, *                   |                   ,  0.00,  1.00
 2,                PI,30,  0.01,  0.01, *                   |                   ,  0.00,  1.00
 2,      SimAnnealing,20,  0.01,  0.01, *                   |                   ,  0.00,  1.00
 2,              rand,30,  0.01,  0.01, *                   |                   ,  0.00,  1.00
 2,                b2,20,  0.01,  0.01, *                   |                   ,  0.00,  1.00
 2,                EI,20,  0.01,  0.01, *                   |                   ,  0.00,  1.00
 2,                PI,20,  0.01,  0.01, *                   |                   ,  0.00,  1.00
#
 3,               UCB,20,  0.01,  0.01, *                   |                   ,  0.00,  1.00
 3,              rand,20,  0.01,  0.01, *                   |                   ,  0.00,  1.00
 3,              bonr,20,  0.01,  0.01, *                   |                   ,  0.00,  1.00
#
 4,    ExpProgressive,20,  0.01,  0.01, *                   |                   ,  0.00,  1.00
 4,               UCB,10,  0.01,  0.01, *                   |                   ,  0.00,  1.00
 4,                PI,10,  0.01,  0.01, *                   |                   ,  0.00,  1.00
 4,                EI,10,  0.01,  0.01, *                   |                   ,  0.00,  1.00
 4,              rand,10,  0.01,  0.01, *                   |                   ,  0.00,  1.00
#
 5,      SimAnnealing,10,  0.01,  0.02, *                   |                   ,  0.00,  1.00
 5,       progressive,20,  0.01,  0.01, *                   |                   ,  0.00,  1.00
 5,              bonr,10,  0.02,  0.02, *                   |                   ,  0.00,  1.00
 5,                b2,10,  0.02,  0.02, *                   |                   ,  0.00,  1.00
 5,       progressive,10,  0.02,  0.01, *                   |                   ,  0.00,  1.00
 5,    ExpProgressive,10,  0.02,  0.01, *                   |                   ,  0.00,  1.00
#
 6,            base,3456,  0.05,  0.05,  *-                 |                   ,  0.00,  1.00
