#
 0,      SimAnnealing,40,  0.38,  0.04, *--                 |                   ,  0.38,  0.76
#
 1,                b2,40,  0.41,  0.02,    *-               |                   ,  0.38,  0.76
 1,               UCB,40,  0.41,  0.02,    *-               |                   ,  0.38,  0.76
#
 2,              bonr,40,  0.41,  0.02,    *-               |                   ,  0.38,  0.76
 2,                EI,40,  0.42,  0.02,    -*               |                   ,  0.38,  0.76
 2,    ExpProgressive,40,  0.43,  0.02,    --*              |                   ,  0.38,  0.76
 2,       progressive,40,  0.43,  0.02,    --*              |                   ,  0.38,  0.76
#
 3,      SimAnnealing,15,  0.43,  0.05,      *----          |                   ,  0.38,  0.76
#
 4,              rand,40,  0.43,  0.06,    --*---           |                   ,  0.38,  0.76
 4,                PI,40,  0.43,  0.03,    --*-             |                   ,  0.38,  0.76
 4,              bonr,15,  0.45,  0.04,      ---*-          |                   ,  0.38,  0.76
#
 5,    ExpProgressive,15,  0.46,  0.05,      ---*-          |                   ,  0.38,  0.76
#
 6,                b2,15,  0.47,  0.03,        --*          |                   ,  0.38,  0.76
 6,       progressive,15,  0.47,  0.05,      ----*          |                   ,  0.38,  0.76
 6,                PI,15,  0.47,  0.03,        ---*         |                   ,  0.38,  0.76
 6,                 EI,9,  0.47,  0.03,         --*         |                   ,  0.38,  0.76
 6,                UCB,9,  0.47,  0.03,         --*         |                   ,  0.38,  0.76
 6,                 PI,9,  0.47,  0.02,          -*         |                   ,  0.38,  0.76
 6,              rand,15,  0.47,  0.03,         --*         |                   ,  0.38,  0.76
 6,               UCB,15,  0.47,  0.03,        ---*         |                   ,  0.38,  0.76
 6,               bonr,9,  0.48,  0.03,         --*-        |                   ,  0.38,  0.76
#
 7,        progressive,9,  0.48,  0.03,         --*-        |                   ,  0.38,  0.76
 7,                EI,15,  0.48,  0.03,        ---*         |                   ,  0.38,  0.76
 7,     ExpProgressive,9,  0.48,  0.03,         --*-        |                   ,  0.38,  0.76
 7,       SimAnnealing,9,  0.48,  0.04,        ---*         |                   ,  0.38,  0.76
 7,                 b2,9,  0.49,  0.02,          --*        |                   ,  0.38,  0.76
 7,               rand,9,  0.49,  0.02,           -*        |                   ,  0.38,  0.76
#
 8,              base,93,  0.49,  0.03,          --*        |                   ,  0.38,  0.76
