#
 0,              bonr,60,  0.07,  0.02,  *                  |                   ,  0.04,  0.76
 0,              bonr,55,  0.07,  0.02,  *                  |                   ,  0.04,  0.76
 0,              bonr,50,  0.07,  0.02,  *                  |                   ,  0.04,  0.76
 0,                b2,60,  0.07,  0.02,  *                  |                   ,  0.04,  0.76
 0,                b2,50,  0.07,  0.02,  *                  |                   ,  0.04,  0.76
 0,                b2,55,  0.07,  0.02,  *                  |                   ,  0.04,  0.76
 0,              bonr,45,  0.07,  0.03,  *-                 |                   ,  0.04,  0.76
 0,                b2,45,  0.07,  0.02,  *                  |                   ,  0.04,  0.76
 0,              rand,30,  0.08,  0.04,  -*-                |                   ,  0.04,  0.76
 0,         UCB_minus,55,  0.08,  0.02,  -*                 |                   ,  0.04,  0.76
 0,                EI,55,  0.08,  0.02,  -*                 |                   ,  0.04,  0.76
 0,          UCB_plus,55,  0.08,  0.02,  -*                 |                   ,  0.04,  0.76
 0,                PI,55,  0.08,  0.02,  -*                 |                   ,  0.04,  0.76
 0,              rand,60,  0.08,  0.02,  -*                 |                   ,  0.04,  0.76
 0,             focus,45,  0.08,  0.03,  -*                 |                   ,  0.04,  0.76
 0,              rand,45,  0.08,  0.03,  -*                 |                   ,  0.04,  0.76
 0,             focus,50,  0.08,  0.03,  -*                 |                   ,  0.04,  0.76
 0,             focus,60,  0.08,  0.03,  -*                 |                   ,  0.04,  0.76
 0,             focus,40,  0.08,  0.03,  -*                 |                   ,  0.04,  0.76
 0,             focus,55,  0.08,  0.03,  -*                 |                   ,  0.04,  0.76
 0,                b2,40,  0.09,  0.02,  -*                 |                   ,  0.04,  0.76
 0,              rand,40,  0.09,  0.04,  -*                 |                   ,  0.04,  0.76
 0,                b2,35,  0.09,  0.03,  -*                 |                   ,  0.04,  0.76
#
 1,              rand,50,  0.09,  0.03,  -*                 |                   ,  0.04,  0.76
 1,             focus,35,  0.09,  0.03,  -*                 |                   ,  0.04,  0.76
 1,              rand,55,  0.09,  0.03,  -*                 |                   ,  0.04,  0.76
 1,                EI,60,  0.09,  0.03,  -*                 |                   ,  0.04,  0.76
 1,          UCB_plus,60,  0.09,  0.03,  -*                 |                   ,  0.04,  0.76
 1,                PI,60,  0.09,  0.03,  -*                 |                   ,  0.04,  0.76
 1,         UCB_minus,60,  0.09,  0.03,  -*                 |                   ,  0.04,  0.76
 1,                EI,40,  0.09,  0.01,   *                 |                   ,  0.04,  0.76
 1,          UCB_plus,40,  0.09,  0.01,   *                 |                   ,  0.04,  0.76
 1,                PI,45,  0.09,  0.03,  -*                 |                   ,  0.04,  0.76
 1,              bonr,40,  0.09,  0.04,  -*                 |                   ,  0.04,  0.76
 1,                PI,40,  0.09,  0.01,   *                 |                   ,  0.04,  0.76
 1,         UCB_minus,40,  0.09,  0.01,   *                 |                   ,  0.04,  0.76
 1,                b2,30,  0.09,  0.04,  -*                 |                   ,  0.04,  0.76
 1,                EI,45,  0.09,  0.03,  -*                 |                   ,  0.04,  0.76
 1,         UCB_minus,45,  0.09,  0.03,  -*                 |                   ,  0.04,  0.76
 1,          UCB_plus,45,  0.09,  0.03,  -*                 |                   ,  0.04,  0.76
 1,                PI,50,  0.09,  0.03,  -*                 |                   ,  0.04,  0.76
#
 2,          UCB_plus,50,  0.09,  0.03,  -*                 |                   ,  0.04,  0.76
 2,         UCB_minus,50,  0.09,  0.03,  -*                 |                   ,  0.04,  0.76
 2,                EI,50,  0.09,  0.03,  -*                 |                   ,  0.04,  0.76
#
 3,                EI,30,  0.09,  0.05,  -*-                |                   ,  0.04,  0.76
 3,          UCB_plus,30,  0.09,  0.05,  -*-                |                   ,  0.04,  0.76
 3,         UCB_minus,30,  0.09,  0.05,  -*-                |                   ,  0.04,  0.76
 3,                PI,30,  0.09,  0.05,  -*-                |                   ,  0.04,  0.76
 3,              bonr,35,  0.09,  0.05,  -*-                |                   ,  0.04,  0.76
 3,              rand,35,  0.09,  0.04,  -*-                |                   ,  0.04,  0.76
 3,              rand,25,  0.09,  0.06,  -*-                |                   ,  0.04,  0.76
 3,         UCB_minus,35,  0.09,  0.04,   *-                |                   ,  0.04,  0.76
 3,          UCB_plus,35,  0.09,  0.04,   *-                |                   ,  0.04,  0.76
 3,                EI,35,  0.09,  0.04,   *-                |                   ,  0.04,  0.76
 3,                b2,25,  0.09,  0.06,  -*--               |                   ,  0.04,  0.76
 3,                PI,35,  0.09,  0.04,   *-                |                   ,  0.04,  0.76
 3,                b2,20,  0.09,  0.06,  --*-               |                   ,  0.04,  0.76
 3,             focus,25,  0.10,  0.03,   -*                |                   ,  0.04,  0.76
 3,             focus,30,  0.10,  0.03,   -*                |                   ,  0.04,  0.76
 3,         UCB_minus,25,  0.10,  0.07,  --*-               |                   ,  0.04,  0.76
 3,          UCB_plus,15,  0.10,  0.06,   -*-               |                   ,  0.04,  0.76
 3,                EI,15,  0.10,  0.06,   -*-               |                   ,  0.04,  0.76
 3,                PI,15,  0.10,  0.06,   -*-               |                   ,  0.04,  0.76
 3,         UCB_minus,15,  0.10,  0.06,   -*-               |                   ,  0.04,  0.76
 3,                EI,20,  0.10,  0.05,   -*                |                   ,  0.04,  0.76
 3,                PI,20,  0.10,  0.05,   -*                |                   ,  0.04,  0.76
 3,          UCB_plus,20,  0.10,  0.05,   -*                |                   ,  0.04,  0.76
 3,         UCB_minus,20,  0.10,  0.05,   -*                |                   ,  0.04,  0.76
 3,                PI,25,  0.10,  0.07,  --*-               |                   ,  0.04,  0.76
 3,          UCB_plus,25,  0.10,  0.07,  --*-               |                   ,  0.04,  0.76
 3,             focus,20,  0.10,  0.02,    *                |                   ,  0.04,  0.76
 3,                EI,25,  0.10,  0.07,  --*-               |                   ,  0.04,  0.76
 3,              rand,20,  0.11,  0.04,   -*                |                   ,  0.04,  0.76
 3,              bonr,30,  0.11,  0.05,   -*-               |                   ,  0.04,  0.76
 3,              bonr,25,  0.11,  0.05,   -*-               |                   ,  0.04,  0.76
 3,              bonr,20,  0.11,  0.06,   --*-              |                   ,  0.04,  0.76
#
 4,              bonr,15,  0.12,  0.07,   --*-              |                   ,  0.04,  0.76
 4,              rand,15,  0.12,  0.05,   --*               |                   ,  0.04,  0.76
 4,          UCB_plus,10,  0.12,  0.08,   --*-              |                   ,  0.04,  0.76
 4,                PI,10,  0.12,  0.08,   --*-              |                   ,  0.04,  0.76
 4,         UCB_minus,10,  0.12,  0.08,   --*-              |                   ,  0.04,  0.76
 4,                EI,10,  0.12,  0.08,   --*-              |                   ,  0.04,  0.76
 4,             focus,15,  0.12,  0.04,    -*               |                   ,  0.04,  0.76
 4,             focus,10,  0.12,  0.05,    -*-              |                   ,  0.04,  0.76
 4,                b2,15,  0.13,  0.05,    -*               |                   ,  0.04,  0.76
 4,              rand,10,  0.14,  0.06,    --*              |                   ,  0.04,  0.76
 4,                b2,10,  0.14,  0.08,    --*--            |                   ,  0.04,  0.76
 4,              bonr,10,  0.15,  0.07,   ---*              |                   ,  0.04,  0.76
#
 5,         baseline,500,  0.33,  0.24,          -------*---|-                  ,  0.04,  0.76
