#
 0,             focus,60,  0.07,  0.00, *                   |                   ,  0.07,  0.90
 0,             focus,55,  0.07,  0.00, *                   |                   ,  0.07,  0.90
 0,             focus,50,  0.07,  0.00, *                   |                   ,  0.07,  0.90
 0,             focus,45,  0.07,  0.01, *                   |                   ,  0.07,  0.90
#
 1,              bonr,60,  0.07,  0.03, *                   |                   ,  0.07,  0.90
 1,                b2,55,  0.07,  0.03, *                   |                   ,  0.07,  0.90
 1,             focus,40,  0.07,  0.01, *                   |                   ,  0.07,  0.90
 1,                b2,45,  0.07,  0.05, *-                  |                   ,  0.07,  0.90
 1,                b2,60,  0.07,  0.01, *                   |                   ,  0.07,  0.90
 1,                b2,50,  0.07,  0.03, *                   |                   ,  0.07,  0.90
 1,              bonr,55,  0.07,  0.03, *                   |                   ,  0.07,  0.90
 1,             focus,30,  0.08,  0.03, *                   |                   ,  0.07,  0.90
 1,             focus,35,  0.08,  0.01, *                   |                   ,  0.07,  0.90
#
 2,             focus,25,  0.08,  0.13, *-----              |                   ,  0.07,  0.90
 2,              rand,60,  0.08,  0.11, *----               |                   ,  0.07,  0.90
 2,             focus,20,  0.08,  0.13, *-----              |                   ,  0.07,  0.90
 2,              rand,55,  0.08,  0.11, *----               |                   ,  0.07,  0.90
 2,              bonr,40,  0.10,  0.09, -*--                |                   ,  0.07,  0.90
 2,              bonr,50,  0.10,  0.08, -*--                |                   ,  0.07,  0.90
 2,              bonr,45,  0.10,  0.08, -*--                |                   ,  0.07,  0.90
 2,              bonr,35,  0.10,  0.09, -*--                |                   ,  0.07,  0.90
 2,          UCB_plus,45,  0.12,  0.15, --*----             |                   ,  0.07,  0.90
 2,              rand,45,  0.12,  0.13, --*---              |                   ,  0.07,  0.90
 2,                PI,45,  0.12,  0.15, --*----             |                   ,  0.07,  0.90
 2,         UCB_minus,45,  0.12,  0.15, --*----             |                   ,  0.07,  0.90
 2,              rand,50,  0.12,  0.10, --*--               |                   ,  0.07,  0.90
 2,                EI,45,  0.12,  0.15, --*----             |                   ,  0.07,  0.90
 2,             focus,15,  0.12,  0.14, --*----             |                   ,  0.07,  0.90
 2,                b2,30,  0.15,  0.13, ----*-              |                   ,  0.07,  0.90
 2,                b2,35,  0.15,  0.12, ----*-              |                   ,  0.07,  0.90
 2,                b2,40,  0.15,  0.09, ----*               |                   ,  0.07,  0.90
 2,              bonr,30,  0.15,  0.14, ----*--             |                   ,  0.07,  0.90
 2,          UCB_plus,55,  0.15,  0.15, ----*--             |                   ,  0.07,  0.90
 2,         UCB_minus,55,  0.15,  0.15, ----*--             |                   ,  0.07,  0.90
 2,                EI,55,  0.15,  0.15, ----*--             |                   ,  0.07,  0.90
 2,                PI,55,  0.15,  0.15, ----*--             |                   ,  0.07,  0.90
 2,              rand,35,  0.18,  0.15, -----*-             |                   ,  0.07,  0.90
 2,                EI,60,  0.18,  0.13, -----*              |                   ,  0.07,  0.90
 2,              rand,40,  0.18,  0.15, -----*-             |                   ,  0.07,  0.90
 2,          UCB_plus,60,  0.18,  0.13, -----*              |                   ,  0.07,  0.90
 2,                PI,60,  0.18,  0.13, -----*              |                   ,  0.07,  0.90
 2,         UCB_minus,60,  0.18,  0.13, -----*              |                   ,  0.07,  0.90
 2,              bonr,25,  0.18,  0.11,   ---*--            |                   ,  0.07,  0.90
 2,              rand,30,  0.18,  0.15, -----*-             |                   ,  0.07,  0.90
 2,                EI,40,  0.18,  0.13, -----*              |                   ,  0.07,  0.90
 2,         UCB_minus,40,  0.18,  0.13, -----*              |                   ,  0.07,  0.90
 2,          UCB_plus,40,  0.18,  0.13, -----*              |                   ,  0.07,  0.90
 2,                PI,40,  0.18,  0.13, -----*              |                   ,  0.07,  0.90
#
 3,         UCB_minus,50,  0.18,  0.15, -----*-             |                   ,  0.07,  0.90
 3,                EI,50,  0.18,  0.15, -----*-             |                   ,  0.07,  0.90
 3,                PI,50,  0.18,  0.15, -----*-             |                   ,  0.07,  0.90
 3,          UCB_plus,50,  0.18,  0.15, -----*-             |                   ,  0.07,  0.90
 3,                EI,30,  0.19,  0.08,     --*-            |                   ,  0.07,  0.90
 3,                b2,25,  0.19,  0.13, ------*             |                   ,  0.07,  0.90
 3,          UCB_plus,30,  0.19,  0.08,     --*-            |                   ,  0.07,  0.90
 3,         UCB_minus,30,  0.19,  0.08,     --*-            |                   ,  0.07,  0.90
 3,         UCB_minus,35,  0.19,  0.08,     --*             |                   ,  0.07,  0.90
 3,                EI,35,  0.19,  0.08,     --*             |                   ,  0.07,  0.90
 3,                PI,35,  0.19,  0.08,     --*             |                   ,  0.07,  0.90
 3,          UCB_plus,35,  0.19,  0.08,     --*             |                   ,  0.07,  0.90
 3,                PI,30,  0.19,  0.08,     --*-            |                   ,  0.07,  0.90
 3,              rand,25,  0.19,  0.16, ------*-            |                   ,  0.07,  0.90
 3,                b2,20,  0.20,  0.10,     --*-            |                   ,  0.07,  0.90
#
 4,              bonr,20,  0.22,  0.09,     ---*            |                   ,  0.07,  0.90
 4,                EI,20,  0.22,  0.13,   -----*-           |                   ,  0.07,  0.90
 4,                PI,20,  0.22,  0.13,   -----*-           |                   ,  0.07,  0.90
 4,              rand,20,  0.22,  0.09,      --*-           |                   ,  0.07,  0.90
 4,          UCB_plus,20,  0.22,  0.13,   -----*-           |                   ,  0.07,  0.90
 4,         UCB_minus,20,  0.22,  0.13,   -----*-           |                   ,  0.07,  0.90
 4,                b2,15,  0.23,  0.08,      --*-           |                   ,  0.07,  0.90
 4,                EI,25,  0.24,  0.11,     ----*           |                   ,  0.07,  0.90
 4,                PI,25,  0.24,  0.11,     ----*           |                   ,  0.07,  0.90
 4,         UCB_minus,25,  0.24,  0.11,     ----*           |                   ,  0.07,  0.90
 4,          UCB_plus,25,  0.24,  0.11,     ----*           |                   ,  0.07,  0.90
 4,             focus,10,  0.24,  0.07,       --*-          |                   ,  0.07,  0.90
 4,              rand,15,  0.24,  0.05,        -*           |                   ,  0.07,  0.90
 4,              bonr,15,  0.24,  0.08,       --*-          |                   ,  0.07,  0.90
 4,                EI,15,  0.24,  0.07,      ---*           |                   ,  0.07,  0.90
 4,                PI,15,  0.24,  0.07,      ---*           |                   ,  0.07,  0.90
 4,              bonr,10,  0.24,  0.10,       --*--         |                   ,  0.07,  0.90
 4,          UCB_plus,15,  0.24,  0.07,      ---*           |                   ,  0.07,  0.90
 4,         UCB_minus,15,  0.24,  0.07,      ---*           |                   ,  0.07,  0.90
#
 5,                b2,10,  0.24,  0.06,       --*           |                   ,  0.07,  0.90
 5,              rand,10,  0.25,  0.10,        -*---        |                   ,  0.07,  0.90
 5,         UCB_minus,10,  0.26,  0.07,        --*          |                   ,  0.07,  0.90
 5,          UCB_plus,10,  0.26,  0.07,        --*          |                   ,  0.07,  0.90
 5,                PI,10,  0.26,  0.07,        --*          |                   ,  0.07,  0.90
 5,                EI,10,  0.26,  0.07,        --*          |                   ,  0.07,  0.90
#
 6,         baseline,500,  0.52,  0.22,                 ----|*----              ,  0.07,  0.90
