#
 0,               UCB,40,  0.00,  1.00, *----               |                   ,  0.00,  8.00
 0,                PI,40,  0.00,  1.00, *----               |                   ,  0.00,  8.00
 0,              rand,40,  0.00,  1.00, *----               |                   ,  0.00,  8.00
 0,                EI,40,  0.00,  1.00, *----               |                   ,  0.00,  8.00
 0,      SimAnnealing,40,  0.00,  1.00, *----               |                   ,  0.00,  8.00
 0,                b2,40,  0.00,  1.00, *----               |                   ,  0.00,  8.00
 0,       progressive,40,  0.00,  1.00, *----               |                   ,  0.00,  8.00
 0,              bonr,40,  1.00,  1.00, -----*              |                   ,  0.00,  8.00
 0,    ExpProgressive,40,  1.00,  1.00, -----*              |                   ,  0.00,  8.00
 0,               UCB,15,  1.00,  2.00,      *---------     |                   ,  0.00,  8.00
#
 1,                PI,15,  1.00,  2.00,      *---------     |                   ,  0.00,  8.00
#
 2,                EI,15,  1.00,  2.00,      *---------     |                   ,  0.00,  8.00
 2,      SimAnnealing,15,  2.00,  2.00,      -----*----     |                   ,  0.00,  8.00
#
 3,                b2,15,  2.00,  2.00,      -----*----     |                   ,  0.00,  8.00
 3,       progressive,15,  2.00,  2.00,      -----*----     |                   ,  0.00,  8.00
 3,              bonr,15,  2.00,  2.00,      -----*----     |                   ,  0.00,  8.00
 3,    ExpProgressive,15,  2.00,  1.00,           *----     |                   ,  0.00,  8.00
 3,            base,2866,  2.00,  0.00,           *         |                   ,  0.00,  8.00
 3,              rand,15,  2.00,  2.00,      -----*----     |                   ,  0.00,  8.00
 3,                 b2,9,  3.00,  1.00,           -----*    |                   ,  0.00,  8.00
 3,            base,3008,  3.00,  0.00,                *    |                   ,  0.00,  8.00
 3,            base,1599,  3.00,  0.00,                *    |                   ,  0.00,  8.00
 3,                 EI,9,  3.00,  1.00,           -----*    |                   ,  0.00,  8.00
 3,                 PI,9,  3.00,  1.00,           -----*    |                   ,  0.00,  8.00
 3,                UCB,9,  3.00,  1.00,           -----*    |                   ,  0.00,  8.00
 3,       SimAnnealing,9,  3.00,  1.00,           -----*    |                   ,  0.00,  8.00
 3,               bonr,9,  3.00,  2.00,           -----*----|                   ,  0.00,  8.00
 3,            base,2736,  3.00,  0.00,                *    |                   ,  0.00,  8.00
 3,            base,1152,  3.00,  0.00,                *    |                   ,  0.00,  8.00
 3,     ExpProgressive,9,  3.00,  2.00,           -----*----|                   ,  0.00,  8.00
 3,        progressive,9,  3.00,  2.00,           -----*----|                   ,  0.00,  8.00
 3,               rand,9,  3.00,  1.00,           -----*    |                   ,  0.00,  8.00
 3,            base,1512,  4.00,  0.00,                     *                   ,  0.00,  8.00
 3,            base,3840,  4.00,  1.00,                     *----               ,  0.00,  8.00
 3,            base,4608,  4.00,  0.00,                     *                   ,  0.00,  8.00
 3,            base,4653,  4.00,  0.00,                     *                   ,  0.00,  8.00
 3,            base,1080,  4.00,  0.00,                     *                   ,  0.00,  8.00
 3,           base,65536,  4.00,  0.00,                     *                   ,  0.00,  8.00
 3,             base,972,  4.00,  0.00,                     *                   ,  0.00,  8.00
#
 4,             base,864,  4.00,  0.00,                     *                   ,  0.00,  8.00
 4,            base,6840,  4.00,  0.00,                     *                   ,  0.00,  8.00
 4,             base,259,  4.00,  0.00,                     *                   ,  0.00,  8.00
 4,             base,756,  4.00,  0.00,                     *                   ,  0.00,  8.00
 4,            base,5184,  4.00,  0.00,                     *                   ,  0.00,  8.00
 4,            base,2880,  4.00,  1.00,                -----*                   ,  0.00,  8.00
 4,             base,196,  4.00,  1.00,                     *----               ,  0.00,  8.00
 4,            base,3456,  5.00,  0.00,                     |    *              ,  0.00,  8.00
 4,           base,10000,  5.00,  1.00,                     |----*              ,  0.00,  8.00
 4,             base,500,  5.00,  4.00,                     |----*--------------,  0.00,  8.00
 4,           base,86058,  5.00,  0.00,                     |    *              ,  0.00,  8.00
 4,            base,1000,  5.00,  0.00,                     |    *              ,  0.00,  8.00
 4,            base,1343,  5.00,  0.00,                     |    *              ,  0.00,  8.00
 4,            base,1023,  5.00,  0.00,                     |    *              ,  0.00,  8.00
 4,              base,93,  6.00,  0.00,                     |         *         ,  0.00,  8.00
 4,             base,192,  7.00,  0.00,                     |              *    ,  0.00,  8.00
