#
 0,                b2,45,  0.00,  0.00, *                   |                   ,  0.00,  0.95
#
 1,                b2,30,  0.00,  0.09, *--                 |                   ,  0.00,  0.95
#
 2,                b2,55,  0.00,  0.00, *                   |                   ,  0.00,  0.95
#
 3,                b2,35,  0.00,  0.06, *-                  |                   ,  0.00,  0.95
 3,                b2,60,  0.00,  0.00, *                   |                   ,  0.00,  0.95
 3,                b2,50,  0.00,  0.00, *                   |                   ,  0.00,  0.95
 3,                b2,40,  0.00,  0.06, *-                  |                   ,  0.00,  0.95
 3,              rand,55,  0.06,  0.13, --*--               |                   ,  0.00,  0.95
 3,              rand,40,  0.06,  0.14, --*--               |                   ,  0.00,  0.95
 3,              rand,30,  0.06,  0.16,   *------           |                   ,  0.00,  0.95
 3,              rand,50,  0.06,  0.13, --*--               |                   ,  0.00,  0.95
 3,              bonr,50,  0.06,  0.16,   *------           |                   ,  0.00,  0.95
 3,                b2,25,  0.06,  0.22, --*------           |                   ,  0.00,  0.95
 3,              rand,45,  0.06,  0.13, --*--               |                   ,  0.00,  0.95
 3,              rand,60,  0.06,  0.13, --*--               |                   ,  0.00,  0.95
 3,              rand,35,  0.06,  0.08,   *--               |                   ,  0.00,  0.95
#
 4,              bonr,55,  0.06,  0.22, --*------           |                   ,  0.00,  0.95
 4,              bonr,60,  0.06,  0.13, --*--               |                   ,  0.00,  0.95
 4,                PI,50,  0.09,  0.16,   -*-----           |                   ,  0.00,  0.95
#
 5,          UCB_plus,50,  0.09,  0.16,   -*-----           |                   ,  0.00,  0.95
 5,                PI,45,  0.09,  0.16,   -*-----           |                   ,  0.00,  0.95
#
 6,          UCB_plus,45,  0.09,  0.16,   -*-----           |                   ,  0.00,  0.95
 6,                EI,55,  0.09,  0.23, ---*-----           |                   ,  0.00,  0.95
 6,                EI,50,  0.09,  0.16,   -*-----           |                   ,  0.00,  0.95
 6,                EI,60,  0.09,  0.07,   -*-               |                   ,  0.00,  0.95
 6,         UCB_minus,55,  0.09,  0.23, ---*-----           |                   ,  0.00,  0.95
 6,                PI,55,  0.09,  0.23, ---*-----           |                   ,  0.00,  0.95
 6,             focus,40,  0.09,  0.16,   -*-----           |                   ,  0.00,  0.95
 6,         UCB_minus,60,  0.09,  0.07,   -*-               |                   ,  0.00,  0.95
 6,         UCB_minus,50,  0.09,  0.16,   -*-----           |                   ,  0.00,  0.95
 6,          UCB_plus,60,  0.09,  0.07,   -*-               |                   ,  0.00,  0.95
 6,             focus,50,  0.09,  0.22, ---*-----           |                   ,  0.00,  0.95
 6,          UCB_plus,55,  0.09,  0.23, ---*-----           |                   ,  0.00,  0.95
 6,             focus,60,  0.09,  0.13, ---*-               |                   ,  0.00,  0.95
 6,              bonr,45,  0.09,  0.16,   -*-----           |                   ,  0.00,  0.95
 6,             focus,45,  0.09,  0.22, ---*-----           |                   ,  0.00,  0.95
 6,             focus,55,  0.09,  0.22, ---*-----           |                   ,  0.00,  0.95
 6,         UCB_minus,45,  0.09,  0.16,   -*-----           |                   ,  0.00,  0.95
 6,                PI,60,  0.09,  0.07,   -*-               |                   ,  0.00,  0.95
#
 7,                EI,45,  0.09,  0.16,   -*-----           |                   ,  0.00,  0.95
 7,             focus,35,  0.13,  0.16,   ---*---           |                   ,  0.00,  0.95
 7,                b2,20,  0.13,  0.23, -----*---           |                   ,  0.00,  0.95
 7,              bonr,35,  0.13,  0.16,    --*----          |                   ,  0.00,  0.95
 7,             focus,30,  0.13,  0.16,   ---*---           |                   ,  0.00,  0.95
 7,              bonr,40,  0.13,  0.14,    --*---           |                   ,  0.00,  0.95
 7,             focus,25,  0.14,  0.17,   ---*---           |                   ,  0.00,  0.95
 7,              rand,25,  0.14,  0.16,   ---*---           |                   ,  0.00,  0.95
 7,         UCB_minus,40,  0.19,  0.14,    ----*-           |                   ,  0.00,  0.95
 7,              rand,20,  0.19,  0.16,   -----*-           |                   ,  0.00,  0.95
 7,          UCB_plus,40,  0.19,  0.14,    ----*-           |                   ,  0.00,  0.95
 7,                EI,40,  0.19,  0.14,    ----*-           |                   ,  0.00,  0.95
 7,                PI,40,  0.19,  0.14,    ----*-           |                   ,  0.00,  0.95
 7,             focus,20,  0.22,  0.21,    ------*--        |                   ,  0.00,  0.95
 7,                PI,30,  0.22,  0.19,   -------*          |                   ,  0.00,  0.95
 7,                EI,30,  0.22,  0.19,   -------*          |                   ,  0.00,  0.95
 7,         UCB_minus,30,  0.22,  0.19,   -------*          |                   ,  0.00,  0.95
 7,          UCB_plus,30,  0.22,  0.19,   -------*          |                   ,  0.00,  0.95
 7,                EI,25,  0.22,  0.12,      ----*          |                   ,  0.00,  0.95
 7,          UCB_plus,20,  0.22,  0.15,      ----*-         |                   ,  0.00,  0.95
 7,                PI,20,  0.22,  0.15,      ----*-         |                   ,  0.00,  0.95
 7,          UCB_plus,25,  0.22,  0.12,      ----*          |                   ,  0.00,  0.95
 7,         UCB_minus,35,  0.22,  0.16,    ------*          |                   ,  0.00,  0.95
 7,                EI,35,  0.22,  0.16,    ------*          |                   ,  0.00,  0.95
 7,                EI,20,  0.22,  0.15,      ----*-         |                   ,  0.00,  0.95
 7,          UCB_plus,35,  0.22,  0.16,    ------*          |                   ,  0.00,  0.95
 7,                b2,15,  0.22,  0.19,   -------*          |                   ,  0.00,  0.95
 7,              rand,15,  0.22,  0.19,   -------*          |                   ,  0.00,  0.95
#
 8,         UCB_minus,25,  0.22,  0.12,      ----*          |                   ,  0.00,  0.95
 8,                PI,35,  0.22,  0.16,    ------*          |                   ,  0.00,  0.95
 8,                PI,25,  0.22,  0.12,      ----*          |                   ,  0.00,  0.95
 8,         UCB_minus,20,  0.22,  0.15,      ----*-         |                   ,  0.00,  0.95
 8,             focus,15,  0.22,  0.25,   -------*--        |                   ,  0.00,  0.95
 8,                PI,15,  0.23,  0.15,      ----*--        |                   ,  0.00,  0.95
 8,          UCB_plus,15,  0.23,  0.15,      ----*--        |                   ,  0.00,  0.95
 8,         UCB_minus,15,  0.23,  0.15,      ----*--        |                   ,  0.00,  0.95
 8,                EI,15,  0.23,  0.15,      ----*--        |                   ,  0.00,  0.95
#
 9,                b2,10,  0.23,  0.21,    ------*--        |                   ,  0.00,  0.95
 9,              bonr,30,  0.23,  0.21,    ------*--        |                   ,  0.00,  0.95
 9,              rand,10,  0.23,  0.25,    ------*----      |                   ,  0.00,  0.95
#
10,              bonr,25,  0.23,  0.21,    ------*--        |                   ,  0.00,  0.95
10,              bonr,20,  0.23,  0.18,      ----*--        |                   ,  0.00,  0.95
10,              bonr,15,  0.23,  0.21,      ----*----      |                   ,  0.00,  0.95
10,             focus,10,  0.31,  0.26,      -------*---    |                   ,  0.00,  0.95
10,                PI,10,  0.31,  0.12,           --*--     |                   ,  0.00,  0.95
10,              bonr,10,  0.31,  0.17,          ---*---    |                   ,  0.00,  0.95
#
11,                EI,10,  0.31,  0.12,           --*--     |                   ,  0.00,  0.95
11,         UCB_minus,10,  0.31,  0.12,           --*--     |                   ,  0.00,  0.95
#
12,          UCB_plus,10,  0.31,  0.12,           --*--     |                   ,  0.00,  0.95
#
13,         baseline,206,  0.56,  0.29,                  ---|--*-----           ,  0.00,  0.95
