#
 0,             focus,60,  0.32,  0.00, *                   |                   ,  0.32,  0.86
#
 1,             focus,55,  0.32,  0.00, *                   |                   ,  0.32,  0.86
 1,             focus,40,  0.32,  0.08, *-----              |                   ,  0.32,  0.86
 1,             focus,35,  0.32,  0.08, *-----              |                   ,  0.32,  0.86
 1,             focus,50,  0.32,  0.05, *--                 |                   ,  0.32,  0.86
 1,             focus,45,  0.32,  0.08, *-----              |                   ,  0.32,  0.86
 1,         UCB_minus,50,  0.35,  0.03, --*                 |                   ,  0.32,  0.86
 1,                b2,55,  0.35,  0.06, --*-                |                   ,  0.32,  0.86
 1,              rand,60,  0.35,  0.03, --*                 |                   ,  0.32,  0.86
 1,                EI,50,  0.35,  0.03, --*                 |                   ,  0.32,  0.86
 1,                EI,60,  0.35,  0.03, --*                 |                   ,  0.32,  0.86
 1,                PI,50,  0.35,  0.03, --*                 |                   ,  0.32,  0.86
 1,          UCB_plus,60,  0.35,  0.03, --*                 |                   ,  0.32,  0.86
 1,                PI,60,  0.35,  0.03, --*                 |                   ,  0.32,  0.86
#
 2,                b2,60,  0.35,  0.08, --*---              |                   ,  0.32,  0.86
 2,         UCB_minus,60,  0.35,  0.03, --*                 |                   ,  0.32,  0.86
 2,              rand,55,  0.35,  0.05, --*                 |                   ,  0.32,  0.86
#
 3,                b2,50,  0.35,  0.06, --*-                |                   ,  0.32,  0.86
#
 4,          UCB_plus,50,  0.35,  0.03, --*                 |                   ,  0.32,  0.86
#
 5,              rand,50,  0.35,  0.05, --*                 |                   ,  0.32,  0.86
 5,                EI,40,  0.35,  0.06, --*-                |                   ,  0.32,  0.86
 5,         UCB_minus,40,  0.35,  0.06, --*-                |                   ,  0.32,  0.86
 5,          UCB_plus,55,  0.35,  0.05, --*-                |                   ,  0.32,  0.86
 5,          UCB_plus,40,  0.35,  0.06, --*-                |                   ,  0.32,  0.86
 5,                PI,40,  0.35,  0.06, --*-                |                   ,  0.32,  0.86
 5,         UCB_minus,55,  0.35,  0.05, --*-                |                   ,  0.32,  0.86
 5,                EI,55,  0.35,  0.05, --*-                |                   ,  0.32,  0.86
 5,                PI,55,  0.35,  0.05, --*-                |                   ,  0.32,  0.86
 5,              rand,45,  0.37,  0.03,   -*                |                   ,  0.32,  0.86
 5,                b2,45,  0.37,  0.05,   -*--              |                   ,  0.32,  0.86
 5,                b2,40,  0.37,  0.07,   -*---             |                   ,  0.32,  0.86
 5,              rand,35,  0.37,  0.03,   -*                |                   ,  0.32,  0.86
 5,          UCB_plus,45,  0.37,  0.03,   -*                |                   ,  0.32,  0.86
 5,                PI,45,  0.37,  0.03,   -*                |                   ,  0.32,  0.86
 5,         UCB_minus,45,  0.37,  0.03,   -*                |                   ,  0.32,  0.86
 5,                EI,45,  0.37,  0.03,   -*                |                   ,  0.32,  0.86
 5,                EI,25,  0.37,  0.05,   --*-              |                   ,  0.32,  0.86
 5,                PI,25,  0.37,  0.05,   --*-              |                   ,  0.32,  0.86
 5,         UCB_minus,25,  0.37,  0.05,   --*-              |                   ,  0.32,  0.86
 5,              rand,40,  0.37,  0.03,   --*               |                   ,  0.32,  0.86
 5,         UCB_minus,35,  0.37,  0.05,   --*-              |                   ,  0.32,  0.86
 5,                EI,35,  0.37,  0.05,   --*-              |                   ,  0.32,  0.86
 5,                PI,35,  0.37,  0.05,   --*-              |                   ,  0.32,  0.86
 5,          UCB_plus,35,  0.37,  0.05,   --*-              |                   ,  0.32,  0.86
#
 6,              rand,30,  0.37,  0.04,   --*               |                   ,  0.32,  0.86
 6,          UCB_plus,25,  0.37,  0.05,   --*-              |                   ,  0.32,  0.86
 6,                EI,20,  0.38,  0.02,    -*               |                   ,  0.32,  0.86
 6,              bonr,60,  0.38,  0.06,   --*-              |                   ,  0.32,  0.86
#
 7,                PI,20,  0.38,  0.02,    -*               |                   ,  0.32,  0.86
 7,                EI,30,  0.38,  0.06,   --*-              |                   ,  0.32,  0.86
 7,          UCB_plus,20,  0.38,  0.02,    -*               |                   ,  0.32,  0.86
 7,          UCB_plus,30,  0.38,  0.06,   --*-              |                   ,  0.32,  0.86
 7,         UCB_minus,20,  0.38,  0.02,    -*               |                   ,  0.32,  0.86
 7,                b2,35,  0.38,  0.10,   --*----           |                   ,  0.32,  0.86
 7,         UCB_minus,30,  0.38,  0.06,   --*-              |                   ,  0.32,  0.86
 7,              rand,25,  0.38,  0.06,   --*--             |                   ,  0.32,  0.86
#
 8,                PI,30,  0.38,  0.06,   --*-              |                   ,  0.32,  0.86
 8,             focus,30,  0.38,  0.08, ----*-              |                   ,  0.32,  0.86
 8,                b2,30,  0.38,  0.10,   --*----           |                   ,  0.32,  0.86
 8,                b2,25,  0.38,  0.08,    -*----           |                   ,  0.32,  0.86
 8,                b2,20,  0.38,  0.08,    -*----           |                   ,  0.32,  0.86
 8,              rand,20,  0.39,  0.06,    --*--            |                   ,  0.32,  0.86
 8,              bonr,50,  0.40,  0.10, ------*-            |                   ,  0.32,  0.86
 8,             focus,25,  0.40,  0.05,   ----*             |                   ,  0.32,  0.86
 8,                EI,15,  0.40,  0.08,     --*--           |                   ,  0.32,  0.86
 8,                PI,15,  0.40,  0.08,     --*--           |                   ,  0.32,  0.86
 8,          UCB_plus,15,  0.40,  0.08,     --*--           |                   ,  0.32,  0.86
 8,         UCB_minus,15,  0.40,  0.08,     --*--           |                   ,  0.32,  0.86
 8,             focus,20,  0.40,  0.10,   ----*---          |                   ,  0.32,  0.86
 8,              bonr,45,  0.40,  0.10, ------*-            |                   ,  0.32,  0.86
 8,              bonr,55,  0.40,  0.09, ------*             |                   ,  0.32,  0.86
 8,             focus,15,  0.40,  0.07,     --*---          |                   ,  0.32,  0.86
 8,              bonr,40,  0.41,  0.08,   ----*-            |                   ,  0.32,  0.86
 8,              rand,15,  0.41,  0.07,     ---*-           |                   ,  0.32,  0.86
#
 9,              bonr,35,  0.41,  0.09,    ----*--          |                   ,  0.32,  0.86
 9,                b2,15,  0.42,  0.07,     ----*           |                   ,  0.32,  0.86
 9,              bonr,30,  0.42,  0.07,     ----*-          |                   ,  0.32,  0.86
 9,         UCB_minus,10,  0.44,  0.09,     -----*          |                   ,  0.32,  0.86
 9,          UCB_plus,10,  0.44,  0.09,     -----*          |                   ,  0.32,  0.86
 9,                PI,10,  0.44,  0.09,     -----*          |                   ,  0.32,  0.86
 9,                EI,10,  0.44,  0.09,     -----*          |                   ,  0.32,  0.86
 9,              bonr,25,  0.44,  0.05,       ---*          |                   ,  0.32,  0.86
 9,                b2,10,  0.44,  0.06,       ---*-         |                   ,  0.32,  0.86
 9,             focus,10,  0.44,  0.08,       ---*-         |                   ,  0.32,  0.86
 9,              rand,10,  0.45,  0.07,       ---*-         |                   ,  0.32,  0.86
#
10,              bonr,15,  0.45,  0.02,          -*         |                   ,  0.32,  0.86
10,              bonr,20,  0.45,  0.04,         --*         |                   ,  0.32,  0.86
10,              bonr,10,  0.46,  0.04,          -*-        |                   ,  0.32,  0.86
#
11,         baseline,196,  0.53,  0.14,            ----*----|-                  ,  0.32,  0.86
