#
 0,             focus,60,  0.14,  0.09, *----               |                   ,  0.12,  0.84
 0,             focus,55,  0.15,  0.09, -*---               |                   ,  0.12,  0.84
 0,             focus,50,  0.15,  0.09, -*---               |                   ,  0.12,  0.84
 0,                b2,55,  0.16,  0.08, --*--               |                   ,  0.12,  0.84
 0,             focus,35,  0.16,  0.11, --*---              |                   ,  0.12,  0.84
 0,                b2,60,  0.16,  0.08, --*--               |                   ,  0.12,  0.84
 0,                b2,50,  0.16,  0.11, --*---              |                   ,  0.12,  0.84
 0,             focus,45,  0.16,  0.11, --*---              |                   ,  0.12,  0.84
 0,         UCB_minus,50,  0.17,  0.08, --*--               |                   ,  0.12,  0.84
 0,             focus,30,  0.17,  0.11, --*---              |                   ,  0.12,  0.84
 0,             focus,40,  0.17,  0.11, --*---              |                   ,  0.12,  0.84
 0,              rand,60,  0.17,  0.07, --*-                |                   ,  0.12,  0.84
 0,                EI,50,  0.17,  0.08, --*--               |                   ,  0.12,  0.84
 0,                PI,50,  0.17,  0.08, --*--               |                   ,  0.12,  0.84
 0,              rand,55,  0.17,  0.07, --*-                |                   ,  0.12,  0.84
 0,          UCB_plus,50,  0.17,  0.08, --*--               |                   ,  0.12,  0.84
 0,              rand,50,  0.17,  0.06,  -*--               |                   ,  0.12,  0.84
 0,          UCB_plus,45,  0.17,  0.07, --*-                |                   ,  0.12,  0.84
 0,                EI,40,  0.17,  0.09, --*--               |                   ,  0.12,  0.84
 0,         UCB_minus,40,  0.17,  0.09, --*--               |                   ,  0.12,  0.84
 0,          UCB_plus,40,  0.17,  0.09, --*--               |                   ,  0.12,  0.84
 0,                PI,40,  0.17,  0.09, --*--               |                   ,  0.12,  0.84
 0,                PI,45,  0.17,  0.07, --*-                |                   ,  0.12,  0.84
 0,         UCB_minus,45,  0.17,  0.07, --*-                |                   ,  0.12,  0.84
 0,                EI,45,  0.17,  0.07, --*-                |                   ,  0.12,  0.84
 0,                EI,60,  0.18,  0.07,  -*--               |                   ,  0.12,  0.84
 0,                b2,35,  0.18,  0.11, --*---              |                   ,  0.12,  0.84
 0,                b2,45,  0.18,  0.11, --*---              |                   ,  0.12,  0.84
 0,                b2,40,  0.18,  0.11, --*---              |                   ,  0.12,  0.84
 0,          UCB_plus,60,  0.18,  0.07,  -*--               |                   ,  0.12,  0.84
 0,                PI,60,  0.18,  0.07,  -*--               |                   ,  0.12,  0.84
 0,         UCB_minus,60,  0.18,  0.07,  -*--               |                   ,  0.12,  0.84
 0,              rand,45,  0.18,  0.04,  --*                |                   ,  0.12,  0.84
 0,                b2,30,  0.18,  0.10,  --*--              |                   ,  0.12,  0.84
 0,                EI,30,  0.18,  0.14, ---*----            |                   ,  0.12,  0.84
 0,          UCB_plus,30,  0.18,  0.14, ---*----            |                   ,  0.12,  0.84
 0,         UCB_minus,30,  0.18,  0.14, ---*----            |                   ,  0.12,  0.84
 0,                PI,30,  0.18,  0.14, ---*----            |                   ,  0.12,  0.84
 0,          UCB_plus,55,  0.19,  0.07,  --*-               |                   ,  0.12,  0.84
 0,         UCB_minus,55,  0.19,  0.07,  --*-               |                   ,  0.12,  0.84
 0,         UCB_minus,35,  0.19,  0.08, ---*-               |                   ,  0.12,  0.84
 0,                EI,35,  0.19,  0.08, ---*-               |                   ,  0.12,  0.84
 0,                PI,35,  0.19,  0.08, ---*-               |                   ,  0.12,  0.84
 0,                EI,55,  0.19,  0.07,  --*-               |                   ,  0.12,  0.84
 0,                PI,55,  0.19,  0.07,  --*-               |                   ,  0.12,  0.84
 0,          UCB_plus,35,  0.19,  0.08, ---*-               |                   ,  0.12,  0.84
#
 1,              rand,40,  0.19,  0.06,   -*--              |                   ,  0.12,  0.84
 1,              rand,35,  0.20,  0.06,   --*-              |                   ,  0.12,  0.84
 1,                EI,25,  0.20,  0.06,    -*-              |                   ,  0.12,  0.84
 1,                PI,25,  0.20,  0.06,    -*-              |                   ,  0.12,  0.84
 1,         UCB_minus,25,  0.20,  0.06,    -*-              |                   ,  0.12,  0.84
 1,          UCB_plus,25,  0.20,  0.06,    -*-              |                   ,  0.12,  0.84
 1,                b2,25,  0.22,  0.10,   ---*--            |                   ,  0.12,  0.84
 1,                EI,15,  0.22,  0.08,   ---*-             |                   ,  0.12,  0.84
 1,                PI,15,  0.22,  0.08,   ---*-             |                   ,  0.12,  0.84
 1,          UCB_plus,15,  0.22,  0.08,   ---*-             |                   ,  0.12,  0.84
 1,         UCB_minus,15,  0.22,  0.08,   ---*-             |                   ,  0.12,  0.84
#
 2,                b2,20,  0.22,  0.09,    --*--            |                   ,  0.12,  0.84
 2,                EI,20,  0.23,  0.07,      *---           |                   ,  0.12,  0.84
 2,                PI,20,  0.23,  0.07,      *---           |                   ,  0.12,  0.84
 2,          UCB_plus,20,  0.23,  0.07,      *---           |                   ,  0.12,  0.84
 2,         UCB_minus,20,  0.23,  0.07,      *---           |                   ,  0.12,  0.84
 2,              rand,20,  0.23,  0.10,   ----*-            |                   ,  0.12,  0.84
 2,              rand,25,  0.23,  0.10,   ----*-            |                   ,  0.12,  0.84
 2,              rand,30,  0.23,  0.07,   ----*             |                   ,  0.12,  0.84
 2,             focus,25,  0.24,  0.11,   ----*-            |                   ,  0.12,  0.84
 2,                b2,15,  0.24,  0.12,    ---*---          |                   ,  0.12,  0.84
 2,             focus,15,  0.24,  0.11,   ----*-            |                   ,  0.12,  0.84
 2,              bonr,60,  0.24,  0.14,    ---*----         |                   ,  0.12,  0.84
#
 3,              bonr,50,  0.24,  0.15,   ----*----         |                   ,  0.12,  0.84
 3,             focus,20,  0.24,  0.11,   ----*-            |                   ,  0.12,  0.84
 3,              bonr,55,  0.24,  0.14,    ---*----         |                   ,  0.12,  0.84
 3,              rand,15,  0.24,  0.09,    ---*-            |                   ,  0.12,  0.84
 3,              bonr,45,  0.25,  0.13,    ----*---         |                   ,  0.12,  0.84
 3,             focus,10,  0.25,  0.13,    ----*---         |                   ,  0.12,  0.84
 3,              bonr,40,  0.28,  0.13,    -----*--         |                   ,  0.12,  0.84
 3,              rand,10,  0.28,  0.07,       --*-          |                   ,  0.12,  0.84
 3,              bonr,30,  0.28,  0.08,       --*--         |                   ,  0.12,  0.84
 3,              bonr,35,  0.28,  0.08,       --*--         |                   ,  0.12,  0.84
 3,                b2,10,  0.29,  0.08,       ---*          |                   ,  0.12,  0.84
 3,         UCB_minus,10,  0.29,  0.13,    ------*          |                   ,  0.12,  0.84
 3,          UCB_plus,10,  0.29,  0.13,    ------*          |                   ,  0.12,  0.84
 3,                PI,10,  0.29,  0.13,    ------*          |                   ,  0.12,  0.84
 3,                EI,10,  0.29,  0.13,    ------*          |                   ,  0.12,  0.84
 3,              bonr,10,  0.30,  0.08,       ---*-         |                   ,  0.12,  0.84
 3,              bonr,15,  0.31,  0.08,       ----*         |                   ,  0.12,  0.84
 3,              bonr,25,  0.31,  0.08,       ----*         |                   ,  0.12,  0.84
 3,              bonr,20,  0.31,  0.08,       ----*         |                   ,  0.12,  0.84
#
 4,         baseline,756,  0.37,  0.20,           ---*------|                   ,  0.12,  0.84
