#
 0,              rand,40,  0.38,  0.04, --*                 |                   ,  0.35,  0.88
#
 1,               UCB,40,  0.39,  0.05,  --*-               |                   ,  0.35,  0.88
 1,                PI,40,  0.39,  0.07, ---*-               |                   ,  0.35,  0.88
 1,                EI,40,  0.39,  0.06, ---*-               |                   ,  0.35,  0.88
 1,              bonr,40,  0.40,  0.08, ---*--              |                   ,  0.35,  0.88
 1,       progressive,40,  0.40,  0.08, ----*-              |                   ,  0.35,  0.88
#
 2,                 EI,9,  0.41,  0.08,   --*---            |                   ,  0.35,  0.88
 2,                UCB,9,  0.41,  0.08,   --*---            |                   ,  0.35,  0.88
#
 3,                b2,40,  0.41,  0.05,   --*-              |                   ,  0.35,  0.88
 3,              rand,15,  0.41,  0.06,    -*---            |                   ,  0.35,  0.88
 3,               UCB,15,  0.41,  0.06,   --*--             |                   ,  0.35,  0.88
 3,    ExpProgressive,40,  0.41,  0.06,   --*--             |                   ,  0.35,  0.88
 3,                EI,15,  0.41,  0.07,   ---*-             |                   ,  0.35,  0.88
 3,      SimAnnealing,40,  0.42,  0.05,    --*-             |                   ,  0.35,  0.88
 3,                 PI,9,  0.42,  0.08,   ---*--            |                   ,  0.35,  0.88
 3,                PI,15,  0.43,  0.07,   ----*             |                   ,  0.35,  0.88
#
 4,       progressive,15,  0.43,  0.05,    ---*-            |                   ,  0.35,  0.88
 4,              bonr,15,  0.44,  0.06,     --*-            |                   ,  0.35,  0.88
 4,      SimAnnealing,15,  0.45,  0.05,     ---*            |                   ,  0.35,  0.88
 4,               rand,9,  0.45,  0.07,     ---*-           |                   ,  0.35,  0.88
 4,    ExpProgressive,15,  0.45,  0.06,     ---*            |                   ,  0.35,  0.88
 4,                b2,15,  0.45,  0.06,     ---*            |                   ,  0.35,  0.88
 4,               bonr,9,  0.46,  0.06,     ----*           |                   ,  0.35,  0.88
 4,       SimAnnealing,9,  0.46,  0.06,     ----*           |                   ,  0.35,  0.88
#
 5,                 b2,9,  0.46,  0.07,     ----*           |                   ,  0.35,  0.88
 5,        progressive,9,  0.46,  0.06,     ----*           |                   ,  0.35,  0.88
 5,     ExpProgressive,9,  0.46,  0.05,      ---*           |                   ,  0.35,  0.88
#
 6,             base,196,  0.53,  0.16,           ----*-----|-                  ,  0.35,  0.88
