#
 0,              rand,55,  0.35,  0.06, -*-                 |                   ,  0.33,  0.93
 0,                PI,45,  0.35,  0.04, -*                  |                   ,  0.33,  0.93
 0,          UCB_plus,45,  0.35,  0.04, -*                  |                   ,  0.33,  0.93
 0,         UCB_minus,45,  0.35,  0.04, -*                  |                   ,  0.33,  0.93
 0,              rand,60,  0.35,  0.06, -*-                 |                   ,  0.33,  0.93
 0,                EI,45,  0.35,  0.04, -*                  |                   ,  0.33,  0.93
 0,       progressive,45,  0.35,  0.06,  *---               |                   ,  0.33,  0.93
 0,                EI,55,  0.35,  0.04,  *-                 |                   ,  0.33,  0.93
 0,       progressive,60,  0.35,  0.06, -*-                 |                   ,  0.33,  0.93
 0,                EI,60,  0.35,  0.04,  *-                 |                   ,  0.33,  0.93
 0,         UCB_minus,55,  0.35,  0.04,  *-                 |                   ,  0.33,  0.93
 0,                PI,55,  0.35,  0.04,  *-                 |                   ,  0.33,  0.93
 0,         UCB_minus,60,  0.35,  0.04,  *-                 |                   ,  0.33,  0.93
 0,              rand,50,  0.35,  0.06,  *--                |                   ,  0.33,  0.93
 0,       progressive,55,  0.35,  0.06, -*-                 |                   ,  0.33,  0.93
 0,          UCB_plus,60,  0.35,  0.04,  *-                 |                   ,  0.33,  0.93
 0,                b2,55,  0.35,  0.07,  *---               |                   ,  0.33,  0.93
 0,          UCB_plus,55,  0.35,  0.04,  *-                 |                   ,  0.33,  0.93
 0,                b2,60,  0.35,  0.07,  *---               |                   ,  0.33,  0.93
 0,                PI,60,  0.35,  0.04,  *-                 |                   ,  0.33,  0.93
 0,                PI,50,  0.38,  0.06, --*                 |                   ,  0.33,  0.93
 0,          UCB_plus,50,  0.38,  0.06, --*                 |                   ,  0.33,  0.93
 0,          UCB_plus,20,  0.38,  0.07,  -*---              |                   ,  0.33,  0.93
 0,       progressive,50,  0.38,  0.06,  -*--               |                   ,  0.33,  0.93
 0,       progressive,40,  0.38,  0.08,  -*---              |                   ,  0.33,  0.93
 0,                PI,20,  0.38,  0.07,  -*---              |                   ,  0.33,  0.93
 0,                EI,50,  0.38,  0.06, --*                 |                   ,  0.33,  0.93
 0,    ExpProgressive,45,  0.38,  0.06, --*-                |                   ,  0.33,  0.93
 0,    ExpProgressive,50,  0.38,  0.06, --*-                |                   ,  0.33,  0.93
 0,    ExpProgressive,55,  0.38,  0.06, --*-                |                   ,  0.33,  0.93
 0,                EI,20,  0.38,  0.07,  -*---              |                   ,  0.33,  0.93
 0,    ExpProgressive,60,  0.38,  0.06, --*-                |                   ,  0.33,  0.93
 0,         UCB_minus,50,  0.38,  0.06, --*                 |                   ,  0.33,  0.93
 0,         UCB_minus,20,  0.38,  0.07,  -*---              |                   ,  0.33,  0.93
 0,         UCB_minus,40,  0.39,  0.04,  --*                |                   ,  0.33,  0.93
 0,              rand,40,  0.39,  0.06,  --*-               |                   ,  0.33,  0.93
 0,              rand,25,  0.39,  0.07,  --*-               |                   ,  0.33,  0.93
 0,    ExpProgressive,40,  0.39,  0.10, ---*--              |                   ,  0.33,  0.93
 0,          UCB_plus,40,  0.39,  0.04,  --*                |                   ,  0.33,  0.93
 0,              rand,30,  0.39,  0.06,  --*-               |                   ,  0.33,  0.93
 0,                PI,30,  0.39,  0.08,  --*--              |                   ,  0.33,  0.93
 0,                EI,40,  0.39,  0.04,  --*                |                   ,  0.33,  0.93
 0,                EI,30,  0.39,  0.08,  --*--              |                   ,  0.33,  0.93
 0,              rand,45,  0.39,  0.06,  --*-               |                   ,  0.33,  0.93
 0,                PI,40,  0.39,  0.04,  --*                |                   ,  0.33,  0.93
 0,              rand,35,  0.39,  0.06,  --*-               |                   ,  0.33,  0.93
 0,         UCB_minus,30,  0.39,  0.08,  --*--              |                   ,  0.33,  0.93
 0,          UCB_plus,30,  0.39,  0.08,  --*--              |                   ,  0.33,  0.93
#
 1,              bonr,60,  0.39,  0.06, ---*                |                   ,  0.33,  0.93
 1,                EI,25,  0.39,  0.07,  --*--              |                   ,  0.33,  0.93
 1,              rand,20,  0.39,  0.05,   -*--              |                   ,  0.33,  0.93
 1,          UCB_plus,25,  0.39,  0.07,  --*--              |                   ,  0.33,  0.93
 1,              bonr,50,  0.39,  0.06,  --*-               |                   ,  0.33,  0.93
 1,         UCB_minus,25,  0.39,  0.07,  --*--              |                   ,  0.33,  0.93
 1,                PI,25,  0.39,  0.07,  --*--              |                   ,  0.33,  0.93
 1,              bonr,45,  0.39,  0.06,  --*-               |                   ,  0.33,  0.93
 1,              bonr,40,  0.39,  0.06,   -*--              |                   ,  0.33,  0.93
 1,              bonr,55,  0.39,  0.06,  --*-               |                   ,  0.33,  0.93
 1,         UCB_minus,35,  0.41,  0.07,  ---*               |                   ,  0.33,  0.93
 1,                EI,35,  0.41,  0.07,  ---*               |                   ,  0.33,  0.93
 1,          UCB_plus,35,  0.41,  0.07,  ---*               |                   ,  0.33,  0.93
 1,                PI,35,  0.41,  0.07,  ---*               |                   ,  0.33,  0.93
 1,    ExpProgressive,35,  0.41,  0.08,  ----*              |                   ,  0.33,  0.93
 1,       progressive,35,  0.41,  0.08,  ----*              |                   ,  0.33,  0.93
 1,                b2,45,  0.42,  0.07,  ----*              |                   ,  0.33,  0.93
 1,       progressive,25,  0.42,  0.07,   ---*-             |                   ,  0.33,  0.93
 1,          UCB_plus,15,  0.42,  0.07,    --*--            |                   ,  0.33,  0.93
 1,         UCB_minus,15,  0.42,  0.07,    --*--            |                   ,  0.33,  0.93
 1,                EI,15,  0.42,  0.07,    --*--            |                   ,  0.33,  0.93
 1,                PI,15,  0.42,  0.07,    --*--            |                   ,  0.33,  0.93
 1,              rand,15,  0.42,  0.05,    --*              |                   ,  0.33,  0.93
 1,              bonr,35,  0.42,  0.07,   ---*-             |                   ,  0.33,  0.93
 1,                b2,50,  0.42,  0.07,  ----*              |                   ,  0.33,  0.93
#
 2,                PI,10,  0.43,  0.06,     --*-            |                   ,  0.33,  0.93
 2,                EI,10,  0.43,  0.06,     --*-            |                   ,  0.33,  0.93
 2,         UCB_minus,10,  0.43,  0.06,     --*-            |                   ,  0.33,  0.93
 2,          UCB_plus,10,  0.43,  0.06,     --*-            |                   ,  0.33,  0.93
 2,              bonr,30,  0.43,  0.06,    ---*             |                   ,  0.33,  0.93
 2,                b2,30,  0.43,  0.05,    ---*             |                   ,  0.33,  0.93
 2,    ExpProgressive,30,  0.43,  0.10,  -----*             |                   ,  0.33,  0.93
 2,       progressive,30,  0.43,  0.06,    ---*             |                   ,  0.33,  0.93
 2,             focus,50,  0.43,  0.04,    ---*             |                   ,  0.33,  0.93
 2,                b2,35,  0.43,  0.05,    ---*             |                   ,  0.33,  0.93
 2,             focus,60,  0.43,  0.04,    ---*             |                   ,  0.33,  0.93
 2,             focus,55,  0.43,  0.04,    ---*             |                   ,  0.33,  0.93
 2,                b2,40,  0.43,  0.08,  -----*             |                   ,  0.33,  0.93
 2,             focus,40,  0.43,  0.04,    ---*             |                   ,  0.33,  0.93
 2,             focus,35,  0.43,  0.05,    ---*             |                   ,  0.33,  0.93
 2,             focus,45,  0.43,  0.04,    ---*             |                   ,  0.33,  0.93
#
 3,             focus,20,  0.43,  0.05,    ---*             |                   ,  0.33,  0.93
 3,             focus,25,  0.43,  0.04,    ---*             |                   ,  0.33,  0.93
 3,                b2,25,  0.43,  0.03,     --*             |                   ,  0.33,  0.93
 3,             focus,30,  0.43,  0.04,    ---*             |                   ,  0.33,  0.93
 3,       progressive,20,  0.44,  0.06,    ---*-            |                   ,  0.33,  0.93
 3,             focus,15,  0.44,  0.04,      -*-            |                   ,  0.33,  0.93
 3,    ExpProgressive,25,  0.44,  0.07,    ---*-            |                   ,  0.33,  0.93
 3,       progressive,15,  0.44,  0.06,    ---*-            |                   ,  0.33,  0.93
 3,              bonr,25,  0.44,  0.05,     --*-            |                   ,  0.33,  0.93
 3,              bonr,20,  0.44,  0.04,      -*-            |                   ,  0.33,  0.93
 3,                b2,20,  0.44,  0.04,     --*             |                   ,  0.33,  0.93
 3,    ExpProgressive,15,  0.44,  0.04,      -*-            |                   ,  0.33,  0.93
 3,    ExpProgressive,20,  0.44,  0.06,    ---*-            |                   ,  0.33,  0.93
#
 4,                b2,15,  0.44,  0.03,       *-            |                   ,  0.33,  0.93
 4,             focus,10,  0.44,  0.03,       -*            |                   ,  0.33,  0.93
 4,                b2,10,  0.45,  0.04,       -*-           |                   ,  0.33,  0.93
 4,       progressive,10,  0.45,  0.08,      --*--          |                   ,  0.33,  0.93
 4,              bonr,15,  0.45,  0.05,      --*-           |                   ,  0.33,  0.93
#
 5,    ExpProgressive,10,  0.45,  0.07,       -*--          |                   ,  0.33,  0.93
 5,              rand,10,  0.45,  0.04,       -*            |                   ,  0.33,  0.93
 5,              bonr,10,  0.47,  0.06,       --*-          |                   ,  0.33,  0.93
#
 6,         baseline,196,  0.54,  0.17,           ---*------|-                  ,  0.33,  0.93
