#
 0,                EI,40,  0.07,  0.02,  *                  |                   ,  0.02,  1.00
 0,                PI,40,  0.07,  0.02,  *                  |                   ,  0.02,  1.00
 0,               UCB,40,  0.07,  0.02,  *                  |                   ,  0.02,  1.00
 0,              rand,40,  0.07,  0.03,  *                  |                   ,  0.02,  1.00
 0,              rand,30,  0.07,  0.04,  *-                 |                   ,  0.02,  1.00
 0,                b2,40,  0.08,  0.29,  -*----------       |                   ,  0.02,  1.00
#
 1,               UCB,10,  0.08,  0.23,  -*--------         |                   ,  0.02,  1.00
 1,                PI,10,  0.08,  0.23,  -*--------         |                   ,  0.02,  1.00
 1,                EI,10,  0.08,  0.23,  -*--------         |                   ,  0.02,  1.00
 1,               UCB,30,  0.08,  0.04,  -*                 |                   ,  0.02,  1.00
 1,                EI,30,  0.08,  0.04,  -*                 |                   ,  0.02,  1.00
 1,                PI,30,  0.08,  0.04,  -*                 |                   ,  0.02,  1.00
 1,                EI,20,  0.09,  0.18,  -*-----            |                   ,  0.02,  1.00
 1,                PI,20,  0.09,  0.18,  -*-----            |                   ,  0.02,  1.00
 1,               UCB,20,  0.09,  0.18,  -*-----            |                   ,  0.02,  1.00
#
 2,              rand,20,  0.09,  0.14,  -*----             |                   ,  0.02,  1.00
 2,                b2,30,  0.09,  0.29,  -*----------       |                   ,  0.02,  1.00
 2,      SimAnnealing,40,  0.09,  0.19,  -*------           |                   ,  0.02,  1.00
 2,      SimAnnealing,30,  0.16,  0.18,  ----*---           |                   ,  0.02,  1.00
 2,                b2,20,  0.18,  0.31,  -----*-------      |                   ,  0.02,  1.00
 2,      SimAnnealing,20,  0.20,  0.22,  ------*---         |                   ,  0.02,  1.00
 2,              bonr,40,  0.20,  0.23,  ------*---         |                   ,  0.02,  1.00
 2,              bonr,20,  0.23,  0.27,   ------*----       |                   ,  0.02,  1.00
 2,              bonr,30,  0.23,  0.23,  -------*--         |                   ,  0.02,  1.00
 2,              rand,10,  0.23,  0.19,    -----*--         |                   ,  0.02,  1.00
#
 3,              bonr,10,  0.23,  0.49,    -----*-----------|--                 ,  0.02,  1.00
 3,      SimAnnealing,10,  0.23,  0.24,   ------*---        |                   ,  0.02,  1.00
 3,    ExpProgressive,40,  0.28,  0.45,  ---------*---------|                   ,  0.02,  1.00
 3,       progressive,40,  0.28,  0.45,  ---------*---------|                   ,  0.02,  1.00
 3,       progressive,30,  0.30,  0.35,      ------*--------|                   ,  0.02,  1.00
 3,    ExpProgressive,10,  0.30,  0.37,        ----*--------|--                 ,  0.02,  1.00
 3,       progressive,20,  0.30,  0.33,       -----*--------|                   ,  0.02,  1.00
 3,                b2,10,  0.30,  0.41,       -----*--------|--                 ,  0.02,  1.00
 3,    ExpProgressive,30,  0.30,  0.35,      ------*--------|                   ,  0.02,  1.00
 3,    ExpProgressive,20,  0.30,  0.31,        ----*--------|                   ,  0.02,  1.00
 3,       progressive,10,  0.32,  0.37,         ----*-------|--                 ,  0.02,  1.00
#
 4,            base,3840,  0.59,  0.32,              -------|--*--              ,  0.02,  1.00
