#
 0,                b2,55,  0.09,  0.06,  --*                |                   ,  0.01,  0.90
 0,                b2,60,  0.09,  0.06,  --*                |                   ,  0.01,  0.90
 0,                b2,50,  0.09,  0.06,  --*                |                   ,  0.01,  0.90
 0,             focus,60,  0.10,  0.19,  --*------          |                   ,  0.01,  0.90
 0,                b2,45,  0.10,  0.10,  --*--              |                   ,  0.01,  0.90
 0,                b2,40,  0.10,  0.14,  ---*--             |                   ,  0.01,  0.90
 0,              rand,40,  0.10,  0.15,    -*-----          |                   ,  0.01,  0.90
 0,              rand,60,  0.10,  0.10,  ---*-              |                   ,  0.01,  0.90
 0,              rand,50,  0.10,  0.10,    -*--             |                   ,  0.01,  0.90
 0,              rand,45,  0.10,  0.10,    -*--             |                   ,  0.01,  0.90
 0,              rand,55,  0.11,  0.07,    -*-              |                   ,  0.01,  0.90
 0,                b2,35,  0.11,  0.18,    -*------         |                   ,  0.01,  0.90
 0,                EI,60,  0.11,  0.10,   --*-              |                   ,  0.01,  0.90
 0,                PI,60,  0.11,  0.10,   --*-              |                   ,  0.01,  0.90
 0,         UCB_minus,60,  0.11,  0.10,   --*-              |                   ,  0.01,  0.90
 0,          UCB_plus,60,  0.11,  0.10,   --*-              |                   ,  0.01,  0.90
 0,          UCB_plus,50,  0.11,  0.07,   --*               |                   ,  0.01,  0.90
 0,                PI,50,  0.11,  0.07,   --*               |                   ,  0.01,  0.90
 0,         UCB_minus,50,  0.11,  0.07,   --*               |                   ,  0.01,  0.90
 0,                EI,50,  0.11,  0.07,   --*               |                   ,  0.01,  0.90
 0,                PI,25,  0.12,  0.15,   --*----           |                   ,  0.01,  0.90
 0,                EI,25,  0.12,  0.15,   --*----           |                   ,  0.01,  0.90
 0,          UCB_plus,25,  0.12,  0.15,   --*----           |                   ,  0.01,  0.90
 0,         UCB_minus,25,  0.12,  0.15,   --*----           |                   ,  0.01,  0.90
 0,                EI,45,  0.12,  0.07,   --*-              |                   ,  0.01,  0.90
 0,                PI,45,  0.12,  0.07,   --*-              |                   ,  0.01,  0.90
 0,          UCB_plus,45,  0.12,  0.07,   --*-              |                   ,  0.01,  0.90
 0,         UCB_minus,45,  0.12,  0.07,   --*-              |                   ,  0.01,  0.90
 0,                PI,35,  0.12,  0.10,    -*--             |                   ,  0.01,  0.90
 0,          UCB_plus,35,  0.12,  0.10,    -*--             |                   ,  0.01,  0.90
 0,                EI,35,  0.12,  0.10,    -*--             |                   ,  0.01,  0.90
 0,         UCB_minus,35,  0.12,  0.10,    -*--             |                   ,  0.01,  0.90
 0,             focus,55,  0.13,  0.22,  ----*-----         |                   ,  0.01,  0.90
 0,             focus,35,  0.13,  0.24,  ----*------        |                   ,  0.01,  0.90
 0,                EI,30,  0.13,  0.09,    --*-             |                   ,  0.01,  0.90
 0,          UCB_plus,30,  0.13,  0.09,    --*-             |                   ,  0.01,  0.90
 0,                PI,30,  0.13,  0.09,    --*-             |                   ,  0.01,  0.90
 0,         UCB_minus,30,  0.13,  0.09,    --*-             |                   ,  0.01,  0.90
 0,                EI,55,  0.14,  0.12,   ---*--            |                   ,  0.01,  0.90
 0,             focus,50,  0.14,  0.24,  ----*------        |                   ,  0.01,  0.90
 0,          UCB_plus,40,  0.14,  0.07,    --*-             |                   ,  0.01,  0.90
 0,             focus,40,  0.14,  0.24,  ----*------        |                   ,  0.01,  0.90
 0,                EI,40,  0.14,  0.07,    --*-             |                   ,  0.01,  0.90
 0,         UCB_minus,55,  0.14,  0.12,   ---*--            |                   ,  0.01,  0.90
 0,                PI,40,  0.14,  0.07,    --*-             |                   ,  0.01,  0.90
 0,                PI,55,  0.14,  0.12,   ---*--            |                   ,  0.01,  0.90
 0,             focus,45,  0.14,  0.24,  ----*------        |                   ,  0.01,  0.90
 0,          UCB_plus,55,  0.14,  0.12,   ---*--            |                   ,  0.01,  0.90
 0,         UCB_minus,40,  0.14,  0.07,    --*-             |                   ,  0.01,  0.90
 0,              rand,35,  0.15,  0.15,    ---*---          |                   ,  0.01,  0.90
 0,                b2,25,  0.15,  0.21,    ---*-----        |                   ,  0.01,  0.90
 0,             focus,25,  0.15,  0.21,   ----*-----        |                   ,  0.01,  0.90
 0,                b2,30,  0.15,  0.21,    ---*-----        |                   ,  0.01,  0.90
 0,             focus,30,  0.17,  0.21,   -----*----        |                   ,  0.01,  0.90
 0,                EI,20,  0.18,  0.12,       -*---         |                   ,  0.01,  0.90
#
 1,                PI,20,  0.18,  0.12,       -*---         |                   ,  0.01,  0.90
 1,         UCB_minus,20,  0.18,  0.12,       -*---         |                   ,  0.01,  0.90
 1,          UCB_plus,20,  0.18,  0.12,       -*---         |                   ,  0.01,  0.90
 1,              rand,30,  0.18,  0.16,    ----*---         |                   ,  0.01,  0.90
 1,              rand,25,  0.19,  0.16,      --*----        |                   ,  0.01,  0.90
 1,             focus,20,  0.19,  0.21,    -----*----       |                   ,  0.01,  0.90
 1,          UCB_plus,15,  0.21,  0.22,     ----*-----      |                   ,  0.01,  0.90
 1,                PI,15,  0.21,  0.22,     ----*-----      |                   ,  0.01,  0.90
 1,                EI,15,  0.21,  0.22,     ----*-----      |                   ,  0.01,  0.90
 1,         UCB_minus,15,  0.21,  0.22,     ----*-----      |                   ,  0.01,  0.90
 1,              bonr,60,  0.21,  0.30,     ----*--------   |                   ,  0.01,  0.90
 1,              bonr,55,  0.21,  0.30,     ----*--------   |                   ,  0.01,  0.90
 1,             focus,15,  0.21,  0.20,     -----*---       |                   ,  0.01,  0.90
 1,             focus,10,  0.24,  0.16,        ---*---      |                   ,  0.01,  0.90
 1,              bonr,40,  0.24,  0.30,     ------*------   |                   ,  0.01,  0.90
 1,              bonr,35,  0.24,  0.29,     ------*------   |                   ,  0.01,  0.90
 1,              bonr,30,  0.24,  0.29,     ------*------   |                   ,  0.01,  0.90
 1,                b2,20,  0.24,  0.22,     ------*---      |                   ,  0.01,  0.90
 1,              bonr,45,  0.25,  0.30,     ------*------   |                   ,  0.01,  0.90
 1,              bonr,50,  0.25,  0.30,     ------*------   |                   ,  0.01,  0.90
 1,              rand,20,  0.26,  0.16,       -----*-       |                   ,  0.01,  0.90
 1,                b2,15,  0.26,  0.20,      ------*--      |                   ,  0.01,  0.90
 1,              rand,15,  0.29,  0.21,       ------*--     |                   ,  0.01,  0.90
 1,              bonr,25,  0.31,  0.24,        ------*----  |                   ,  0.01,  0.90
#
 2,              bonr,20,  0.31,  0.24,        ------*----  |                   ,  0.01,  0.90
 2,                PI,10,  0.31,  0.10,            --*-     |                   ,  0.01,  0.90
 2,         UCB_minus,10,  0.31,  0.10,            --*-     |                   ,  0.01,  0.90
 2,                EI,10,  0.31,  0.10,            --*-     |                   ,  0.01,  0.90
 2,          UCB_plus,10,  0.31,  0.10,            --*-     |                   ,  0.01,  0.90
 2,              rand,10,  0.32,  0.23,         -----*----  |                   ,  0.01,  0.90
 2,              bonr,15,  0.33,  0.24,        -------*---  |                   ,  0.01,  0.90
 2,                b2,10,  0.33,  0.26,       --------*---  |                   ,  0.01,  0.90
#
 3,              bonr,10,  0.39,  0.17,            -----*-- |                   ,  0.01,  0.90
#
 4,        baseline,2880,  0.53,  0.25,                  ---|--*----            ,  0.01,  0.90
