#
 0,               UCB,40,  0.17,  0.04,  -*                 |                   ,  0.12,  0.93
 0,                PI,40,  0.17,  0.05,  -*                 |                   ,  0.12,  0.93
 0,                EI,40,  0.17,  0.05,  -*                 |                   ,  0.12,  0.93
#
 1,              rand,40,  0.18,  0.06,  -*-                |                   ,  0.12,  0.93
 1,      SimAnnealing,40,  0.18,  0.09,  -*---              |                   ,  0.12,  0.93
 1,              bonr,40,  0.18,  0.09,  -*---              |                   ,  0.12,  0.93
#
 2,                PI,15,  0.19,  0.05,   -*                |                   ,  0.12,  0.93
 2,                EI,15,  0.19,  0.06,   -*-               |                   ,  0.12,  0.93
 2,               UCB,15,  0.19,  0.06,   -*-               |                   ,  0.12,  0.93
 2,                b2,40,  0.20,  0.10,  ---*-              |                   ,  0.12,  0.93
 2,              rand,15,  0.21,  0.09,   --*--             |                   ,  0.12,  0.93
 2,       progressive,40,  0.22,  0.09,  ---*-              |                   ,  0.12,  0.93
#
 3,                UCB,9,  0.22,  0.07,    -*--             |                   ,  0.12,  0.93
 3,                 EI,9,  0.22,  0.07,    -*--             |                   ,  0.12,  0.93
#
 4,    ExpProgressive,40,  0.22,  0.09,  ----*              |                   ,  0.12,  0.93
 4,      SimAnnealing,15,  0.22,  0.07,   ---*              |                   ,  0.12,  0.93
#
 5,              bonr,15,  0.22,  0.06,    --*              |                   ,  0.12,  0.93
 5,       progressive,15,  0.24,  0.10,  ----*-             |                   ,  0.12,  0.93
 5,     ExpProgressive,9,  0.24,  0.13,   ---*---           |                   ,  0.12,  0.93
 5,    ExpProgressive,15,  0.24,  0.11,  ----*-             |                   ,  0.12,  0.93
 5,                b2,15,  0.25,  0.10,    ---*-            |                   ,  0.12,  0.93
 5,                 PI,9,  0.25,  0.10,    ---*-            |                   ,  0.12,  0.93
 5,               rand,9,  0.25,  0.07,     --*             |                   ,  0.12,  0.93
 5,        progressive,9,  0.26,  0.13,   ----*--           |                   ,  0.12,  0.93
 5,       SimAnnealing,9,  0.26,  0.10,    ---*             |                   ,  0.12,  0.93
 5,                 b2,9,  0.26,  0.13,    ---*--           |                   ,  0.12,  0.93
 5,               bonr,9,  0.26,  0.10,    ----*            |                   ,  0.12,  0.93
#
 6,             base,972,  0.37,  0.14,          ---*---    |                   ,  0.12,  0.93
