#
 0,              bonr,40,  0.16,  0.00, *                   |                   ,  0.16,  0.88
 0,      SimAnnealing,40,  0.16,  0.02, *                   |                   ,  0.16,  0.88
 0,                b2,30,  0.16,  0.02, *                   |                   ,  0.16,  0.88
 0,                b2,40,  0.16,  0.02, *                   |                   ,  0.16,  0.88
 0,    ExpProgressive,40,  0.16,  0.01, *                   |                   ,  0.16,  0.88
 0,       progressive,40,  0.16,  0.02, *                   |                   ,  0.16,  0.88
 0,              bonr,30,  0.16,  0.01, *                   |                   ,  0.16,  0.88
 0,      SimAnnealing,30,  0.16,  0.02, *                   |                   ,  0.16,  0.88
#
 1,    ExpProgressive,30,  0.17,  0.03, *                   |                   ,  0.16,  0.88
 1,                b2,20,  0.17,  0.03, *                   |                   ,  0.16,  0.88
 1,       progressive,30,  0.18,  0.03, -*                  |                   ,  0.16,  0.88
 1,                EI,30,  0.18,  0.04, -*                  |                   ,  0.16,  0.88
#
 2,               UCB,30,  0.18,  0.04, -*                  |                   ,  0.16,  0.88
 2,      SimAnnealing,20,  0.18,  0.04, -*                  |                   ,  0.16,  0.88
 2,                PI,30,  0.18,  0.04, -*                  |                   ,  0.16,  0.88
 2,              rand,40,  0.18,  0.03, -*                  |                   ,  0.16,  0.88
 2,              rand,30,  0.18,  0.03,  *                  |                   ,  0.16,  0.88
 2,              bonr,20,  0.18,  0.01,  *                  |                   ,  0.16,  0.88
 2,              rand,20,  0.19,  0.04,  *-                 |                   ,  0.16,  0.88
 2,    ExpProgressive,20,  0.19,  0.04, -*                  |                   ,  0.16,  0.88
 2,       progressive,20,  0.19,  0.05, -*-                 |                   ,  0.16,  0.88
 2,               UCB,40,  0.19,  0.03,  -*                 |                   ,  0.16,  0.88
 2,                EI,40,  0.19,  0.03,  -*                 |                   ,  0.16,  0.88
 2,                PI,40,  0.19,  0.03,  -*                 |                   ,  0.16,  0.88
#
 3,                b2,10,  0.20,  0.23,  -*-----------      |                   ,  0.16,  0.88
 3,                EI,20,  0.20,  0.20,  -*---------        |                   ,  0.16,  0.88
 3,               UCB,20,  0.20,  0.20,  -*---------        |                   ,  0.16,  0.88
#
 4,                PI,20,  0.20,  0.20,  -*---------        |                   ,  0.16,  0.88
 4,              rand,10,  0.20,  0.23,  -*-----------      |                   ,  0.16,  0.88
 4,      SimAnnealing,10,  0.39,  0.22,   -----------*-     |                   ,  0.16,  0.88
 4,                PI,10,  0.39,  0.24,   -----------*--    |                   ,  0.16,  0.88
 4,                EI,10,  0.39,  0.24,   -----------*--    |                   ,  0.16,  0.88
 4,               UCB,10,  0.39,  0.24,   -----------*--    |                   ,  0.16,  0.88
 4,              bonr,10,  0.41,  0.23,   ------------*     |                   ,  0.16,  0.88
 4,    ExpProgressive,10,  0.42,  0.24,   ------------*-    |                   ,  0.16,  0.88
 4,       progressive,10,  0.42,  0.24,   ------------*-    |                   ,  0.16,  0.88
#
 5,            base,1023,  0.69,  0.21,                     |--------*---       ,  0.16,  0.88
