#
 0,       progressive,40,  0.05,  0.06, *--                 |                   ,  0.04,  0.81
 0,                b2,40,  0.06,  0.00, *                   |                   ,  0.04,  0.81
 0,                b2,30,  0.06,  0.01, *                   |                   ,  0.04,  0.81
 0,      SimAnnealing,40,  0.06,  0.06, *--                 |                   ,  0.04,  0.81
 0,              bonr,40,  0.06,  0.01, *                   |                   ,  0.04,  0.81
 0,                EI,30,  0.06,  0.01, *                   |                   ,  0.04,  0.81
 0,               UCB,30,  0.06,  0.01, *                   |                   ,  0.04,  0.81
 0,                PI,30,  0.06,  0.01, *                   |                   ,  0.04,  0.81
 0,              bonr,30,  0.06,  0.02, *                   |                   ,  0.04,  0.81
 0,                b2,20,  0.06,  0.01, *                   |                   ,  0.04,  0.81
 0,              rand,40,  0.06,  0.01, *                   |                   ,  0.04,  0.81
 0,               UCB,40,  0.06,  0.01, *                   |                   ,  0.04,  0.81
 0,                EI,40,  0.06,  0.01, *                   |                   ,  0.04,  0.81
 0,                PI,40,  0.06,  0.01, *                   |                   ,  0.04,  0.81
 0,      SimAnnealing,30,  0.06,  0.07, *---                |                   ,  0.04,  0.81
 0,      SimAnnealing,20,  0.06,  0.07, *---                |                   ,  0.04,  0.81
 0,              rand,30,  0.06,  0.02, *                   |                   ,  0.04,  0.81
 0,       progressive,30,  0.06,  0.06, *--                 |                   ,  0.04,  0.81
 0,              bonr,20,  0.06,  0.02, *                   |                   ,  0.04,  0.81
 0,    ExpProgressive,40,  0.06,  0.06, *--                 |                   ,  0.04,  0.81
 0,                b2,10,  0.07,  0.08, -*--                |                   ,  0.04,  0.81
 0,              rand,20,  0.07,  0.06, -*-                 |                   ,  0.04,  0.81
 0,              rand,10,  0.07,  0.09, -*---               |                   ,  0.04,  0.81
 0,                EI,20,  0.07,  0.02, -*                  |                   ,  0.04,  0.81
 0,               UCB,20,  0.07,  0.02, -*                  |                   ,  0.04,  0.81
#
 1,                PI,20,  0.07,  0.02, -*                  |                   ,  0.04,  0.81
 1,      SimAnnealing,10,  0.07,  0.08, -*--                |                   ,  0.04,  0.81
 1,              bonr,10,  0.07,  0.07, -*--                |                   ,  0.04,  0.81
 1,    ExpProgressive,20,  0.07,  0.08, -*--                |                   ,  0.04,  0.81
 1,    ExpProgressive,10,  0.07,  0.08, -*---               |                   ,  0.04,  0.81
 1,    ExpProgressive,30,  0.07,  0.07, -*--                |                   ,  0.04,  0.81
 1,       progressive,10,  0.11,  0.09, ---*-               |                   ,  0.04,  0.81
 1,       progressive,20,  0.11,  0.08, ---*                |                   ,  0.04,  0.81
 1,                PI,10,  0.14,  0.07,    --*-             |                   ,  0.04,  0.81
 1,                EI,10,  0.14,  0.07,    --*-             |                   ,  0.04,  0.81
 1,               UCB,10,  0.14,  0.07,    --*-             |                   ,  0.04,  0.81
#
 2,            base,2736,  0.44,  0.36,        -------------*-----              ,  0.04,  0.81
