#
 0,       progressive,60,  0.16,  0.02,   *                 |                   ,  0.12,  0.71
 0,       progressive,55,  0.16,  0.02,   *                 |                   ,  0.12,  0.71
 0,    ExpProgressive,60,  0.16,  0.02,   *-                |                   ,  0.12,  0.71
 0,       progressive,50,  0.17,  0.02,   -*                |                   ,  0.12,  0.71
 0,       progressive,45,  0.17,  0.02,   -*                |                   ,  0.12,  0.71
 0,       progressive,40,  0.17,  0.02,   -*                |                   ,  0.12,  0.71
 0,    ExpProgressive,40,  0.17,  0.07,   -*---             |                   ,  0.12,  0.71
 0,    ExpProgressive,55,  0.17,  0.02,   -*                |                   ,  0.12,  0.71
 0,                b2,55,  0.17,  0.06, ---*                |                   ,  0.12,  0.71
 0,             focus,60,  0.17,  0.02,   -*                |                   ,  0.12,  0.71
 0,       progressive,35,  0.17,  0.02,   -*                |                   ,  0.12,  0.71
 0,                b2,60,  0.17,  0.06, ---*                |                   ,  0.12,  0.71
 0,                b2,50,  0.17,  0.03,   -*                |                   ,  0.12,  0.71
 0,    ExpProgressive,45,  0.17,  0.03,   -*                |                   ,  0.12,  0.71
 0,    ExpProgressive,50,  0.17,  0.03,   -*                |                   ,  0.12,  0.71
 0,             focus,55,  0.17,  0.02,   -*                |                   ,  0.12,  0.71
 0,             focus,50,  0.17,  0.02,   -*                |                   ,  0.12,  0.71
 0,             focus,45,  0.17,  0.02,   -*                |                   ,  0.12,  0.71
 0,                EI,60,  0.17,  0.02,    *                |                   ,  0.12,  0.71
 0,         UCB_minus,60,  0.17,  0.02,    *                |                   ,  0.12,  0.71
 0,          UCB_plus,60,  0.17,  0.02,    *                |                   ,  0.12,  0.71
 0,                PI,60,  0.17,  0.02,    *                |                   ,  0.12,  0.71
 0,                PI,55,  0.17,  0.02,    *                |                   ,  0.12,  0.71
 0,          UCB_plus,55,  0.17,  0.02,    *                |                   ,  0.12,  0.71
 0,         UCB_minus,55,  0.17,  0.02,    *                |                   ,  0.12,  0.71
 0,                EI,55,  0.17,  0.02,    *                |                   ,  0.12,  0.71
 0,                b2,45,  0.17,  0.02,    *                |                   ,  0.12,  0.71
 0,                b2,35,  0.17,  0.02,    *                |                   ,  0.12,  0.71
 0,                b2,40,  0.17,  0.02,    *                |                   ,  0.12,  0.71
#
 1,                b2,30,  0.17,  0.07,    *----            |                   ,  0.12,  0.71
 1,             focus,40,  0.18,  0.02,   -*                |                   ,  0.12,  0.71
 1,                PI,45,  0.18,  0.02,    *                |                   ,  0.12,  0.71
 1,          UCB_plus,45,  0.18,  0.02,    *                |                   ,  0.12,  0.71
 1,    ExpProgressive,35,  0.18,  0.07,   -*---             |                   ,  0.12,  0.71
 1,         UCB_minus,45,  0.18,  0.02,    *                |                   ,  0.12,  0.71
 1,                EI,45,  0.18,  0.02,    *                |                   ,  0.12,  0.71
 1,              bonr,60,  0.18,  0.02,   -*                |                   ,  0.12,  0.71
 1,              rand,40,  0.18,  0.01,    *                |                   ,  0.12,  0.71
 1,              rand,50,  0.18,  0.01,    *                |                   ,  0.12,  0.71
 1,              rand,55,  0.18,  0.01,    *                |                   ,  0.12,  0.71
 1,              rand,45,  0.18,  0.01,    *                |                   ,  0.12,  0.71
 1,              rand,60,  0.18,  0.01,    *                |                   ,  0.12,  0.71
 1,              bonr,55,  0.18,  0.02,   -*                |                   ,  0.12,  0.71
 1,       progressive,30,  0.18,  0.04,   --*               |                   ,  0.12,  0.71
 1,              bonr,30,  0.18,  0.03,    -*               |                   ,  0.12,  0.71
 1,       progressive,25,  0.18,  0.03,    -*               |                   ,  0.12,  0.71
 1,              bonr,50,  0.18,  0.01,    -*               |                   ,  0.12,  0.71
 1,             focus,35,  0.18,  0.02,    -*               |                   ,  0.12,  0.71
 1,              bonr,35,  0.18,  0.02,    -*               |                   ,  0.12,  0.71
 1,              bonr,45,  0.18,  0.01,    -*               |                   ,  0.12,  0.71
 1,              bonr,40,  0.18,  0.01,    -*               |                   ,  0.12,  0.71
 1,              rand,35,  0.18,  0.01,    -*               |                   ,  0.12,  0.71
 1,              rand,30,  0.18,  0.01,    -*               |                   ,  0.12,  0.71
 1,         UCB_minus,40,  0.18,  0.01,    -*               |                   ,  0.12,  0.71
 1,          UCB_plus,40,  0.18,  0.01,    -*               |                   ,  0.12,  0.71
 1,                EI,40,  0.18,  0.01,    -*               |                   ,  0.12,  0.71
 1,                PI,40,  0.18,  0.01,    -*               |                   ,  0.12,  0.71
 1,              rand,25,  0.18,  0.02,    -*               |                   ,  0.12,  0.71
 1,             focus,25,  0.18,  0.02,    -*               |                   ,  0.12,  0.71
 1,             focus,30,  0.18,  0.02,    -*               |                   ,  0.12,  0.71
 1,                b2,25,  0.18,  0.07,    -*---            |                   ,  0.12,  0.71
 1,                PI,30,  0.18,  0.01,    -*               |                   ,  0.12,  0.71
 1,                EI,30,  0.18,  0.01,    -*               |                   ,  0.12,  0.71
 1,         UCB_minus,30,  0.18,  0.01,    -*               |                   ,  0.12,  0.71
 1,          UCB_plus,30,  0.18,  0.01,    -*               |                   ,  0.12,  0.71
 1,                PI,50,  0.18,  0.02,    -*               |                   ,  0.12,  0.71
 1,          UCB_plus,50,  0.18,  0.02,    -*               |                   ,  0.12,  0.71
 1,                EI,50,  0.18,  0.02,    -*               |                   ,  0.12,  0.71
 1,         UCB_minus,50,  0.18,  0.02,    -*               |                   ,  0.12,  0.71
 1,    ExpProgressive,25,  0.18,  0.06,    -*--             |                   ,  0.12,  0.71
 1,    ExpProgressive,30,  0.18,  0.07,   --*--             |                   ,  0.12,  0.71
 1,             focus,20,  0.19,  0.03,    -*               |                   ,  0.12,  0.71
 1,         UCB_minus,35,  0.19,  0.02,    -*               |                   ,  0.12,  0.71
 1,                EI,35,  0.19,  0.02,    -*               |                   ,  0.12,  0.71
 1,          UCB_plus,35,  0.19,  0.02,    -*               |                   ,  0.12,  0.71
 1,                PI,35,  0.19,  0.02,    -*               |                   ,  0.12,  0.71
 1,          UCB_plus,20,  0.19,  0.02,    -*               |                   ,  0.12,  0.71
 1,                PI,20,  0.19,  0.02,    -*               |                   ,  0.12,  0.71
#
 2,                EI,20,  0.19,  0.02,    -*               |                   ,  0.12,  0.71
 2,         UCB_minus,20,  0.19,  0.02,    -*               |                   ,  0.12,  0.71
 2,                EI,25,  0.19,  0.02,    -*               |                   ,  0.12,  0.71
 2,          UCB_plus,25,  0.19,  0.02,    -*               |                   ,  0.12,  0.71
 2,         UCB_minus,25,  0.19,  0.02,    -*               |                   ,  0.12,  0.71
 2,                PI,25,  0.19,  0.02,    -*               |                   ,  0.12,  0.71
 2,             focus,15,  0.19,  0.03,    -*               |                   ,  0.12,  0.71
 2,              bonr,25,  0.19,  0.03,    -*               |                   ,  0.12,  0.71
 2,              bonr,20,  0.19,  0.02,    -*               |                   ,  0.12,  0.71
 2,              bonr,15,  0.19,  0.03,     *-              |                   ,  0.12,  0.71
 2,              rand,20,  0.19,  0.02,    -*               |                   ,  0.12,  0.71
 2,       progressive,20,  0.19,  0.08,     *----           |                   ,  0.12,  0.71
#
 3,              bonr,10,  0.19,  0.02,     -*              |                   ,  0.12,  0.71
 3,              rand,15,  0.19,  0.06,     -*--            |                   ,  0.12,  0.71
 3,          UCB_plus,15,  0.19,  0.02,     -*              |                   ,  0.12,  0.71
 3,         UCB_minus,15,  0.19,  0.02,     -*              |                   ,  0.12,  0.71
 3,                EI,15,  0.19,  0.02,     -*              |                   ,  0.12,  0.71
 3,                PI,15,  0.19,  0.02,     -*              |                   ,  0.12,  0.71
#
 4,                PI,10,  0.19,  0.07,     -*---           |                   ,  0.12,  0.71
 4,                EI,10,  0.19,  0.07,     -*---           |                   ,  0.12,  0.71
 4,         UCB_minus,10,  0.19,  0.07,     -*---           |                   ,  0.12,  0.71
 4,          UCB_plus,10,  0.19,  0.07,     -*---           |                   ,  0.12,  0.71
 4,             focus,10,  0.19,  0.05,     -*-             |                   ,  0.12,  0.71
 4,       progressive,10,  0.19,  0.08,     -*---           |                   ,  0.12,  0.71
 4,       progressive,15,  0.19,  0.08,     -*---           |                   ,  0.12,  0.71
 4,                b2,20,  0.20,  0.07,    --*--            |                   ,  0.12,  0.71
 4,                b2,15,  0.20,  0.07,    --*--            |                   ,  0.12,  0.71
 4,              rand,10,  0.20,  0.06,     -*--            |                   ,  0.12,  0.71
 4,    ExpProgressive,20,  0.20,  0.08,     -*---           |                   ,  0.12,  0.71
 4,                b2,10,  0.20,  0.08,     -*---           |                   ,  0.12,  0.71
 4,    ExpProgressive,10,  0.21,  0.07,      -*--           |                   ,  0.12,  0.71
 4,    ExpProgressive,15,  0.21,  0.07,      -*--           |                   ,  0.12,  0.71
#
 5,        baseline,3008,  0.41,  0.24,           ----------*-----              ,  0.12,  0.71
