#
 0,              rand,40,  0.01,  0.02, *                   |                   ,  0.00,  0.71
 0,                PI,40,  0.01,  0.02, *                   |                   ,  0.00,  0.71
 0,              bonr,40,  0.02,  0.03, *                   |                   ,  0.00,  0.71
 0,               UCB,40,  0.02,  0.02, *                   |                   ,  0.00,  0.71
 0,                EI,40,  0.02,  0.02, *                   |                   ,  0.00,  0.71
#
 1,       progressive,40,  0.02,  0.03, *                   |                   ,  0.00,  0.71
 1,                PI,15,  0.02,  0.01, -*                  |                   ,  0.00,  0.71
 1,    ExpProgressive,40,  0.03,  0.04, -*                  |                   ,  0.00,  0.71
 1,                EI,15,  0.03,  0.02,  *                  |                   ,  0.00,  0.71
 1,               UCB,15,  0.03,  0.01,  *                  |                   ,  0.00,  0.71
 1,                UCB,9,  0.03,  0.06, -*-                 |                   ,  0.00,  0.71
 1,                 PI,9,  0.03,  0.05, -*                  |                   ,  0.00,  0.71
 1,      SimAnnealing,40,  0.03,  0.04, -*                  |                   ,  0.00,  0.71
 1,              rand,15,  0.03,  0.03, -*                  |                   ,  0.00,  0.71
 1,                 EI,9,  0.03,  0.05, -*                  |                   ,  0.00,  0.71
 1,               rand,9,  0.03,  0.03, -*                  |                   ,  0.00,  0.71
 1,      SimAnnealing,15,  0.03,  0.05, -*                  |                   ,  0.00,  0.71
 1,               bonr,9,  0.03,  0.04, -*                  |                   ,  0.00,  0.71
 1,                b2,15,  0.03,  0.04, -*                  |                   ,  0.00,  0.71
 1,                b2,40,  0.03,  0.04, -*                  |                   ,  0.00,  0.71
#
 2,              bonr,15,  0.03,  0.03, -*                  |                   ,  0.00,  0.71
 2,                 b2,9,  0.03,  0.05, -*-                 |                   ,  0.00,  0.71
 2,       SimAnnealing,9,  0.04,  0.03,  -*                 |                   ,  0.00,  0.71
 2,    ExpProgressive,15,  0.04,  0.04,  -*                 |                   ,  0.00,  0.71
 2,        progressive,9,  0.04,  0.03,  -*                 |                   ,  0.00,  0.71
 2,     ExpProgressive,9,  0.04,  0.03,  -*                 |                   ,  0.00,  0.71
 2,       progressive,15,  0.05,  0.05, --*                 |                   ,  0.00,  0.71
#
 3,            base,3840,  0.12,  0.30,      -*-------------|-                  ,  0.00,  0.71
