#
 0,      SimAnnealing,40,  0.24,  0.00, *                   |                   ,  0.23,  0.71
 0,              bonr,40,  0.24,  0.01, *                   |                   ,  0.23,  0.71
 0,    ExpProgressive,40,  0.24,  0.01, *                   |                   ,  0.23,  0.71
 0,       progressive,40,  0.24,  0.01, *                   |                   ,  0.23,  0.71
 0,              rand,40,  0.25,  0.01, -*                  |                   ,  0.23,  0.71
#
 1,       progressive,15,  0.25,  0.01,  *                  |                   ,  0.23,  0.71
 1,              rand,15,  0.25,  0.03, -*                  |                   ,  0.23,  0.71
 1,    ExpProgressive,15,  0.25,  0.01,  *                  |                   ,  0.23,  0.71
 1,               UCB,40,  0.25,  0.01,  *                  |                   ,  0.23,  0.71
 1,                PI,40,  0.25,  0.01,  *                  |                   ,  0.23,  0.71
 1,                EI,40,  0.25,  0.01,  *                  |                   ,  0.23,  0.71
 1,              bonr,15,  0.25,  0.01,  *                  |                   ,  0.23,  0.71
 1,      SimAnnealing,15,  0.25,  0.01,  *                  |                   ,  0.23,  0.71
 1,                PI,15,  0.25,  0.02,  *                  |                   ,  0.23,  0.71
#
 2,                EI,15,  0.25,  0.02,  *                  |                   ,  0.23,  0.71
 2,               UCB,15,  0.25,  0.02,  *                  |                   ,  0.23,  0.71
 2,       SimAnnealing,9,  0.26,  0.04,  -*--               |                   ,  0.23,  0.71
#
 3,                b2,40,  0.26,  0.20,  -*--------------   |                   ,  0.23,  0.71
 3,                 EI,9,  0.26,  0.05,  -*--               |                   ,  0.23,  0.71
 3,                UCB,9,  0.26,  0.05,  -*--               |                   ,  0.23,  0.71
 3,                 PI,9,  0.26,  0.05,  -*--               |                   ,  0.23,  0.71
 3,               bonr,9,  0.26,  0.03,   *--               |                   ,  0.23,  0.71
 3,               rand,9,  0.27,  0.06,  -*---              |                   ,  0.23,  0.71
 3,                b2,15,  0.27,  0.19,  --*-------------   |                   ,  0.23,  0.71
 3,                 b2,9,  0.28,  0.19,  ---*------------   |                   ,  0.23,  0.71
 3,        progressive,9,  0.29,  0.08,   --*----           |                   ,  0.23,  0.71
 3,     ExpProgressive,9,  0.29,  0.08,   --*----           |                   ,  0.23,  0.71
#
 4,            base,4608,  0.45,  0.31,        -----------*-|-----------        ,  0.23,  0.71
