#
 0,    ExpProgressive,60,  0.21,  0.05,     -*-             |                   ,  0.09,  0.90
 0,    ExpProgressive,55,  0.21,  0.07,     -*-             |                   ,  0.09,  0.90
 0,    ExpProgressive,50,  0.21,  0.07,     -*-             |                   ,  0.09,  0.90
 0,       progressive,60,  0.21,  0.06,     -*-             |                   ,  0.09,  0.90
 0,                b2,60,  0.21,  0.09,     --*--           |                   ,  0.09,  0.90
 0,                b2,55,  0.22,  0.09,     --*--           |                   ,  0.09,  0.90
 0,       progressive,55,  0.22,  0.06,     --*             |                   ,  0.09,  0.90
 0,       progressive,50,  0.22,  0.06,     --*             |                   ,  0.09,  0.90
 0,                b2,45,  0.22,  0.09,     --*--           |                   ,  0.09,  0.90
 0,                b2,50,  0.22,  0.09,     --*--           |                   ,  0.09,  0.90
 0,              bonr,60,  0.23,  0.08,     --*-            |                   ,  0.09,  0.90
 0,              bonr,55,  0.23,  0.08,     --*-            |                   ,  0.09,  0.90
 0,    ExpProgressive,45,  0.23,  0.08,     --*-            |                   ,  0.09,  0.90
 0,              bonr,50,  0.23,  0.07,      -*-            |                   ,  0.09,  0.90
#
 1,       progressive,45,  0.23,  0.05,      --*            |                   ,  0.09,  0.90
 1,    ExpProgressive,40,  0.25,  0.10,      --*--          |                   ,  0.09,  0.90
 1,              bonr,45,  0.25,  0.09,      --*-           |                   ,  0.09,  0.90
 1,             focus,60,  0.26,  0.05,       --*           |                   ,  0.09,  0.90
 1,    ExpProgressive,35,  0.26,  0.07,        -*-          |                   ,  0.09,  0.90
 1,       progressive,30,  0.26,  0.08,       --*-          |                   ,  0.09,  0.90
 1,       progressive,40,  0.26,  0.07,       --*-          |                   ,  0.09,  0.90
 1,             focus,55,  0.26,  0.05,       --*           |                   ,  0.09,  0.90
 1,             focus,50,  0.26,  0.05,       --*           |                   ,  0.09,  0.90
 1,                b2,35,  0.26,  0.08,      ---*           |                   ,  0.09,  0.90
 1,                b2,40,  0.26,  0.08,      ---*           |                   ,  0.09,  0.90
 1,                b2,30,  0.26,  0.08,       --*-          |                   ,  0.09,  0.90
 1,              bonr,40,  0.27,  0.10,      ---*-          |                   ,  0.09,  0.90
 1,       progressive,35,  0.27,  0.05,        -*           |                   ,  0.09,  0.90
#
 2,                b2,25,  0.27,  0.08,       ---*          |                   ,  0.09,  0.90
 2,             focus,45,  0.27,  0.04,         -*          |                   ,  0.09,  0.90
 2,             focus,40,  0.28,  0.04,         -*          |                   ,  0.09,  0.90
 2,             focus,35,  0.28,  0.05,         -*          |                   ,  0.09,  0.90
 2,    ExpProgressive,30,  0.28,  0.08,        --*-         |                   ,  0.09,  0.90
 2,              bonr,35,  0.28,  0.06,        --*          |                   ,  0.09,  0.90
 2,    ExpProgressive,25,  0.28,  0.06,         -*-         |                   ,  0.09,  0.90
 2,              bonr,30,  0.28,  0.07,        --*-         |                   ,  0.09,  0.90
 2,             focus,30,  0.29,  0.06,         -*-         |                   ,  0.09,  0.90
 2,                EI,60,  0.29,  0.06,         -*-         |                   ,  0.09,  0.90
 2,          UCB_plus,60,  0.29,  0.06,         -*-         |                   ,  0.09,  0.90
 2,                PI,60,  0.29,  0.06,         -*-         |                   ,  0.09,  0.90
 2,         UCB_minus,60,  0.29,  0.06,         -*-         |                   ,  0.09,  0.90
 2,       progressive,25,  0.29,  0.11,       ----*         |                   ,  0.09,  0.90
 2,                b2,20,  0.29,  0.05,         --*         |                   ,  0.09,  0.90
 2,          UCB_plus,55,  0.30,  0.06,         --*         |                   ,  0.09,  0.90
 2,         UCB_minus,55,  0.30,  0.06,         --*         |                   ,  0.09,  0.90
 2,                EI,55,  0.30,  0.06,         --*         |                   ,  0.09,  0.90
 2,                PI,55,  0.30,  0.06,         --*         |                   ,  0.09,  0.90
 2,              bonr,25,  0.30,  0.07,         --*         |                   ,  0.09,  0.90
 2,         UCB_minus,35,  0.30,  0.07,         --*-        |                   ,  0.09,  0.90
 2,                EI,35,  0.30,  0.07,         --*-        |                   ,  0.09,  0.90
 2,                PI,35,  0.30,  0.07,         --*-        |                   ,  0.09,  0.90
 2,          UCB_plus,35,  0.30,  0.07,         --*-        |                   ,  0.09,  0.90
 2,         UCB_minus,50,  0.30,  0.05,         --*         |                   ,  0.09,  0.90
 2,                EI,50,  0.30,  0.05,         --*         |                   ,  0.09,  0.90
#
 3,                PI,50,  0.30,  0.05,         --*         |                   ,  0.09,  0.90
 3,          UCB_plus,50,  0.30,  0.05,         --*         |                   ,  0.09,  0.90
 3,             focus,25,  0.30,  0.07,          -*-        |                   ,  0.09,  0.90
 3,                EI,40,  0.30,  0.08,         --*-        |                   ,  0.09,  0.90
 3,         UCB_minus,40,  0.30,  0.08,         --*-        |                   ,  0.09,  0.90
 3,          UCB_plus,40,  0.30,  0.08,         --*-        |                   ,  0.09,  0.90
 3,                PI,40,  0.30,  0.08,         --*-        |                   ,  0.09,  0.90
 3,              rand,55,  0.31,  0.08,        ---*-        |                   ,  0.09,  0.90
 3,          UCB_plus,45,  0.31,  0.07,          -*-        |                   ,  0.09,  0.90
 3,                PI,45,  0.31,  0.07,          -*-        |                   ,  0.09,  0.90
 3,         UCB_minus,45,  0.31,  0.07,          -*-        |                   ,  0.09,  0.90
 3,                EI,45,  0.31,  0.07,          -*-        |                   ,  0.09,  0.90
 3,              rand,60,  0.31,  0.08,         --*-        |                   ,  0.09,  0.90
 3,                b2,15,  0.31,  0.04,           *-        |                   ,  0.09,  0.90
 3,             focus,20,  0.31,  0.07,          --*        |                   ,  0.09,  0.90
 3,       progressive,20,  0.32,  0.07,          --*        |                   ,  0.09,  0.90
 3,              rand,45,  0.32,  0.09,        ----*        |                   ,  0.09,  0.90
 3,              rand,50,  0.32,  0.09,        ----*        |                   ,  0.09,  0.90
 3,              bonr,20,  0.32,  0.08,         ---*        |                   ,  0.09,  0.90
 3,              rand,40,  0.32,  0.07,          --*        |                   ,  0.09,  0.90
 3,                EI,30,  0.33,  0.06,           -*-       |                   ,  0.09,  0.90
 3,          UCB_plus,30,  0.33,  0.06,           -*-       |                   ,  0.09,  0.90
 3,         UCB_minus,30,  0.33,  0.06,           -*-       |                   ,  0.09,  0.90
 3,                PI,30,  0.33,  0.06,           -*-       |                   ,  0.09,  0.90
 3,              rand,35,  0.33,  0.07,          ---*       |                   ,  0.09,  0.90
 3,              rand,30,  0.33,  0.07,          ---*       |                   ,  0.09,  0.90
#
 4,    ExpProgressive,20,  0.34,  0.04,           --*       |                   ,  0.09,  0.90
 4,       progressive,15,  0.34,  0.08,            -*--     |                   ,  0.09,  0.90
 4,              rand,25,  0.34,  0.07,            -*-      |                   ,  0.09,  0.90
 4,              bonr,15,  0.34,  0.06,           --*       |                   ,  0.09,  0.90
 4,                EI,20,  0.34,  0.07,           --*       |                   ,  0.09,  0.90
 4,                PI,20,  0.34,  0.07,           --*       |                   ,  0.09,  0.90
 4,          UCB_plus,20,  0.34,  0.07,           --*       |                   ,  0.09,  0.90
 4,         UCB_minus,20,  0.34,  0.07,           --*       |                   ,  0.09,  0.90
 4,             focus,15,  0.34,  0.07,           --*       |                   ,  0.09,  0.90
 4,                b2,10,  0.34,  0.06,            -*-      |                   ,  0.09,  0.90
 4,    ExpProgressive,15,  0.35,  0.08,           --*-      |                   ,  0.09,  0.90
 4,                EI,15,  0.35,  0.06,            -*-      |                   ,  0.09,  0.90
 4,                PI,15,  0.35,  0.06,            -*-      |                   ,  0.09,  0.90
 4,          UCB_plus,15,  0.35,  0.06,            -*-      |                   ,  0.09,  0.90
 4,         UCB_minus,15,  0.35,  0.06,            -*-      |                   ,  0.09,  0.90
 4,                EI,25,  0.35,  0.06,           ---*      |                   ,  0.09,  0.90
 4,                PI,25,  0.35,  0.06,           ---*      |                   ,  0.09,  0.90
 4,         UCB_minus,10,  0.35,  0.09,            --*-     |                   ,  0.09,  0.90
 4,         UCB_minus,25,  0.35,  0.06,           ---*      |                   ,  0.09,  0.90
 4,          UCB_plus,10,  0.35,  0.09,            --*-     |                   ,  0.09,  0.90
 4,                PI,10,  0.35,  0.09,            --*-     |                   ,  0.09,  0.90
 4,                EI,10,  0.35,  0.09,            --*-     |                   ,  0.09,  0.90
#
 5,          UCB_plus,25,  0.35,  0.06,           ---*      |                   ,  0.09,  0.90
 5,              rand,20,  0.36,  0.06,            --*      |                   ,  0.09,  0.90
#
 6,              rand,15,  0.38,  0.06,            ---*     |                   ,  0.09,  0.90
 6,             focus,10,  0.39,  0.05,             --*     |                   ,  0.09,  0.90
 6,              rand,10,  0.39,  0.07,             --*-    |                   ,  0.09,  0.90
#
 7,              bonr,10,  0.41,  0.10,             ---*-   |                   ,  0.09,  0.90
 7,       progressive,10,  0.42,  0.07,              ---*   |                   ,  0.09,  0.90
 7,    ExpProgressive,10,  0.42,  0.07,              ---*   |                   ,  0.09,  0.90
#
 8,       baseline,65536,  0.52,  0.15,                  ---*---                ,  0.09,  0.90
