#
 0,      SimAnnealing,40,  0.04,  0.03,  *                  |                   ,  0.00,  1.00
 0,      SimAnnealing,30,  0.06,  0.04,  -*                 |                   ,  0.00,  1.00
#
 1,      SimAnnealing,20,  0.06,  0.11,  -*---              |                   ,  0.00,  1.00
#
 2,    ExpProgressive,40,  0.20,  0.02,        *            |                   ,  0.00,  1.00
 2,       progressive,40,  0.20,  0.02,        *            |                   ,  0.00,  1.00
#
 3,              bonr,40,  0.20,  0.06,       -*            |                   ,  0.00,  1.00
 3,                b2,40,  0.20,  0.15,        -*----       |                   ,  0.00,  1.00
 3,    ExpProgressive,30,  0.20,  0.03,        -*           |                   ,  0.00,  1.00
 3,                b2,20,  0.21,  0.17,        -*-----      |                   ,  0.00,  1.00
 3,                b2,30,  0.21,  0.17,        -*-----      |                   ,  0.00,  1.00
 3,       progressive,30,  0.22,  0.03,         *           |                   ,  0.00,  1.00
 3,              bonr,30,  0.22,  0.04,        -*           |                   ,  0.00,  1.00
#
 4,               UCB,40,  0.22,  0.04,         *-          |                   ,  0.00,  1.00
 4,                EI,40,  0.22,  0.04,         *-          |                   ,  0.00,  1.00
 4,                PI,40,  0.22,  0.04,         *-          |                   ,  0.00,  1.00
 4,              rand,40,  0.23,  0.05,         -*          |                   ,  0.00,  1.00
 4,              rand,30,  0.23,  0.05,         -*          |                   ,  0.00,  1.00
 4,                EI,30,  0.23,  0.12,         -*---       |                   ,  0.00,  1.00
 4,               UCB,30,  0.23,  0.12,         -*---       |                   ,  0.00,  1.00
 4,                PI,30,  0.23,  0.12,         -*---       |                   ,  0.00,  1.00
 4,                EI,20,  0.24,  0.16,         -*-----     |                   ,  0.00,  1.00
 4,               UCB,20,  0.24,  0.16,         -*-----     |                   ,  0.00,  1.00
 4,                PI,20,  0.24,  0.16,         -*-----     |                   ,  0.00,  1.00
 4,      SimAnnealing,10,  0.24,  0.27,     -----*-----     |                   ,  0.00,  1.00
 4,    ExpProgressive,20,  0.24,  0.17,         -*-----     |                   ,  0.00,  1.00
 4,              bonr,20,  0.25,  0.17,         -*-----     |                   ,  0.00,  1.00
 4,              rand,20,  0.25,  0.10,         --*-        |                   ,  0.00,  1.00
#
 5,       progressive,20,  0.25,  0.17,         --*----     |                   ,  0.00,  1.00
 5,                b2,10,  0.36,  0.17,         ------*     |                   ,  0.00,  1.00
 5,              rand,10,  0.37,  0.16,          -----*-    |                   ,  0.00,  1.00
 5,                PI,10,  0.39,  0.16,           -----*    |                   ,  0.00,  1.00
 5,                EI,10,  0.39,  0.16,           -----*    |                   ,  0.00,  1.00
 5,               UCB,10,  0.39,  0.16,           -----*    |                   ,  0.00,  1.00
 5,    ExpProgressive,10,  0.39,  0.16,           -----*    |                   ,  0.00,  1.00
 5,       progressive,10,  0.39,  0.16,           -----*    |                   ,  0.00,  1.00
 5,              bonr,10,  0.39,  0.16,           -----*    |                   ,  0.00,  1.00
#
 6,           base,86058,  0.53,  0.28,                  ---|*-------           ,  0.00,  1.00
