#
 0,    ExpProgressive,40,  0.00,  0.00, *                   |                   ,  0.00,  1.00
 0,              bonr,40,  0.00,  0.00, *                   |                   ,  0.00,  1.00
 0,    ExpProgressive,30,  0.00,  0.00, *                   |                   ,  0.00,  1.00
#
 1,      SimAnnealing,40,  0.00,  0.00, *                   |                   ,  0.00,  1.00
 1,              bonr,30,  0.00,  0.00, *                   |                   ,  0.00,  1.00
 1,               UCB,40,  0.00,  0.00, *                   |                   ,  0.00,  1.00
 1,                EI,40,  0.00,  0.00, *                   |                   ,  0.00,  1.00
#
 2,                PI,40,  0.00,  0.00, *                   |                   ,  0.00,  1.00
 2,                EI,20,  0.00,  0.00, *                   |                   ,  0.00,  1.00
 2,      SimAnnealing,30,  0.00,  0.01, *                   |                   ,  0.00,  1.00
 2,    ExpProgressive,20,  0.00,  0.00, *                   |                   ,  0.00,  1.00
 2,              bonr,20,  0.00,  0.00, *                   |                   ,  0.00,  1.00
 2,               UCB,20,  0.00,  0.00, *                   |                   ,  0.00,  1.00
 2,                PI,20,  0.00,  0.00, *                   |                   ,  0.00,  1.00
 2,                EI,30,  0.00,  0.00, *                   |                   ,  0.00,  1.00
 2,              rand,40,  0.00,  0.00, *                   |                   ,  0.00,  1.00
#
 3,               UCB,30,  0.00,  0.00, *                   |                   ,  0.00,  1.00
 3,                b2,40,  0.00,  0.01, *                   |                   ,  0.00,  1.00
 3,              rand,30,  0.00,  0.00, *                   |                   ,  0.00,  1.00
 3,                PI,30,  0.00,  0.00, *                   |                   ,  0.00,  1.00
 3,              rand,20,  0.00,  0.01, *                   |                   ,  0.00,  1.00
 3,                PI,10,  0.00,  0.01, *                   |                   ,  0.00,  1.00
 3,                b2,30,  0.00,  0.01, *                   |                   ,  0.00,  1.00
 3,                EI,10,  0.00,  0.01, *                   |                   ,  0.00,  1.00
 3,               UCB,10,  0.00,  0.01, *                   |                   ,  0.00,  1.00
 3,      SimAnnealing,20,  0.01,  0.01, *                   |                   ,  0.00,  1.00
 3,                b2,20,  0.01,  0.01, *                   |                   ,  0.00,  1.00
 3,    ExpProgressive,10,  0.01,  0.01, *                   |                   ,  0.00,  1.00
#
 4,              bonr,10,  0.01,  0.05, *-                  |                   ,  0.00,  1.00
 4,              rand,10,  0.01,  0.06, *-                  |                   ,  0.00,  1.00
 4,      SimAnnealing,10,  0.01,  0.06, *-                  |                   ,  0.00,  1.00
 4,                b2,10,  0.05,  0.21, --*-----            |                   ,  0.00,  1.00
#
 5,             base,196,  0.26,  0.19,       ----*--       |                   ,  0.00,  1.00
