#
 0,    ExpProgressive,40,  0.00,  0.00, *                   |                   ,  0.00,  1.00
 0,       progressive,40,  0.00,  0.00, *                   |                   ,  0.00,  1.00
 0,              bonr,40,  0.00,  0.00, *                   |                   ,  0.00,  1.00
 0,               UCB,40,  0.00,  0.00, *                   |                   ,  0.00,  1.00
 0,                EI,40,  0.00,  0.00, *                   |                   ,  0.00,  1.00
 0,       progressive,30,  0.00,  0.00, *                   |                   ,  0.00,  1.00
 0,                PI,40,  0.00,  0.00, *                   |                   ,  0.00,  1.00
 0,    ExpProgressive,30,  0.00,  0.00, *                   |                   ,  0.00,  1.00
 0,              bonr,30,  0.00,  0.00, *                   |                   ,  0.00,  1.00
 0,              rand,40,  0.00,  0.00, *                   |                   ,  0.00,  1.00
 0,                EI,20,  0.00,  0.00, *                   |                   ,  0.00,  1.00
 0,      SimAnnealing,30,  0.00,  0.00, *                   |                   ,  0.00,  1.00
 0,    ExpProgressive,20,  0.00,  0.01, *                   |                   ,  0.00,  1.00
 0,      SimAnnealing,40,  0.00,  0.00, *                   |                   ,  0.00,  1.00
 0,                b2,40,  0.00,  0.01, *                   |                   ,  0.00,  1.00
 0,              rand,30,  0.00,  0.00, *                   |                   ,  0.00,  1.00
#
 1,               UCB,20,  0.00,  0.00, *                   |                   ,  0.00,  1.00
 1,                PI,20,  0.00,  0.00, *                   |                   ,  0.00,  1.00
 1,                EI,30,  0.00,  0.00, *                   |                   ,  0.00,  1.00
 1,               UCB,30,  0.00,  0.00, *                   |                   ,  0.00,  1.00
 1,              bonr,20,  0.00,  0.00, *                   |                   ,  0.00,  1.00
 1,       progressive,20,  0.00,  0.01, *                   |                   ,  0.00,  1.00
 1,                PI,30,  0.00,  0.00, *                   |                   ,  0.00,  1.00
 1,              rand,20,  0.00,  0.01, *                   |                   ,  0.00,  1.00
 1,                b2,30,  0.00,  0.01, *                   |                   ,  0.00,  1.00
 1,                b2,20,  0.00,  0.01, *                   |                   ,  0.00,  1.00
 1,                PI,10,  0.00,  0.01, *                   |                   ,  0.00,  1.00
 1,      SimAnnealing,20,  0.00,  0.01, *                   |                   ,  0.00,  1.00
 1,                EI,10,  0.00,  0.01, *                   |                   ,  0.00,  1.00
 1,               UCB,10,  0.00,  0.01, *                   |                   ,  0.00,  1.00
 1,    ExpProgressive,10,  0.00,  0.03, *                   |                   ,  0.00,  1.00
 1,              bonr,10,  0.00,  0.03, *                   |                   ,  0.00,  1.00
 1,       progressive,10,  0.01,  0.03, *                   |                   ,  0.00,  1.00
#
 2,              rand,10,  0.01,  0.05, *                   |                   ,  0.00,  1.00
 2,      SimAnnealing,10,  0.01,  0.04, *                   |                   ,  0.00,  1.00
 2,                b2,10,  0.01,  0.14, *----               |                   ,  0.00,  1.00
#
 3,             base,196,  0.25,  0.20,      -----*---      |                   ,  0.00,  1.00
