#
 0,                PI,40,  0.00,  0.01, *                   |                   ,  0.00,  1.00
 0,              rand,40,  0.00,  0.00, *                   |                   ,  0.00,  1.00
 0,               UCB,40,  0.00,  0.01, *                   |                   ,  0.00,  1.00
 0,                EI,40,  0.00,  0.01, *                   |                   ,  0.00,  1.00
#
 1,      SimAnnealing,40,  0.01,  0.07, *-                  |                   ,  0.00,  1.00
 1,               UCB,15,  0.01,  0.01, *                   |                   ,  0.00,  1.00
 1,                b2,40,  0.01,  0.07, *-                  |                   ,  0.00,  1.00
 1,                PI,15,  0.01,  0.06, *-                  |                   ,  0.00,  1.00
 1,              bonr,40,  0.01,  0.06, *-                  |                   ,  0.00,  1.00
 1,      SimAnnealing,15,  0.01,  0.10, *---                |                   ,  0.00,  1.00
 1,                EI,15,  0.01,  0.02, *                   |                   ,  0.00,  1.00
 1,              rand,15,  0.01,  0.05, *                   |                   ,  0.00,  1.00
#
 2,                 EI,9,  0.02,  0.04, *                   |                   ,  0.00,  1.00
 2,                UCB,9,  0.02,  0.04, *                   |                   ,  0.00,  1.00
 2,               rand,9,  0.02,  0.07, *-                  |                   ,  0.00,  1.00
 2,                 PI,9,  0.02,  0.05, *-                  |                   ,  0.00,  1.00
 2,              bonr,15,  0.02,  0.07, *--                 |                   ,  0.00,  1.00
#
 3,    ExpProgressive,40,  0.05,  0.05, --*                 |                   ,  0.00,  1.00
 3,       progressive,40,  0.05,  0.08, --*                 |                   ,  0.00,  1.00
 3,       SimAnnealing,9,  0.05,  0.11, --*-                |                   ,  0.00,  1.00
#
 4,               bonr,9,  0.06,  0.11, --*-                |                   ,  0.00,  1.00
 4,    ExpProgressive,15,  0.08,  0.08, ---*                |                   ,  0.00,  1.00
 4,                b2,15,  0.08,  0.10, ---*                |                   ,  0.00,  1.00
 4,     ExpProgressive,9,  0.08,  0.09, ---*                |                   ,  0.00,  1.00
 4,       progressive,15,  0.08,  0.11, ---*                |                   ,  0.00,  1.00
 4,        progressive,9,  0.08,  0.11, ---*                |                   ,  0.00,  1.00
 4,                 b2,9,  0.08,  0.11, ---*                |                   ,  0.00,  1.00
#
 5,            base,2880,  0.26,  0.32,     ------*------   |                   ,  0.00,  1.00
