#
 0,              bonr,40,  0.12,  0.04,  -*-                |                   ,  0.07,  0.83
 0,      SimAnnealing,40,  0.12,  0.03,   *                 |                   ,  0.07,  0.83
 0,                b2,40,  0.13,  0.04,  --*                |                   ,  0.07,  0.83
#
 1,    ExpProgressive,40,  0.14,  0.03,    *                |                   ,  0.07,  0.83
 1,       progressive,40,  0.14,  0.03,    *                |                   ,  0.07,  0.83
 1,              rand,40,  0.14,  0.06,   -*-               |                   ,  0.07,  0.83
 1,                b2,15,  0.15,  0.05,    -*-              |                   ,  0.07,  0.83
#
 2,                PI,40,  0.16,  0.05,    -*-              |                   ,  0.07,  0.83
 2,                EI,40,  0.16,  0.03,     *-              |                   ,  0.07,  0.83
#
 3,               UCB,40,  0.16,  0.03,     *-              |                   ,  0.07,  0.83
 3,      SimAnnealing,15,  0.19,  0.05,     --*             |                   ,  0.07,  0.83
 3,    ExpProgressive,15,  0.19,  0.09,    ---*-            |                   ,  0.07,  0.83
 3,       progressive,15,  0.19,  0.06,    ---*             |                   ,  0.07,  0.83
 3,              bonr,15,  0.19,  0.09,     --*--           |                   ,  0.07,  0.83
 3,              rand,15,  0.19,  0.12,    ---*--           |                   ,  0.07,  0.83
 3,                PI,15,  0.19,  0.05,      -*-            |                   ,  0.07,  0.83
#
 4,                EI,15,  0.19,  0.05,      -*-            |                   ,  0.07,  0.83
 4,               UCB,15,  0.19,  0.05,      -*-            |                   ,  0.07,  0.83
 4,                 b2,9,  0.20,  0.08,     --*-            |                   ,  0.07,  0.83
 4,       SimAnnealing,9,  0.21,  0.08,     ---*-           |                   ,  0.07,  0.83
 4,     ExpProgressive,9,  0.21,  0.09,     ---*-           |                   ,  0.07,  0.83
 4,                 EI,9,  0.22,  0.08,       -*--          |                   ,  0.07,  0.83
 4,                UCB,9,  0.22,  0.08,       -*--          |                   ,  0.07,  0.83
 4,                 PI,9,  0.22,  0.08,       -*--          |                   ,  0.07,  0.83
 4,               rand,9,  0.22,  0.11,     ---*-           |                   ,  0.07,  0.83
 4,               bonr,9,  0.22,  0.14,      --*----        |                   ,  0.07,  0.83
 4,        progressive,9,  0.22,  0.12,      --*----        |                   ,  0.07,  0.83
#
 5,           base,10000,  0.36,  0.17,            ----*----|                   ,  0.07,  0.83
