#
 0,             focus,60,  0.05,  0.04,  -*                 |                   ,  0.01,  0.82
 0,              bonr,55,  0.05,  0.03,  -*                 |                   ,  0.01,  0.82
 0,              bonr,60,  0.05,  0.03,  -*                 |                   ,  0.01,  0.82
 0,                b2,55,  0.05,  0.03,  -*                 |                   ,  0.01,  0.82
 0,                b2,60,  0.05,  0.03,  -*                 |                   ,  0.01,  0.82
 0,       progressive,60,  0.05,  0.03,  -*                 |                   ,  0.01,  0.82
 0,              bonr,50,  0.05,  0.04,  -*                 |                   ,  0.01,  0.82
 0,       progressive,55,  0.05,  0.03,  -*                 |                   ,  0.01,  0.82
 0,              bonr,45,  0.05,  0.04,  -*                 |                   ,  0.01,  0.82
 0,             focus,55,  0.05,  0.04,  -*                 |                   ,  0.01,  0.82
 0,                b2,50,  0.05,  0.03,  -*                 |                   ,  0.01,  0.82
 0,                b2,45,  0.06,  0.03,  -*                 |                   ,  0.01,  0.82
 0,                b2,30,  0.06,  0.04,  -*                 |                   ,  0.01,  0.82
 0,                b2,35,  0.06,  0.03,  -*                 |                   ,  0.01,  0.82
 0,                b2,40,  0.06,  0.04,  -*                 |                   ,  0.01,  0.82
 0,       progressive,50,  0.06,  0.04,  -*                 |                   ,  0.01,  0.82
 0,    ExpProgressive,55,  0.06,  0.04,  -*                 |                   ,  0.01,  0.82
 0,    ExpProgressive,60,  0.06,  0.04,  -*                 |                   ,  0.01,  0.82
 0,    ExpProgressive,50,  0.06,  0.05,  -*                 |                   ,  0.01,  0.82
 0,       progressive,45,  0.07,  0.05,  -*                 |                   ,  0.01,  0.82
 0,       progressive,40,  0.07,  0.05,  -*                 |                   ,  0.01,  0.82
 0,    ExpProgressive,45,  0.07,  0.05,  -*                 |                   ,  0.01,  0.82
 0,                b2,25,  0.07,  0.04,  --*                |                   ,  0.01,  0.82
 0,                b2,20,  0.07,  0.05,   -*                |                   ,  0.01,  0.82
 0,    ExpProgressive,40,  0.07,  0.05,  --*                |                   ,  0.01,  0.82
 0,       progressive,35,  0.07,  0.06,  --*                |                   ,  0.01,  0.82
 0,                EI,60,  0.07,  0.02,   -*                |                   ,  0.01,  0.82
#
 1,         UCB_minus,60,  0.07,  0.02,   -*                |                   ,  0.01,  0.82
 1,          UCB_plus,60,  0.07,  0.02,   -*                |                   ,  0.01,  0.82
 1,             focus,50,  0.07,  0.05,  --*                |                   ,  0.01,  0.82
 1,             focus,45,  0.07,  0.04,   -*                |                   ,  0.01,  0.82
 1,                PI,60,  0.07,  0.02,   -*                |                   ,  0.01,  0.82
 1,    ExpProgressive,35,  0.07,  0.03,   -*                |                   ,  0.01,  0.82
 1,                EI,55,  0.07,  0.03,   -*                |                   ,  0.01,  0.82
 1,         UCB_minus,55,  0.07,  0.03,   -*                |                   ,  0.01,  0.82
 1,                PI,55,  0.07,  0.03,   -*                |                   ,  0.01,  0.82
 1,             focus,40,  0.07,  0.06,   -*-               |                   ,  0.01,  0.82
 1,          UCB_plus,55,  0.07,  0.03,   -*                |                   ,  0.01,  0.82
 1,             focus,35,  0.08,  0.05,   -*                |                   ,  0.01,  0.82
 1,              bonr,40,  0.08,  0.05,   -*                |                   ,  0.01,  0.82
 1,                PI,50,  0.08,  0.06,   -*                |                   ,  0.01,  0.82
 1,          UCB_plus,50,  0.08,  0.06,   -*                |                   ,  0.01,  0.82
 1,                EI,50,  0.08,  0.06,   -*                |                   ,  0.01,  0.82
 1,         UCB_minus,50,  0.08,  0.06,   -*                |                   ,  0.01,  0.82
 1,              bonr,35,  0.09,  0.06,   -*                |                   ,  0.01,  0.82
 1,       progressive,30,  0.09,  0.03,    *                |                   ,  0.01,  0.82
 1,         UCB_minus,35,  0.09,  0.05,   --*               |                   ,  0.01,  0.82
#
 2,                EI,35,  0.09,  0.05,   --*               |                   ,  0.01,  0.82
 2,          UCB_plus,35,  0.09,  0.05,   --*               |                   ,  0.01,  0.82
 2,                PI,35,  0.09,  0.05,   --*               |                   ,  0.01,  0.82
 2,              rand,60,  0.09,  0.04,    -*               |                   ,  0.01,  0.82
 2,         UCB_minus,40,  0.09,  0.04,    -*               |                   ,  0.01,  0.82
 2,          UCB_plus,40,  0.09,  0.04,    -*               |                   ,  0.01,  0.82
 2,    ExpProgressive,30,  0.09,  0.04,    -*               |                   ,  0.01,  0.82
 2,                EI,40,  0.09,  0.04,    -*               |                   ,  0.01,  0.82
 2,                PI,40,  0.09,  0.04,    -*               |                   ,  0.01,  0.82
 2,              rand,55,  0.09,  0.03,    -*               |                   ,  0.01,  0.82
 2,                PI,45,  0.09,  0.03,    -*               |                   ,  0.01,  0.82
 2,          UCB_plus,45,  0.09,  0.03,    -*               |                   ,  0.01,  0.82
 2,              rand,50,  0.09,  0.04,    -*               |                   ,  0.01,  0.82
 2,              rand,45,  0.09,  0.04,    -*               |                   ,  0.01,  0.82
 2,         UCB_minus,45,  0.09,  0.03,    -*               |                   ,  0.01,  0.82
 2,                EI,45,  0.09,  0.03,    -*               |                   ,  0.01,  0.82
 2,             focus,30,  0.09,  0.04,    -*               |                   ,  0.01,  0.82
#
 3,    ExpProgressive,25,  0.10,  0.05,    -*               |                   ,  0.01,  0.82
 3,       progressive,25,  0.10,  0.05,    -*               |                   ,  0.01,  0.82
 3,              rand,40,  0.10,  0.05,    -*-              |                   ,  0.01,  0.82
 3,              bonr,30,  0.10,  0.07,   --*               |                   ,  0.01,  0.82
 3,                b2,15,  0.10,  0.05,    -*               |                   ,  0.01,  0.82
 3,       progressive,20,  0.10,  0.06,    -*-              |                   ,  0.01,  0.82
 3,              rand,35,  0.11,  0.06,    -*-              |                   ,  0.01,  0.82
 3,                PI,30,  0.11,  0.05,    -*               |                   ,  0.01,  0.82
 3,                EI,30,  0.11,  0.05,    -*               |                   ,  0.01,  0.82
 3,         UCB_minus,30,  0.11,  0.05,    -*               |                   ,  0.01,  0.82
 3,          UCB_plus,30,  0.11,  0.05,    -*               |                   ,  0.01,  0.82
 3,    ExpProgressive,20,  0.11,  0.06,    -*-              |                   ,  0.01,  0.82
 3,                EI,25,  0.11,  0.04,    --*              |                   ,  0.01,  0.82
 3,          UCB_plus,25,  0.11,  0.04,    --*              |                   ,  0.01,  0.82
 3,         UCB_minus,25,  0.11,  0.04,    --*              |                   ,  0.01,  0.82
 3,                PI,25,  0.11,  0.04,    --*              |                   ,  0.01,  0.82
 3,              bonr,25,  0.11,  0.06,    --*              |                   ,  0.01,  0.82
 3,             focus,20,  0.12,  0.05,     -*              |                   ,  0.01,  0.82
#
 4,          UCB_plus,20,  0.12,  0.08,   ---*              |                   ,  0.01,  0.82
 4,                PI,20,  0.12,  0.08,   ---*              |                   ,  0.01,  0.82
 4,                EI,20,  0.12,  0.08,   ---*              |                   ,  0.01,  0.82
 4,         UCB_minus,20,  0.12,  0.08,   ---*              |                   ,  0.01,  0.82
 4,          UCB_plus,15,  0.12,  0.06,     -*-             |                   ,  0.01,  0.82
 4,         UCB_minus,15,  0.12,  0.06,     -*-             |                   ,  0.01,  0.82
 4,                EI,15,  0.12,  0.06,     -*-             |                   ,  0.01,  0.82
 4,                PI,15,  0.12,  0.06,     -*-             |                   ,  0.01,  0.82
 4,              rand,30,  0.13,  0.05,     -*              |                   ,  0.01,  0.82
 4,                b2,10,  0.13,  0.06,     -*-             |                   ,  0.01,  0.82
 4,              bonr,20,  0.13,  0.06,    --*              |                   ,  0.01,  0.82
 4,             focus,25,  0.13,  0.06,     -*              |                   ,  0.01,  0.82
 4,       progressive,15,  0.13,  0.07,     --*             |                   ,  0.01,  0.82
 4,             focus,15,  0.14,  0.05,      -*             |                   ,  0.01,  0.82
 4,              rand,25,  0.14,  0.06,     --*             |                   ,  0.01,  0.82
#
 5,       progressive,10,  0.14,  0.07,      -*--           |                   ,  0.01,  0.82
 5,    ExpProgressive,15,  0.14,  0.06,     --*             |                   ,  0.01,  0.82
 5,              rand,20,  0.14,  0.06,     --*             |                   ,  0.01,  0.82
 5,    ExpProgressive,10,  0.14,  0.03,       *             |                   ,  0.01,  0.82
 5,              bonr,15,  0.14,  0.04,      -*             |                   ,  0.01,  0.82
 5,              rand,15,  0.14,  0.06,     --*             |                   ,  0.01,  0.82
 5,              bonr,10,  0.14,  0.05,       *-            |                   ,  0.01,  0.82
 5,                PI,10,  0.15,  0.08,     --*-            |                   ,  0.01,  0.82
 5,                EI,10,  0.15,  0.08,     --*-            |                   ,  0.01,  0.82
 5,         UCB_minus,10,  0.15,  0.08,     --*-            |                   ,  0.01,  0.82
 5,          UCB_plus,10,  0.15,  0.08,     --*-            |                   ,  0.01,  0.82
 5,              rand,10,  0.15,  0.05,       -*            |                   ,  0.01,  0.82
 5,             focus,10,  0.15,  0.06,      --*            |                   ,  0.01,  0.82
#
 6,       baseline,10000,  0.26,  0.12,          ---*--     |                   ,  0.01,  0.82
