#
 0,              bonr,60,  0.03,  0.02, *                   |                   ,  0.01,  0.77
 0,             focus,60,  0.03,  0.01, *                   |                   ,  0.01,  0.77
 0,             focus,50,  0.04,  0.02, -*                  |                   ,  0.01,  0.77
 0,             focus,55,  0.04,  0.02, -*                  |                   ,  0.01,  0.77
#
 1,                b2,55,  0.04,  0.02, -*                  |                   ,  0.01,  0.77
 1,                b2,60,  0.04,  0.02, -*                  |                   ,  0.01,  0.77
 1,              bonr,55,  0.04,  0.02, -*                  |                   ,  0.01,  0.77
 1,              bonr,50,  0.04,  0.02, -*                  |                   ,  0.01,  0.77
 1,                b2,50,  0.04,  0.02, -*                  |                   ,  0.01,  0.77
 1,              bonr,45,  0.04,  0.04, -*                  |                   ,  0.01,  0.77
 1,              bonr,40,  0.04,  0.04,  *-                 |                   ,  0.01,  0.77
#
 2,              bonr,35,  0.04,  0.03,  *-                 |                   ,  0.01,  0.77
 2,             focus,45,  0.04,  0.02,  *                  |                   ,  0.01,  0.77
 2,    ExpProgressive,60,  0.05,  0.03, -*                  |                   ,  0.01,  0.77
 2,                b2,45,  0.05,  0.03, -*                  |                   ,  0.01,  0.77
 2,                b2,40,  0.05,  0.04, -*-                 |                   ,  0.01,  0.77
 2,                b2,35,  0.05,  0.05,  *-                 |                   ,  0.01,  0.77
 2,             focus,40,  0.05,  0.04,  *-                 |                   ,  0.01,  0.77
 2,       progressive,60,  0.05,  0.04, -*-                 |                   ,  0.01,  0.77
#
 3,              rand,60,  0.05,  0.04,  *-                 |                   ,  0.01,  0.77
 3,    ExpProgressive,55,  0.05,  0.04, -*                  |                   ,  0.01,  0.77
 3,                b2,25,  0.05,  0.06,  -*-                |                   ,  0.01,  0.77
 3,                b2,30,  0.05,  0.04,  -*                 |                   ,  0.01,  0.77
 3,    ExpProgressive,50,  0.05,  0.04,  -*                 |                   ,  0.01,  0.77
 3,    ExpProgressive,45,  0.05,  0.03,  -*                 |                   ,  0.01,  0.77
 3,    ExpProgressive,40,  0.05,  0.03,  -*                 |                   ,  0.01,  0.77
 3,              rand,55,  0.06,  0.04,  -*                 |                   ,  0.01,  0.77
 3,       progressive,55,  0.06,  0.04, --*                 |                   ,  0.01,  0.77
 3,                EI,60,  0.06,  0.03,  -*                 |                   ,  0.01,  0.77
 3,                PI,60,  0.06,  0.03,  -*                 |                   ,  0.01,  0.77
 3,         UCB_minus,60,  0.06,  0.03,  -*                 |                   ,  0.01,  0.77
 3,          UCB_plus,60,  0.06,  0.03,  -*                 |                   ,  0.01,  0.77
 3,       progressive,50,  0.06,  0.03,  -*                 |                   ,  0.01,  0.77
#
 4,             focus,35,  0.06,  0.04,  -*                 |                   ,  0.01,  0.77
 4,       progressive,45,  0.06,  0.04,  -*-                |                   ,  0.01,  0.77
 4,                EI,55,  0.06,  0.04,  -*                 |                   ,  0.01,  0.77
 4,         UCB_minus,55,  0.06,  0.04,  -*                 |                   ,  0.01,  0.77
 4,                PI,55,  0.06,  0.04,  -*                 |                   ,  0.01,  0.77
 4,          UCB_plus,55,  0.06,  0.04,  -*                 |                   ,  0.01,  0.77
 4,       progressive,40,  0.06,  0.04,  -*-                |                   ,  0.01,  0.77
 4,              rand,50,  0.06,  0.04,  -*                 |                   ,  0.01,  0.77
 4,       progressive,35,  0.07,  0.05,  -*-                |                   ,  0.01,  0.77
 4,              bonr,30,  0.07,  0.03,  -*                 |                   ,  0.01,  0.77
 4,              rand,40,  0.07,  0.04,  -*                 |                   ,  0.01,  0.77
 4,              rand,45,  0.07,  0.04,  -*                 |                   ,  0.01,  0.77
 4,             focus,30,  0.07,  0.04,  -*-                |                   ,  0.01,  0.77
 4,          UCB_plus,50,  0.07,  0.02,   *                 |                   ,  0.01,  0.77
 4,                PI,50,  0.07,  0.02,   *                 |                   ,  0.01,  0.77
 4,         UCB_minus,50,  0.07,  0.02,   *                 |                   ,  0.01,  0.77
 4,                EI,50,  0.07,  0.02,   *                 |                   ,  0.01,  0.77
 4,                PI,35,  0.07,  0.04,   -*                |                   ,  0.01,  0.77
 4,          UCB_plus,35,  0.07,  0.04,   -*                |                   ,  0.01,  0.77
 4,                EI,35,  0.07,  0.04,   -*                |                   ,  0.01,  0.77
 4,         UCB_minus,35,  0.07,  0.04,   -*                |                   ,  0.01,  0.77
 4,       progressive,30,  0.07,  0.05,   -*                |                   ,  0.01,  0.77
 4,    ExpProgressive,30,  0.07,  0.05,   -*                |                   ,  0.01,  0.77
 4,    ExpProgressive,35,  0.07,  0.04,  --*                |                   ,  0.01,  0.77
 4,                EI,30,  0.08,  0.03,   -*                |                   ,  0.01,  0.77
 4,                EI,45,  0.08,  0.02,   -*                |                   ,  0.01,  0.77
 4,                PI,45,  0.08,  0.02,   -*                |                   ,  0.01,  0.77
 4,          UCB_plus,45,  0.08,  0.02,   -*                |                   ,  0.01,  0.77
 4,         UCB_minus,45,  0.08,  0.02,   -*                |                   ,  0.01,  0.77
 4,          UCB_plus,30,  0.08,  0.03,   -*                |                   ,  0.01,  0.77
 4,                PI,30,  0.08,  0.03,   -*                |                   ,  0.01,  0.77
 4,         UCB_minus,30,  0.08,  0.03,   -*                |                   ,  0.01,  0.77
 4,              rand,35,  0.08,  0.04,  --*                |                   ,  0.01,  0.77
 4,              rand,30,  0.08,  0.04,  --*                |                   ,  0.01,  0.77
#
 5,              bonr,25,  0.08,  0.04,   -*                |                   ,  0.01,  0.77
 5,          UCB_plus,40,  0.08,  0.04,   -*                |                   ,  0.01,  0.77
 5,                EI,40,  0.08,  0.04,   -*                |                   ,  0.01,  0.77
 5,                PI,40,  0.08,  0.04,   -*                |                   ,  0.01,  0.77
 5,         UCB_minus,40,  0.08,  0.04,   -*                |                   ,  0.01,  0.77
 5,                b2,20,  0.08,  0.06,  --*                |                   ,  0.01,  0.77
 5,                b2,15,  0.08,  0.06,  --*-               |                   ,  0.01,  0.77
 5,             focus,25,  0.08,  0.03,   -*                |                   ,  0.01,  0.77
 5,              rand,25,  0.09,  0.06,   -*-               |                   ,  0.01,  0.77
 5,                EI,20,  0.09,  0.04,   -*                |                   ,  0.01,  0.77
 5,                PI,20,  0.09,  0.04,   -*                |                   ,  0.01,  0.77
 5,         UCB_minus,20,  0.09,  0.04,   -*                |                   ,  0.01,  0.77
 5,          UCB_plus,20,  0.09,  0.04,   -*                |                   ,  0.01,  0.77
 5,                b2,10,  0.09,  0.07,   -*--              |                   ,  0.01,  0.77
 5,    ExpProgressive,20,  0.09,  0.07,   -*--              |                   ,  0.01,  0.77
 5,    ExpProgressive,25,  0.09,  0.05,   -*-               |                   ,  0.01,  0.77
 5,             focus,20,  0.09,  0.04,    -*               |                   ,  0.01,  0.77
 5,              bonr,20,  0.09,  0.03,    -*               |                   ,  0.01,  0.77
 5,              rand,20,  0.10,  0.06,    -*               |                   ,  0.01,  0.77
 5,              rand,15,  0.10,  0.06,    -*               |                   ,  0.01,  0.77
 5,                PI,25,  0.10,  0.03,    -*               |                   ,  0.01,  0.77
 5,                EI,25,  0.10,  0.03,    -*               |                   ,  0.01,  0.77
 5,          UCB_plus,25,  0.10,  0.03,    -*               |                   ,  0.01,  0.77
#
 6,         UCB_minus,25,  0.10,  0.03,    -*               |                   ,  0.01,  0.77
 6,              bonr,15,  0.10,  0.03,    -*               |                   ,  0.01,  0.77
 6,       progressive,25,  0.10,  0.05,   --*               |                   ,  0.01,  0.77
 6,             focus,15,  0.11,  0.08,   --*--             |                   ,  0.01,  0.77
 6,                PI,10,  0.11,  0.06,    --*              |                   ,  0.01,  0.77
 6,         UCB_minus,10,  0.11,  0.06,    --*              |                   ,  0.01,  0.77
 6,              rand,10,  0.11,  0.04,     -*              |                   ,  0.01,  0.77
 6,                EI,10,  0.11,  0.06,    --*              |                   ,  0.01,  0.77
 6,          UCB_plus,10,  0.11,  0.06,    --*              |                   ,  0.01,  0.77
 6,       progressive,20,  0.11,  0.06,   ---*              |                   ,  0.01,  0.77
 6,             focus,10,  0.11,  0.07,    --*-             |                   ,  0.01,  0.77
 6,          UCB_plus,15,  0.12,  0.04,     -*              |                   ,  0.01,  0.77
 6,                PI,15,  0.12,  0.04,     -*              |                   ,  0.01,  0.77
 6,                EI,15,  0.12,  0.04,     -*              |                   ,  0.01,  0.77
 6,         UCB_minus,15,  0.12,  0.04,     -*              |                   ,  0.01,  0.77
 6,       progressive,15,  0.12,  0.05,     -*-             |                   ,  0.01,  0.77
 6,    ExpProgressive,15,  0.12,  0.07,    --*-             |                   ,  0.01,  0.77
 6,              bonr,10,  0.12,  0.04,     -*              |                   ,  0.01,  0.77
 6,       progressive,10,  0.13,  0.05,      -*             |                   ,  0.01,  0.77
 6,    ExpProgressive,10,  0.13,  0.05,     --*             |                   ,  0.01,  0.77
#
 7,       baseline,10000,  0.23,  0.12,         ---*--      |                   ,  0.01,  0.77
