              rand   2  3  2  5  5  7  3  4  6  8  7  9  0  2  5  7  6  7  5  6  5  6  6  6 12 14  0  1  0  1  0  0  0  1  0  0  3  4  0  4  0  0  0  0  1  2  3  4  0  0  1  1
                b2   0  1  0  1  0  2  0  1  1  3  2  4  3  7  2  3  1  1  0  1  2  4  0  0  4  4  5  6  1  4  6  8  1  1  0  1  2  5  1  2  1  2  0  3  0  1  0  1  1  1
                 PI   2  3  2  1  4  4  5  2  2  2  2  3  6  5  7  7 10  3  1  6  3  2  5  6  3  1
              bonr   0  2  1  3  1  3  1  1  0  2  2  5  3  7  2  3  2  3  1  3  1  3  0  2  3  4  3  5  2  5  5  8  1  2  0  1  2  3  0  3  0  2  3  5  0  5  1  1  0  1
             base   6  6  2  7  8  9  7  2  4  7  8
                 EI   2  3  2  1  4  4  6  2  2  2  3  3  7  5  7  7 10  3  1  6  3  2  5  6  3  1
       SimAnnealing   1  3  3  1  4  4  7  4  3  2  5  5  5  5  7  8  2  1  5  4  3  4  5  1  1
               UCB   0  1  1  3  0  1  0  0  0  1  0  2  3  7  0  1  0  1  0  1  0  2  0  2  1  5  2  2  5  7  3  6  6 10  1  2  0  0  2  3  0  2  1  2  0  4  0  2  0  1  0  0
      SimAnnealing   0  1  1  2  0  1  0  1  2  2  3  3  3  4  1  3  1  2  0  1  1  2  0  4  3  4  3  4  2  5  2  3  1  1  0  1  1  5  0  3  0  1  1  1  0  4  0  1  1  1
           base   8 11  5
                PI   0  1  1  3  0  1  0  0  0  1  2  2  3  7  0  1  0  1  0  1  1  2  0  2  1  5  1  3  5  7  4  6  7 10  1  2  0  0  2  3  0  2  1  2  0  4  0  2  0  1  0  0
     ExpProgressive   2  4  3  1  5  5  7  4  3  3  4 11  5  7  7 10  2  1  5  4  3  6  7  2  1
        progressive   2  4  4  1  4  5  8  4  4  3  4 10  5  6  7 10  2  1  3  4  3  6  5  2  1
                EI   0  1  1  3  0  1  0  0  0  1  1  2  3  7  0  1  0  1  0  1  1  2  0  1  1  5  1  2  5  7  4  6  7  9  1  2  0  0  2  3  0  2  1  2  0  4  0  2  0  1  0  0
               rand   4  5  8  4  9 10  1  7  8  7  6  6 13  0  0  0  0  0  4  4  0  0  3  3  0  1
                 b2   2  3  2  1  3  5  7  3  4  2  5  2  4  7  6  9  3  1  6  3  3  5  5  1  1
               bonr   2  4  4  1  3  6  7  4  3  3  5  9  4  7  7 10  3  1  5  3  3  6  6  1  1
    ExpProgressive   0  1  1  3  1  3  1  1  1  2  2  4  3  6  2  2  3  3  3  3  2  4  0  2  3  5  4  5  1  6  4  8  1  2  0  1  2  2  1  3  0  2  1  4  1  5  1  2  0  1
       progressive   0  1  1  3  1  2  1  1  1  2  0  4  0  4  2  2  3  3  2  3  2  4  0  3  3  5  2  5  1  5  5  8  1  1  0  1  1  3  1  3  1  2  0  5  0  2  1  2  0  1
            base   5  6  5  4  7 15  6  8  4  7  4  2
                UCB   2  3  2  1  4  4  7  2  2  2  4  3  8  5  7  7 10  3  1  6  3  2  5  7  3  1
