UCB,40 7.189521783070512e-06 3.2247754894028725e-06 1.1882721825683612e-05 4.88035219155167e-06 2.8792638298239933e-06 3.5818042043010463e-06 1.8513666425768268e-06 3.5011848170659707e-06 2.9829173276976584e-06 3.8898854340922115e-06 1.1499779736317019e-05 2.9310905787608195e-06 6.556083740509227e-06 2.8792638298239933e-06 6.276795149016312e-07 1.1499779736317019e-05 2.8792638298239933e-06 5.2229845873007195e-06 4.618339183037684e-06 1.9550201404504916e-06

progressive,40 3.296757085148471e-06 6.363173063911022e-06 2.263101370241657e-06 8.531258727768485e-06 1.8513666425768268e-06 0.0004453069439205784 9.792376285231395e-06 4.387998076651764e-06 3.486788497916859e-06 3.855334268134327e-06 1.4741830808698872e-06 8.061938723507181e-07 2.1879525842832505e-05 0.0004086827080052173 1.7131619787452775e-06 3.311153404297608e-07 0.0005406681619643491 1.8513666425768268e-06 2.8792638298239933e-06 0.001102700461545992

progressive,9 3.13954928004008e-05 2.46868080769109e-05 0.0004117635203031289 8.531258727768485e-06 0.00010690130747370513 0.0010412857640558462 0.0010901756638862577 4.387998076651764e-06 3.486788497916859e-06 1.617570419595119e-05 2.8792638298239933e-06 4.387998076651764e-06 0.0006283993308590861 0.00056191712902845 0.00039411363302630783 2.8792638298239933e-06 0.0005406681619643491 5.0145258860214624e-05 0.0006046454042630381 0.001102700461545992

b2,9 3.898523225581689e-06 2.46868080769109e-05 1.3014272510804437e-05 8.531258727768485e-06 0.00010690130747370513 0.0010412857640558462 0.0019427544765354392 4.387998076651764e-06 3.2276547532327025e-06 1.617570419595119e-05 0.00047510732455925675 1.1413401821422307e-05 0.0006283993308590861 0.0005903354630288129 0.00042017097068621493 2.8792638298239933e-06 0.0018573267187045614 5.0145258860214624e-05 0.0011713996965255925 0.00044873326787806894

b2,15 3.898523225581689e-06 2.46868080769109e-05 1.3014272510804437e-05 8.531258727768485e-06 0.00010690130747370513 0.0010412857640558462 0.0019427544765354392 4.387998076651764e-06 3.2276547532327025e-06 1.617570419595119e-05 0.00047510732455925675 1.1413401821422307e-05 0.0006283993308590861 0.0005903354630288129 0.00042017097068621493 2.8792638298239933e-06 0.0018573267187045614 5.0145258860214624e-05 0.00046494352323997803 0.00044873326787806894

EI,15 7.189521783070512e-06 7.107462763920522e-05 4.6269769745271616e-06 5.444687902197174e-06 1.028185113630147e-05 6.797941902214441e-06 3.898523225581689e-06 2.8792638298239933e-06 5.758527659647987e-06 3.855334268134327e-06 2.8792638298239933e-06 4.1922081362237295e-06 0.00042710999651609084 2.8792638298239933e-06 2.8965394128029355e-06 0.00043065149102677425 4.422549242609649e-06 9.017854315008742e-06 0.00046848501775066155 1.2464333119308057e-05

PI,15 7.189521783070512e-06 7.107462763920522e-05 4.6269769745271616e-06 5.444687902197174e-06 1.028185113630147e-05 6.797941902214441e-06 3.898523225581689e-06 2.8792638298239933e-06 5.758527659647987e-06 3.855334268134327e-06 2.8792638298239933e-06 4.1922081362237295e-06 0.00042710999651609084 2.8792638298239933e-06 2.8965394128029355e-06 0.00043065149102677425 4.422549242609649e-06 9.017854315008742e-06 0.00046848501775066155 1.2464333119308057e-05

SimAnnealing,15 9.973769906510304e-06 2.46868080769109e-05 0.0004534840531972785 8.531258727768485e-06 1.0733895557583844e-05 3.838058685155385e-06 0.0 4.387998076651764e-06 3.486788497916859e-06 1.4704400378911118e-05 2.8792638298239933e-06 5.168278574534063e-06 0.0005318576146450876 0.00043943324570773745 0.00039411363302630783 2.8792638298239933e-06 0.0005406681619643491 2.5020802681170537e-06 3.475271442597564e-06 0.001102700461545992

bonr,9 3.13954928004008e-05 2.46868080769109e-05 0.0004534840531972785 8.531258727768485e-06 5.758527659647987e-06 0.0010412857640558462 1.5775486523605654e-05 4.387998076651764e-06 3.486788497916859e-06 1.193166931079062e-05 2.8792638298239933e-06 1.1413401821422307e-05 0.0006283993308590861 0.0005903354630288129 0.00042017097068621493 2.8792638298239933e-06 0.0005406681619643491 5.0145258860214624e-05 0.00047409958221881837 0.001102700461545992

PI,9 7.189521783070512e-06 2.8792638298239933e-06 1.3140960119316692e-05 4.3295490209063356e-05 1.465545289380411e-05 0.00044032581749498293 9.36912450224727e-06 3.2247754894028725e-06 0.0018708592587047342 1.1882721825683612e-05 6.363173063911022e-06 0.0017682710884481057 6.797941902214441e-06 1.3417369446979854e-06 1.8176792557678852e-05 0.0018191764729593937 0.00039431518149439553 5.234501642620014e-06 0.00042710999651609084 1.3906844298049878e-05

ExpProgressive,15 9.973769906510304e-06 1.6714126532128274e-05 9.973769906510304e-06 8.531258727768485e-06 5.234501642620014e-06 0.0004588682765590494 2.8792638298239933e-06 4.387998076651764e-06 3.486788497916859e-06 3.855334268134327e-06 0.0004663543625165919 4.405273659630707e-06 0.0005285176686024918 0.00043943324570773745 0.00039411363302630783 2.8792638298239933e-06 0.0005406681619643491 5.0145258860214624e-05 0.0006046454042630381 0.001102700461545992

rand,40 4.544054176228223e-05 4.544054176228223e-05 4.544054176228223e-05 4.544054176228223e-05 4.544054176228223e-05 4.544054176228223e-05 4.544054176228223e-05 4.544054176228223e-05 4.544054176228223e-05 4.544054176228223e-05 4.544054176228223e-05 4.544054176228223e-05 4.544054176228223e-05 4.544054176228223e-05 4.544054176228223e-05 4.544054176228223e-05 4.544054176228223e-05 4.544054176228223e-05 4.544054176228223e-05 4.544054176228223e-05

bonr,40 2.8792638298239933e-06 1.3417369446979854e-06 2.8792638298239933e-06 8.531258727768485e-06 6.276795149016312e-07 1.5087342468277712e-06 9.792376285231395e-06 4.387998076651764e-06 3.486788497916859e-06 0.0 2.8792638298239933e-06 2.2227916766241252e-06 2.1879525842832505e-05 0.00043943324570773745 0.00039411363302630783 2.8792638298239933e-06 0.0005406681619643491 1.5087342468277712e-06 0.00045642090230369896 0.001102700461545992

ExpProgressive,9 3.13954928004008e-05 2.46868080769109e-05 0.0004117635203031289 8.531258727768485e-06 0.00010690130747370513 0.0010412857640558462 0.0010901756638862577 4.387998076651764e-06 3.486788497916859e-06 1.617570419595119e-05 0.0004687441514953457 4.405273659630707e-06 0.0006283993308590861 0.0005903354630288129 0.00039411363302630783 2.8792638298239933e-06 0.0005406681619643491 5.0145258860214624e-05 0.0006046454042630381 0.001102700461545992

rand,9 5.9983703366723194e-05 5.9983703366723194e-05 5.9983703366723194e-05 5.9983703366723194e-05 5.9983703366723194e-05 5.9983703366723194e-05 5.9983703366723194e-05 5.9983703366723194e-05 5.9983703366723194e-05 5.9983703366723194e-05 5.9983703366723194e-05 5.9983703366723194e-05 5.9983703366723194e-05 5.9983703366723194e-05 5.9983703366723194e-05 5.9983703366723194e-05 5.9983703366723194e-05 5.9983703366723194e-05 5.9983703366723194e-05 5.9983703366723194e-05

UCB,15 7.189521783070512e-06 7.107462763920522e-05 4.6269769745271616e-06 5.444687902197174e-06 1.028185113630147e-05 6.797941902214441e-06 3.898523225581689e-06 2.8792638298239933e-06 5.758527659647987e-06 3.855334268134327e-06 2.8792638298239933e-06 4.1922081362237295e-06 0.00042710999651609084 2.8792638298239933e-06 2.8965394128029355e-06 0.00043065149102677425 4.422549242609649e-06 9.017854315008742e-06 0.00046848501775066155 1.2464333119308057e-05

progressive,15 9.973769906510304e-06 1.6714126532128274e-05 9.973769906510304e-06 8.531258727768485e-06 5.234501642620014e-06 0.0004588682765590494 1.5775486523605654e-05 4.387998076651764e-06 3.486788497916859e-06 3.855334268134327e-06 2.8792638298239933e-06 2.8792638298239933e-06 0.00046917604106981933 0.000432177500856581 0.00039411363302630783 2.8792638298239933e-06 0.0005406681619643491 5.0145258860214624e-05 0.0006046454042630381 0.001102700461545992

b2,40 3.898523225581689e-06 6.5100155192320485e-06 1.3014272510804437e-05 8.531258727768485e-06 1.9550201404504916e-06 0.0010412857640558462 0.0007342410692434159 4.387998076651764e-06 3.2276547532327025e-06 2.8792638298239933e-06 2.8792638298239933e-06 1.1413401821422307e-05 0.0006283993308590861 0.0005903354630288129 0.00042017097068621493 2.8792638298239933e-06 0.0018573267187045614 5.0145258860214624e-05 0.00046494352323997803 0.00044873326787806894

EI,9 7.189521783070512e-06 2.8792638298239933e-06 1.3140960119316692e-05 4.3295490209063356e-05 1.465545289380411e-05 0.00044032581749498293 9.36912450224727e-06 3.2247754894028725e-06 0.0018708592587047342 1.1882721825683612e-05 6.363173063911022e-06 0.0017682710884481057 6.797941902214441e-06 1.3417369446979854e-06 1.8176792557678852e-05 0.0018191764729593937 0.00039431518149439553 5.234501642620014e-06 0.00042710999651609084 1.3906844298049878e-05

UCB,9 7.189521783070512e-06 2.8792638298239933e-06 1.3140960119316692e-05 4.3295490209063356e-05 1.465545289380411e-05 0.00044032581749498293 9.36912450224727e-06 3.2247754894028725e-06 0.0018708592587047342 1.1882721825683612e-05 6.363173063911022e-06 0.0017682710884481057 6.797941902214441e-06 1.3417369446979854e-06 1.8176792557678852e-05 0.0018191764729593937 0.00039431518149439553 5.234501642620014e-06 0.00042710999651609084 1.3906844298049878e-05

EI,40 7.189521783070512e-06 3.2247754894028725e-06 1.1882721825683612e-05 4.88035219155167e-06 2.8792638298239933e-06 3.5818042043010463e-06 1.8513666425768268e-06 3.5011848170659707e-06 2.9829173276976584e-06 3.8898854340922115e-06 1.1499779736317019e-05 2.9310905787608195e-06 6.556083740509227e-06 2.8792638298239933e-06 6.276795149016312e-07 1.1499779736317019e-05 2.8792638298239933e-06 5.2229845873007195e-06 4.618339183037684e-06 1.9550201404504916e-06

PI,40 7.189521783070512e-06 3.2247754894028725e-06 1.1882721825683612e-05 4.88035219155167e-06 2.8792638298239933e-06 3.5818042043010463e-06 1.8513666425768268e-06 3.5011848170659707e-06 2.9829173276976584e-06 3.8898854340922115e-06 1.1499779736317019e-05 2.9310905787608195e-06 6.556083740509227e-06 2.8792638298239933e-06 6.276795149016312e-07 1.1499779736317019e-05 2.8792638298239933e-06 5.2229845873007195e-06 4.618339183037684e-06 1.9550201404504916e-06

SimAnnealing,9 3.13954928004008e-05 2.46868080769109e-05 0.0004534840531972785 8.531258727768485e-06 1.3906844298049878e-05 3.838058685155385e-06 0.0006938449977109853 4.387998076651764e-06 3.486788497916859e-06 1.4704400378911118e-05 2.8792638298239933e-06 5.810354408584813e-06 0.0006283993308590861 0.0005903354630288129 0.00042017097068621493 2.8792638298239933e-06 0.0005406681619643491 3.475271442597564e-06 3.475271442597564e-06 0.001102700461545992

SimAnnealing,40 9.973769906510304e-06 6.363173063911022e-06 3.4954262894063234e-06 8.531258727768485e-06 1.0733895557583844e-05 3.838058685155385e-06 0.0 4.387998076651764e-06 3.486788497916859e-06 2.8792638298239933e-06 6.276795149016312e-07 6.276795149016312e-07 9.216523519266596e-06 0.0004345672898353349 0.00039411363302630783 2.8792638298239933e-06 0.0005406681619643491 2.5020802681170537e-06 0.00045921378821862826 0.001102700461545992

base,3840 0.0 0.0 3.311153404297608e-07 3.311153404297608e-07 6.276795149016312e-07 8.061938723507181e-07 9.818289659699815e-07 1.1833774340576642e-06 1.3417369446979854e-06 1.465545289380416e-06 1.4741830808698872e-06 1.5087342468277712e-06 1.7131619787452775e-06 1.8456081149171793e-06 1.8513666425768268e-06 1.8801592808750698e-06 1.8974348638540118e-06 1.9550201404504916e-06 2.035639527685561e-06 2.035639527685561e-06 2.2227916766241252e-06 2.263101370241657e-06 2.5020802681170537e-06 2.5510277532240563e-06 2.720904319183672e-06 2.7237835830134957e-06 2.8792638298239933e-06 2.8792638298239933e-06 2.8792638298239933e-06 2.8792638298239933e-06 2.8792638298239933e-06 2.8792638298239933e-06 2.8792638298239933e-06 2.8792638298239933e-06 2.8792638298239933e-06 2.8792638298239933e-06 2.8792638298239933e-06 2.8792638298239933e-06 2.8792638298239933e-06 2.8792638298239933e-06 2.8792638298239933e-06 2.8792638298239933e-06 2.8792638298239933e-06 2.8792638298239933e-06 2.8792638298239933e-06 2.8792638298239933e-06 2.8792638298239933e-06 2.8792638298239933e-06 2.8792638298239933e-06 2.8792638298239933e-06 2.8792638298239933e-06 2.8792638298239933e-06 2.8792638298239933e-06 2.8792638298239933e-06 2.8792638298239933e-06 2.8792638298239933e-06 2.8792638298239933e-06 2.8792638298239933e-06 2.8792638298239933e-06 2.8792638298239933e-06 2.8792638298239933e-06 2.8792638298239933e-06 2.8792638298239933e-06 2.8792638298239933e-06 2.8965394128029355e-06 2.8965394128029355e-06 2.9310905787608195e-06 2.9829173276976584e-06 3.0174684936555424e-06 3.0692952425923813e-06 3.0721745064221985e-06 3.1067256723800825e-06 3.11824272769939e-06 3.1211219915292075e-06 3.1700694766362164e-06 3.1729487404660463e-06 3.2074999064239303e-06 3.2247754894028725e-06 3.2276547532327025e-06 3.2276547532327025e-06 3.23053401706252e-06 3.2766022383396987e-06 3.288119293659006e-06 3.296757085148471e-06 3.331308251106355e-06 3.3946520553624883e-06 3.4061691106817832e-06 3.475271442597564e-06 3.486788497916859e-06 3.4954262894063234e-06 3.5011848170659707e-06 3.5011848170659707e-06 3.52997745536422e-06 3.5818042043010463e-06 3.6336309532378725e-06 3.6537858000466446e-06 3.7027332851536535e-06 3.7113710766431308e-06 3.7200088681325953e-06 3.7344051872817203e-06 3.838058685155385e-06 3.855334268134327e-06 3.855334268134327e-06 3.866851323453622e-06 3.884126906432564e-06 3.8898854340922115e-06 3.898523225581689e-06 3.907161017071153e-06 3.973384085157104e-06 4.02809009792376e-06 4.100071693669372e-06 4.102950957499189e-06 4.180691080904434e-06 4.1922081362237295e-06 4.197966663883377e-06 4.284344578778099e-06 4.2929823702675765e-06 4.3707224936728225e-06 4.3707224936728225e-06 4.387998076651764e-06 4.405273659630707e-06 4.422549242609649e-06 4.511806421334202e-06 4.511806421334202e-06 4.5924258085692645e-06 4.618339183037684e-06 4.6269769745271616e-06 4.661528140485045e-06 4.88035219155167e-06 4.960971578786733e-06 5.0962969787884645e-06 5.168278574534063e-06 5.2229845873007195e-06 5.234501642620014e-06 5.335275876663862e-06 5.3755855702813935e-06 5.444687902197174e-06 5.453325693686639e-06 5.49939391496383e-06 5.600168149007665e-06 5.689425327732206e-06 5.706700910711148e-06 5.758527659647987e-06 5.758527659647987e-06 5.758527659647987e-06 5.758527659647987e-06 5.758527659647987e-06 5.758527659647987e-06 5.758527659647987e-06 5.758527659647987e-06 5.758527659647987e-06 5.758527659647987e-06 5.758527659647987e-06 5.793078825605871e-06 5.810354408584813e-06 5.810354408584813e-06 5.827629991563755e-06 5.945679808586544e-06 6.0003858213532e-06 6.014782140502326e-06 6.0522125702900265e-06 6.066608889439152e-06 6.199055025611053e-06 6.23072692773912e-06 6.340138953272433e-06 6.363173063911022e-06 6.391965702209259e-06 6.4351546596566206e-06 6.5100155192320485e-06 6.556083740509227e-06 6.558963004339057e-06 6.564721531998705e-06 6.64246165540395e-06 6.717322514979379e-06 6.797941902214441e-06 6.815217485193384e-06 6.826734540512691e-06 6.864164970300393e-06 6.904474663917936e-06 6.941905093705638e-06 6.944784357535468e-06 7.005248897961771e-06 7.0110074256214185e-06 7.146332825623151e-06 7.189521783070512e-06 7.370915404349423e-06 7.440017736265191e-06 7.442897000095021e-06 7.483206693712552e-06 7.586860191586217e-06 7.624290621373932e-06 7.690513689459883e-06 7.768253812865129e-06 7.776891604354605e-06 7.874786574568623e-06 8.047542404358056e-06 8.082093570315941e-06 8.102248417124712e-06 8.136799583082597e-06 8.154075166061538e-06 8.295159093722918e-06 8.349865106489574e-06 8.395933327766765e-06 8.499586825640418e-06 8.531258727768485e-06 8.534137991598315e-06 8.554292838407074e-06 8.583085476705323e-06 8.603240323514084e-06 8.84221922138948e-06 8.914200817135078e-06 8.966027566071904e-06 9.017854315008742e-06 9.043767689477163e-06 9.063922536285922e-06 9.213644255436778e-06 9.216523519266596e-06 9.36912450224727e-06 9.374883029906916e-06 9.452623153312163e-06 9.792376285231395e-06 9.80677260438052e-06 9.973769906510304e-06 1.0068785612894492e-05 1.0111974570341854e-05 1.0120612361831332e-05 1.028185113630147e-05 1.028185113630147e-05 1.0379746106515488e-05 1.0448848438431269e-05 1.0733895557583844e-05 1.0748291876732957e-05 1.0872100221415394e-05 1.0921047706522402e-05 1.10650108980136e-05 1.1099562063971483e-05 1.1116837646950426e-05 1.12694386299311e-05 1.128959347673987e-05 1.1413401821422307e-05 1.1447952987380193e-05 1.1482504153338076e-05 1.1499779736317019e-05 1.172436231504329e-05 1.172436231504329e-05 1.1882721825683612e-05 1.1894238881002906e-05 1.193166931079062e-05 1.1966220476748505e-05 1.1986375323557276e-05 1.2003650906536219e-05 1.2018047225685343e-05 1.2090028821430942e-05 1.2127459251218656e-05 1.2167768944836187e-05 1.2202320110794071e-05 1.2236871276751968e-05 1.2282939498029148e-05 1.2297335817178272e-05 1.2305973608667737e-05 1.2323249191646678e-05 1.2406747842711585e-05 1.2464333119308057e-05 1.2556469561862429e-05 1.2616934102288731e-05 1.2648606004416798e-05 1.2714829072502749e-05 1.2732104655481692e-05 1.2732104655481692e-05 1.2740742446971156e-05 1.2939411651229022e-05 1.3014272510804437e-05 1.3025789566123732e-05 1.3077616315060571e-05 1.3140960119316692e-05 1.3204303923572825e-05 1.344904134910787e-05 1.360164233208853e-05 1.3783035953367441e-05 1.3806070064006042e-05 1.3857896812942869e-05 1.3906844298049878e-05 1.3912602825709525e-05 1.465545289380411e-05 1.4704400378911118e-05 1.4707279642740948e-05 1.479941608529532e-05 1.4845484306572498e-05 1.4848363570402328e-05 1.4874276944870735e-05 1.5061429093809292e-05 1.5245701978918034e-05 1.525433977040751e-05 1.557681731934779e-05 1.5775486523605654e-05 1.5939604561905608e-05 1.5979914255523153e-05 1.617570419595119e-05 1.646938910659323e-05 1.6616231561914254e-05 1.66939716853195e-05 1.6714126532128274e-05 1.7186325800219408e-05 1.791477954916488e-05 1.8176792557678852e-05 1.8407133664064773e-05 1.8568372438534923e-05 1.8628836978961228e-05 1.8934038944922562e-05 1.908088140024359e-05 1.9259395757692683e-05 1.9478219808759294e-05 1.9590511098122436e-05 1.9881316744934658e-05 2.1033022276864256e-05 2.1096366081120376e-05 2.1130917247078275e-05 2.1879525842832505e-05 2.2040764617302656e-05 2.2092591366239484e-05 2.235460437475347e-05 2.2795131740716536e-05 2.2965008306676152e-05 2.301683505561298e-05 2.46868080769109e-05 2.4761668936486318e-05 2.4882598017338936e-05 2.5020802681170484e-05 2.5530432379049334e-05 2.5778049068414194e-05 2.5930650051394868e-05 2.647771017906142e-05 2.661015631523332e-05 2.8435609583341732e-05 3.13954928004008e-05 3.141276838337975e-05 3.4185499451500244e-05 3.429203221320374e-05 3.430930779618268e-05 3.584107615364904e-05 3.6232656034505096e-05 3.78882327366539e-05 3.868290955368532e-05 4.0344244783493766e-05 4.0344244783493766e-05 4.199982148564255e-05 4.223016259202847e-05 4.224167964734778e-05 4.301620161757043e-05 4.3295490209063356e-05 4.3790723587793076e-05 4.447598837929119e-05 4.4988497340999855e-05 4.544054176228223e-05 4.6312958702718896e-05 4.6344630604846955e-05 4.664407404314865e-05 4.740419969422219e-05 4.7651816383587056e-05 4.8126894915508004e-05 4.8193117983593955e-05 4.8472406575086884e-05 4.851559553253424e-05 4.898203627296573e-05 4.9241170017649886e-05 4.977671308999715e-05 5.0145258860214624e-05 5.031801469000407e-05 5.044758156234614e-05 5.0657767821923304e-05 5.075854205596713e-05 5.132863629427229e-05 5.226151777513526e-05 5.2774026736843926e-05 5.596713032411873e-05 5.620610922199413e-05 5.772348126031136e-05 5.9433763975226815e-05 5.985989502204077e-05 5.9983703366723194e-05 6.123618313269662e-05 7.093642297537365e-05 7.107462763920522e-05 7.17570131668735e-05 7.546550497968679e-05 8.84164336862351e-05 9.009504449902249e-05 9.374883029906913e-05 9.487750172036014e-05 9.770781806507712e-05 0.00010268894449067263 0.00010690130747370513 0.00012630466642288898 0.00013491078601023294 0.00013530812441874863 0.00014008482311242662 0.00015030333044447196 0.00015292921905727145 0.00015368646544451514 0.00017048121136387846 0.0001754968889554319 0.00018007203918102218 0.00018747462648749966 0.00018937206135135367 0.0001900659639343413 0.0001909470186662674 0.00019397600421524225 0.00019420634532162816 0.00019421210384928784 0.0001967084255897452 0.00019961648205786745 0.00019995335592595684 0.0002009783738493742 0.00020170106907066 0.00021123431161120725 0.0002124436024197333 0.00021262499604101224 0.0002143611921303961 0.00021540924416445201 0.00022629574070501653 0.0002285818761858968 0.00023022017730506663 0.00023322037021574323 0.00024470863289674093 0.00025156128081172205 0.0002544117520032478 0.0002549588121309144 0.00026771395089703466 0.00028516228970576805 0.0002984932812378531 0.0003032440665570627 0.00035725905600456076 0.00039411363302630783 0.00039431518149439553 0.000395812398685904 0.0003987204551540262 0.0003989220036221139 0.00040024646498383295 0.0004018588527285344 0.0004051124208562355 0.00040813564787755066 0.0004086827080052173 0.00040871150064351544 0.00041061181477119936 0.0004117635203031289 0.0004122242025159007 0.0004125697141754796 0.00041403813872868987 0.00041622637923935613 0.00041662947617553147 0.000417176536303198 0.0004173492921329874 0.0004177235964308646 0.00041786755962235577 0.00041924960626067123 0.0004197678737500396 0.00042017097068621493 0.00042034372651600436 0.000420775616090478 0.0004217545657926181 0.0004224455891117759 0.00042281989340965307 0.00042359729464370543 0.0004236836725586002 0.0004238564283883896 0.0004245474517075474 0.0004250081339203193 0.00042598708362245945 0.0004264477658352312 0.00042710999651609084 0.00042728275234588017 0.0004275994713671609 0.00042774343455865204 0.0004277722271969503 0.0004299316750693183 0.0004300468456225112 0.00043065149102677425 0.0004311697585161426 0.0004313713069842303 0.0004317168186438091 0.00043180319655870386 0.000432177500856581 0.00043220629349487925 0.00043292610945233525 0.0004330988652821247 0.0004333292063885106 0.0004335883401331947 0.00043378988860128247 0.00043387626651617716 0.00043390505915447537 0.0004345672898353349 0.00043491280149491376 0.0004350855573247032 0.00043528710579279094 0.0004354598616225804 0.0004355174468991768 0.00043615088494173806 0.00043641001868642223 0.0004365539818779135 0.0004375617242183519 0.00043802240643112366 0.00043828154017580784 0.0004389725634949656 0.00043900135613326384 0.00043943324570773745 0.00043963479417582515 0.0004398363426439128 0.00044032581749498293 0.00044032581749498293 0.0004407864997077547 0.00044110321872903535 0.0004413911451120178 0.0004419382052396843 0.00044211096106947374 0.0004424564727290526 0.0004428019843886315 0.00044334904451629804 0.00044366576353757875 0.0004446159206014206 0.00044478867643121003 0.0004448462617078066 0.0004451917733673854 0.00044522056600568364 0.0004453069439205784 0.00044576762613335026 0.00044619951570782376 0.00044645864945250794 0.0004467177831971921 0.0004477255255376305 0.00044792707400571826 0.0004479558666440164 0.00044815741511210417 0.00044870447523977073 0.00044873326787806894 0.0004488772310695601 0.0004491363648142443 0.0004491363648142443 0.0004493954985589284 0.00044985618077170034 0.00044991376604829676 0.0004502304850695774 0.00045048961881426154 0.0004510078863036299 0.00045103667894192816 0.0004519004580908753 0.00045195804336747186 0.0004521307991972613 0.00045270665196322607 0.0004531097488994014 0.0004534840531972785 0.0004540311133249451 0.0004541750765164363 0.0004547221366441029 0.00045512523358027824 0.00045561470843134827 0.0004560465980058219 0.00045610418328241836 0.00045621935383561137 0.00045642090230369896 0.0004567664139632779 0.00045734226672924266 0.0004577165710271198 0.0004588682765590494 0.00045921378821862826 0.0004600775673675755 0.00046033670111225966 0.0004604806643037508 0.0004616323698356805 0.00046223701523994353 0.0004623233931548383 0.0004631295870271889 0.00046333113549527666 0.0004643964631123115 0.0004648571453250834 0.00046494352323997803 0.000465058693793171 0.0004654042054527499 0.0004656345465591358 0.00046569213183573235 0.0004663543625165919 0.0004663543625165919 0.0004664695330697848 0.00046658470362297773 0.0004667862520910654 0.0004675348606868197 0.00046762123860171433 0.0004679667502612932 0.00046822588400597737 0.0004683986398357668 0.00046848501775066155 0.0004687441514953457 0.00046880173677194215 0.00046883052941024047 0.00046917604106981933 0.00046940638217620524 0.0004695791380059947 0.00047064446562302954 0.0004716810006017662 0.00047358131472945 0.00047409958221881837 0.0004743875086018008 0.00047510732455925675 0.0004755104214954321 0.0004756255920486251 0.00047666212702736165 0.00047666212702736165 0.0004767197123039582 0.0004776410767295019 0.000478504855878449 0.00047957018349548396 0.00047980052460186987 0.00048031879209123817 0.00048155687553806247 0.00048216152094232557 0.0004827085810699921 0.00048296771481467625 0.00048328443383595685 0.00048328443383595685 0.0004833420191125534 0.00048365873813383404 0.00048374511604872873 0.00048374511604872873 0.00048386028660192163 0.00048403304243171106 0.0004842345908997988 0.00048437855409129 0.00048460889519767595 0.00048463768783597416 0.0004848104436657636 0.0004851847479636407 0.00048532871115513195 0.00048584697864450025 0.00048607731975088616 0.00048650920932535977 0.0004867107577934474 0.00048699868417642985 0.0004872866105594123 0.0004872866105594123 0.00048754574430409636 0.00048757453694239463 0.0004877185001338858 0.00048806401179346466 0.0004887262424743242 0.0004889853762190084 0.0004893308878785872 0.0004904250081339204 0.0004907993124317975 0.0004909432756232887 0.000491346372559464 0.0004913751651977623 0.0004920086032403235 0.0004920949811552183 0.0004923253222616042 0.0004926420412828849 0.0004927572118360778 0.0004928435897509725 0.0004929587603041655 0.0004930739308573584 0.0004931891014105514 0.0004940528805594986 0.0004940528805594986 0.0004940528805594986 0.000494110465836095 0.0004941392584743934 0.000494455977495674 0.0004946575259637616 0.0004946863186020599 0.0004947151112403581 0.0004948878670701476 0.0004948878670701476 0.000494945452346744 0.0004950318302616388 0.0004953485492829193 0.0004954349271978141 0.0004956364756659018 0.0004958380241339895 0.0004959244020488842 0.0004961835357935683 0.0004962987063467613 0.0004964138768999543 0.0004965578400914455 0.0004967305959212349 0.0004969897296659191 0.0004973064486871997 0.000497824716176568 0.0004981414351978487 0.0004983141910276382 0.0004987460806021118 0.0004987460806021118 0.0004988612511553046 0.0004990627996233923 0.0004992067628148835 0.0004994083112829713 0.0004998114082191466 0.0005008767358361814 0.0005009919063893745 0.0005013950033255498 0.0005013950033255498 0.0005020284413681111 0.0005026330867723741 0.000503093768985146 0.0005035544511979178 0.0005035544511979178 0.000503698414389409 0.0005038999628574967 0.000504418230346865 0.0005044470229851632 0.0005044470229851632 0.0005044758156234615 0.0005046773640915492 0.0005050804610277246 0.0005054835579638998 0.0005055123506021982 0.0005061745812830576 0.0005062609591979523 0.0005063185444745487 0.0005073550794532854 0.0005074990426447766 0.0005074990426447766 0.0005075854205596714 0.0005075854205596714 0.0005084204070703204 0.0005086507481767062 0.0005088235040064957 0.000508852296644794 0.0005088810892830922 0.0005098888316235306 0.0005103207211980041 0.0005110981224320567 0.0005112132929852496 0.000511270878261846 0.0005113284635384426 0.0005113572561767408 0.0005114724267299338 0.0005114724267299338 0.0005116451825597232 0.0005125089617086703 0.0005128544733682493 0.0005134015334959159 0.0005134591187725123 0.0005135167040491087 0.0005136606672405999 0.0005138334230703894 0.000515100299155512 0.0005152730549853014 0.0005158777003895645 0.0005158777003895645 0.0005161944194108451 0.0005165687237087222 0.0005172885396661783 0.0005176340513257571 0.0005179219777087396 0.0005196783286449322 0.0005202829740491951 0.0005205133151555811 0.0005210027900066511 0.0005213483016662301 0.0005216938133258089 0.0005218665691555984 0.0005222120808151772 0.0005228167262194402 0.0005241411875811593 0.0005244003213258435 0.0005248897961769135 0.000525062552006703 0.0005252928931130888 0.0005262718428152291 0.0005263582207301238 0.0005281145716663165 0.0005281433643046146 0.0005281433643046146 0.0005285176686024918 0.0005287192170705795 0.0005296693741344213 0.0005297557520493161 0.0005301876416237897 0.0005302740195386844 0.0005311090060493333 0.0005311090060493333 0.0005318576146450876 0.0005319727851982805 0.0005334987950280873 0.0005339018919642627 0.0005346792931983151 0.0005349384269429993 0.0005354854870706659 0.0005355142797089641 0.0005355430723472623 0.0005356582429004553 0.0005362628883047183 0.0005370114969004725 0.0005371266674536655 0.000537184252730262 0.0005372130453685602 0.0005372706306451567 0.0005372994232834549 0.0005378464834111215 0.0005385087140919811 0.0005391421521345423 0.0005402074797515771 0.0005404090282196648 0.0005406681619643491 0.0005410424662622261 0.000541387977921805 0.0005414743558366997 0.000542712439283524 0.0005434898405175765 0.000543662596347366 0.0005439505227303484 0.0005442960343899272 0.0005444112049431202 0.0005458508368580323 0.0005463978969856987 0.000547866321538909 0.0005479814920921019 0.0005480678700069966 0.0005488740638793474 0.0005508031706453295 0.0005512062675815049 0.0005516957424325749 0.0005520124614538555 0.0005528186553262063 0.0005529626185176975 0.0005537112271134517 0.0005538263976666447 0.0005546037989006971 0.0005546325915389954 0.0005556403338794338 0.0005563025645602933 0.0005564465277517845 0.0005575406480071176 0.0005578573670283982 0.0005584620124326613 0.0005604199118369416 0.00056191712902845 0.0005628097008156955 0.0005631840051135726 0.0005634143462199586 0.0005636446873263445 0.0005641341621774145 0.0005649979413263617 0.000565631379368923 0.0005658329278370107 0.0005685970211136418 0.0005694895929008871 0.0005699214824753607 0.0005712459438370797 0.0005715626628583605 0.000573664525454132 0.0005738372812839214 0.0005742115855817985 0.000574384341411588 0.0005749889868158511 0.0005757375954116052 0.0005766877524754471 0.0005785304813265345 0.0005808338923903937 0.0005808914776669901 0.0005815249157095515 0.0005822447316670075 0.0005826190359648846 0.0005827917917946739 0.0005841450457946913 0.0005848072764755508 0.0005853543366032174 0.0005863332863053575 0.0005866500053266381 0.0005870531022628136 0.0005885791120926202 0.0005888958311139009 0.0005902778777522163 0.0005903066703905147 0.0005903354630288129 0.0005909976937096723 0.0005913432053692513 0.0005915159611990406 0.000591919058135216 0.0005924373256245844 0.0005926388740926721 0.0005927828372841633 0.0005928980078373562 0.0005932723121352333 0.0005934162753267246 0.0005948846998799348 0.0005956045158373907 0.0005959788201352679 0.0005960939906884609 0.000596583465539531 0.0005966410508161274 0.0005968138066459168 0.0005970441477523027 0.0005973896594118816 0.0005976487931565658 0.0005984261943906183 0.0005987141207736006 0.000599117217709776 0.0005994051440927585 0.0005996066925608462 0.0005998658263055303 0.0005998946189438285 0.0006014206287736352 0.0006016221772417229 0.0006018525183481088 0.0006019676889013017 0.0006020252741778983 0.0006025147490289684 0.0006045878189864416 0.0006046454042630381 0.000604760574816231 0.0006047893674545294 0.0006051636717524063 0.0006055667686885817 0.0006058834877098625 0.000606200206731143 0.0006064881331141254 0.0006068624374120026 0.0006072943269864762 0.000607639838646055 0.0006076686312843533 0.000607755009199248 0.0006081293134971252 0.0006086475809864935 0.0006095977380503353 0.0006105766877524756 0.0006108358214971596 0.0006112677110716332 0.0006113828816248263 0.0006119299417524927 0.0006119299417524927 0.0006121314902205805 0.0006121890754971769 0.0006125345871567558 0.0006125921724333522 0.0006127073429865453 0.000612908891454633 0.0006131392325610189 0.0006146652423908256 0.0006146940350291237 0.0006148955834972116 0.0006150107540504045 0.0006158745331993516 0.0006170838240078777 0.0006174293356674567 0.0006179476031568249 0.0006181203589866143 0.0006181491516249126 0.000618206736901509 0.0006186098338376844 0.0006189265528589651 0.0006193008571568422 0.0006199918804759999 0.0006202798068589824 0.0006206541111568594 0.0006206541111568594 0.0006207692817100525 0.0006211147933696314 0.0006213739271143155 0.000621920987241982 0.0006228999369441221 0.0006236773381781747 0.000624195605667543 0.0006252033480079814 0.0006252897259228762 0.0006256064449441567 0.000625865578688841 0.0006274779664335423 0.0006275355517101389 0.00062767951490163 0.0006279386486463142 0.0006283993308590861 0.0006309042903910329 0.0006329485677102079 0.0006336395910293657 0.0006340714806038393 0.0006342730290719269 0.0006343594069868217 0.000634532162816611 0.0006347337112846988 0.0006348488818378918 0.0006362885137528037 0.0006377857309443122 0.0006378721088592069 0.0006400891420081714 0.0006405498242209433 0.0006411544696252062 0.0006431699543060831 0.0006434290880507672 0.000643515465965662 0.0006451566463486616 0.0006465674856252755 0.0006476903985189067 0.0006480359101784857 0.0006480934954550821 0.0006499362243061694 0.0006514334414976779 0.0006524987691147128 0.0006527291102210987 0.0006536792672849407 0.0006549749360083614 0.000656356982646677 0.0006577102366466941 0.0006577390292849925 0.0006587179789871326 0.0006592074538382028 0.0006594953802211851 0.0006599848550722552 0.0006604167446467288 0.0006608486342212024 0.0006615972428169566 0.0006617699986467461 0.0006631232526467634 0.0006640734097106052 0.0006643613360935877 0.000664390128731886 0.000664764433029763 0.0006662328575829733 0.0006665207839659556 0.0006687954023915166 0.0006694000477957797 0.0006704365827745162 0.0006715594956681477 0.0006716458735830424 0.0006717322514979371 0.0006724520674553931 0.0006752161607320241 0.0006778650834554622 0.0006814065779661456 0.0006829325877959523 0.0006835372332002154 0.0006846601460938468 0.0006875106172853725 0.0006876833731151619 0.0006925205363492663 0.000693701034519494 0.0006938449977109853 0.0006946223989450378 0.0006948815326897219 0.0006953422149024939 0.0006960332382216516 0.0007001505854982999 0.0007008704014557559 0.0007012159131153348 0.0007013886689451242 0.0007057651499664566 0.0007058803205196497 0.0007076366714558423 0.0007093354371154384 0.0007120707377537712 0.0007132800285622972 0.0007170518641793666 0.0007174261684772438 0.0007190961414985417 0.0007196719942645065 0.0007216586863070851 0.0007216874789453833 0.0007291159796263292 0.0007342410692434159 0.0007345289956263983 0.0007511711405627811 0.0007523516387330088 0.0007524668092862018 0.0007531578326053595 0.0007545686718819733 0.0007559507185202889 0.0007584268854139375 0.0007585708486054286 0.0007593482498394811 0.0007629761222650594 0.0007648476437544449 0.0007656250449884974 0.0007698287701800405 0.0007704910008609 0.0007710092683502683 0.0007717002916694261 0.0007731687162226363 0.0007830733837972309 0.0007843114672440552 0.0007875650353717563 0.0007913944562654221 0.0007929780513718253 0.0008000898330314905 0.0008010399900953325 0.0008024508293719462 0.0008061074944358227 0.0008070000662230681 0.0008102536343507693 0.0008138815067763476 0.0008228936025636966 0.0008265214749892749 0.0008398524665213598 0.0008512831439257612 0.0008602376544365138 0.0008645277575429515 0.000877426859500563 0.0008894909749475254 0.0008896637307773149 0.0008959405259263314 0.0009062482904371011 0.0009156922757989239 0.0009482567497142333 0.0009485158834589174 0.0009489765656716892 0.0009982983550765742 0.0009985862814595565 0.0010036249931617484 0.0010086637048639406 0.0010122915772895187 0.0010142206840555008 0.0010151420484810444 0.0010179349343959736 0.0010200943822683418 0.0010255937761833056 0.0010260832510343757 0.0010293368191620768 0.0010307188658003922 0.0010342315676727775 0.001035383273204707 0.0010357575775025842 0.0010357863701408825 0.0010377442695451628 0.0010397885468643377 0.0010407962892047763 0.0010412857640558462 0.0010420055800133023 0.0010424374695877758 0.0010439346867792843 0.0010447120880133368 0.001045345526055898 0.0010495204586091428 0.0010510464684389497 0.0010537817690772825 0.0010568913740134924 0.0010574096415028606 0.0010585037617581936 0.0010595115040986322 0.0010619300857156841 0.0010634273029071929 0.0010637728145667716 0.00106380160720507 0.0010674870649072447 0.0010731592146519977 0.0010751459066945764 0.001075952100566927 0.001076671916524383 0.0010793496318861194 0.001079407217162716 0.0010802134110350667 0.001083870076098943 0.0010849354037159782 0.0010885920687798544 0.0010897725669500823 0.0010901756638862577 0.0010908378945671173 0.0010921047706522397 0.0010939762921416253 0.0010992165523119048 0.001102700461545992 0.0011040825081843075 0.0011063859192481668 0.001107739173248184 0.0011108775708226922 0.0011109063634609903 0.0011122020321844112 0.0011128066775886742 0.0011166648911206383 0.0011170104027802173 0.0011183348641419363 0.0011210413721419708 0.0011240358065249879 0.0011251011341420227 0.0011265407660569348 0.001127894020056952 0.0011306869059718812 0.0011382881624826164 0.001139555038567739 0.0011454863220571765 0.0011473002582699657 0.0011518494951210875 0.0011519358730359822 0.0011534330902274908 0.0011537210166104731 0.0011537498092487712 0.0011543832472913327 0.001158500594567981 0.0011612358952063139 0.0011633377578020854 0.0011660154731638216 0.0011667352891212774 0.0011676566535468213 0.0011697297235042947 0.0011713996965255925 0.0011843563837598003 0.001187293232866221 0.0011881282193768699 0.0011910938611215886 0.0011961037801854822 0.001201344040355762 0.0012064979226111467 0.00120661309316434 0.0012096651128239533 0.0012313459694625278 0.001243985937675455 0.0012958702718888836 0.0013015424216336368 0.001302780505080461 0.0013189331751657736 0.0013339629323574549 0.001346574107932084 0.00136626827252808 0.0013789082407410073 0.0013890432494219878 0.0013890720420602861 0.0013899358212092333 0.0013920376838050049 0.001404418518273248 0.0014047352372945287 0.0014312244645289093 0.0014379619418906974 0.0014401501824013636 0.0014660635568697795 0.001472714656316673 0.00149779304427444 0.0015247717463598908 0.0015261250003599082 0.0015328912703599946 0.001534186939083415 0.0015569907086156213 0.0015863304070415276 0.001621774144786661 0.0016673240985744767 0.0016726795292979493 0.0016837934876810698 0.0017000613283195754 0.001710570641298433 0.0017198994561070627 0.0017327985580646741 0.0017437685532563035 0.001744920258788233 0.0017455249041924963 0.001745985586405268 0.0017472236698520922 0.001751744114064916 0.001752233588915986 0.0017527806490436528 0.0017550264748309153 0.0017552280232990029 0.0017560054245330553 0.0017588846883628796 0.0017598636380650196 0.0017616487816395107 0.0017626565239799489 0.0017682710884481057 0.0017687029780225794 0.0017709488038098419 0.0017731370443205081 0.0017747206394269114 0.0017748646026184026 0.001776937672575876 0.0017784348897673845 0.0017785212676822793 0.0017789243646184544 0.001779586595299314 0.0017801624480652787 0.0017812565683206119 0.0017819475916397696 0.001782350688575945 0.001782350688575945 0.0017830129192568046 0.0017840782468738394 0.001784740477554699 0.0017850284039376814 0.0017870726812568563 0.0017873318150015405 0.0017874469855547334 0.0017875621561079264 0.0017886562763632598 0.0017890017880228385 0.0017892897144058206 0.0017903838346611538 0.0017904990052143468 0.0017906717610441363 0.0017908157242356275 0.0017910460653420136 0.0017916507107462766 0.001792168978235645 0.0017924569046186272 0.0017926296604484167 0.0017928312089165045 0.0017933206837675744 0.001793608610150557 0.0017940980850016269 0.001794558767214399 0.001795566509554837 0.0017965742518952755 0.0017966894224484685 0.001796862178278258 0.0017972076899378368 0.0017972076899378368 0.0017973228604910296 0.0017973804457676263 0.0017975244089591174 0.0017984745660229594 0.0017989352482357314 0.0017994535157250997 0.0017999141979378713 0.001800461258065538 0.0018005476359804328 0.0018025631206613094 0.001803110180788976 0.0018035132777251513 0.001804204301044309 0.001804549812703888 0.0018048665317251685 0.001805154458108151 0.001806104615171993 0.0018076306250017996 0.0018078609661081853 0.0018079761366613784 0.0018082064777677643 0.001808264063044361 0.001809214220108203 0.0018093869759379924 0.0018100492066188518 0.001811373667980571 0.0018118055575550443 0.001813158811555062 0.001813561908491237 0.0018138498348742196 0.0018143393097252896 0.0018144544802784826 0.0018152606741508332 0.0018160092827465874 0.0018175352925763944 0.0018177080484061837 0.001818111145342359 0.0018181687306189553 0.0018181687306189553 0.0018186294128317273 0.0018186869981083238 0.0018189461318530078 0.001819090095044499 0.0018191764729593937 0.001819665947810464 0.0018200978373849376 0.001820500934321113 0.0018207024827892008 0.0018210479944487795 0.0018211631650019724 0.0018219981515126215 0.0018224876263636916 0.0018228619306615685 0.0018231786496828494 0.001823869673002007 0.001824848622704147 0.0018249637932573402 0.0018254532681084101 0.001825769987129691 0.0018266337662786378 0.0018269216926616203 0.0018270656558531115 0.001828418909853129 0.0018293114816403742 0.001829858541768041 0.0018319891970021106 0.0018324786718531805 0.001832766598236163 0.0018342638154276714 0.0018343501933425661 0.0018344941565340575 0.0018345229491723556 0.0018360201663638641 0.0018362217148319522 0.0018366823970447236 0.001837344627725583 0.0018373734203638815 0.001837805309938355 0.0018381220289596357 0.001838611503810706 0.0018386978817256008 0.0018398783798958284 0.0018402526841937053 0.001840310269470302 0.0018407133664064773 0.0018439957271724765 0.0018442548609171607 0.0018448595063214237 0.0018448882989597218 0.0018460400044916516 0.0018464143087895287 0.0018465006867044234 0.0018470477468320898 0.001847450843768265 0.0018477387701512475 0.001849207194704458 0.001849322365257651 0.001850905960364054 0.0018532669567045098 0.0018534397125342993 0.0018539291873853692 0.0018540443579385623 0.0018541019432151587 0.0018546202107045271 0.0018553976119385796 0.0018558295015130531 0.0018562325984492283 0.0018564053542790178 0.0018565205248322109 0.0018567220733002984 0.001857153962874772 0.0018571827555130703 0.0018573267187045614 0.0018573267187045614 0.0018590830696407542 0.001859198240193947 0.0018596301297684205 0.0018596301297684205 0.0018606954573854556 0.0018607818353003503 0.0018608106279386486 0.0018630852463642094 0.0018651007310450864 0.0018651583163216828 0.0018651871089599811 0.001865791754364244 0.0018658205470025422 0.0018669146672578754 0.0018669434598961737 0.0018675193126621384 0.0018689877372153486 0.0018697363458111027 0.0018699666869174889 0.0018701394427472783 0.0018701682353855764 0.0018705425396834537 0.0018708592587047342 0.0018710320145345237 0.0018712911482792077 0.0018717230378536814 0.0018717518304919797 0.0018718094157685761 0.0018718957936834709 0.0018727019875558217 0.001872903536023909 0.001872903536023909 0.0018738824857260496 0.0018740840341941374 0.0018746310943218035 0.0018751781544494703 0.0018754084955558562 0.0018766177863643822 0.0018773951875984346 0.0018774815655133294 0.0018775679434282241 0.0018776255287048205 0.0018778558698112067 0.001877913455087803 0.0018801592808750658 0.00188041841461975 0.0018825202772155213 0.0018827218256836091 0.0018833552637261706 0.0018842766281517143 0.001887760537385801 0.0018902079116411518 0.0018905822159390286 0.0018911868613432916 0.0018914459950879758 0.0018927128711730982 0.0018927128711730982 0.001893864576705028 0.0018952178307050452 0.0018955345497263258 0.0018971757301093255 0.0018979819239816763 0.0018985865693859395 0.0018993927632582899 0.0018994503485348867 0.001899968616024255 0.0019024735755562015 0.0019032797694285525 0.0019053528393860259 0.0019061014479817798 0.00190921105291799 0.0019100460394286388 0.0019111401596839717 0.0019124358284073927 0.001918107978152146 0.0019194612321521633 0.0019197779511734437 0.0019200946701947246 0.0019212751683649525 0.0019242983953862676 0.0019253925156416008 0.0019272928297692847 0.0019278974751735477 0.0019280702310033372 0.0019288764248756875 0.0019304312273437927 0.001930949494833161 0.001931698103428915 0.0019317556887055117 0.001933857551301283 0.0019341742703225637 0.0019369095709608967 0.001938637129258791 0.0019409981255992467 0.0019427544765354392 0.0019427832691737376 0.0019441941084503516 0.0019466702753440002 0.0019488585158546662 0.001950298147769578 0.001950499696237666 0.0019511907195568236 0.0019543867024079285 0.001956747698748384 0.0019603179858973655 0.0019695316301528024 0.001970596957769837 0.00197186383385496 0.0019733898436847665 0.001982459524748712 0.0019868360057700447 0.001989542513770079 0.001992536948153096 0.001996654295429744 0.0019988425359404108 0.0020001094120255334 0.0020037372844511118 0.0020041691740255853 0.0020130085139831444 0.002015916570451267 0.002020379429387494 0.002022999559472634 0.002030082548494001 0.0020399296307919987 0.002043499917940981 0.002047502094664436 0.002050352565855962 0.002051331515558102 0.002052310465260242 0.0020524256358134354 0.002057320384324136 0.0020585584677709602 0.0020589327720688375 0.0020661309316433976 0.0020682040016008706 0.002069787596707274 0.0020726380678987998 0.0020816501636861484 0.0020830610029627626 0.0020838096115585163 0.0020879845441117615 0.0020910365637713747 0.0020959025196437774 0.0020967662987927244 0.002097975589601251 0.0021038492878140917 0.002109492644920547 0.002116345292835528 0.0021195124830483345 0.0021211536634313335 0.0021398400856868912 0.00215049336185724 0.0021551865618998534 0.0021557048293892214 0.0021577203140700986 0.0021586992637722385 0.002162672647857396 0.002171080098240482 0.0021800634013895326 0.0021887011928790044 0.002189564972027952 0.0021953234996876 0.002197166228538687 0.0021993832616876517 0.0022035581942408964 0.0022068117623685974 0.0022090863807941582 0.002213174935432509 0.002213232520709105 0.0022198836201559984 0.002220286717092174 0.0022263331711348043 0.002231083956454014 0.0022447316670073793 0.00224717904126273 0.002250547779943624 0.002254895468326658 0.002259099193518201 0.0022627270659437795 0.00226957971385876 0.0022723438071353915 0.0022730924157311457 0.0022740425727949876 0.0022772961409226887 0.0022797435151780394 0.0022801178194759163 0.002294111041688861 0.002299898361986807 0.002304505184114526 0.002309975785391191 0.0023301882174765554 0.00233796222981708 0.002341878028625641 0.0023486442986257274 0.0023586353441152163 0.002359182404242883 0.00236790657364725 0.0023688279380727935 0.002375766963902669 0.002376803498881406 0.0023828787455623343 0.002388579687945386 0.0023933016806262975 0.0023934456438177887 0.0023959218107114373 0.0024073812807541366 0.0024082738525413824 0.0024175450820734154 0.0024331506920310616 0.0024417884835205334 0.002442709847946077 0.0024429401890524627 0.0024444661988822698 0.002452758478712163 0.0024600718088399155 0.0024605324910526877 0.002467097212584686 0.0024688247708825805 0.002469602172116633 0.002484459173478525 0.0024878567047977172 0.00249059200543605 0.002503088010457486 0.0025051610804149595 0.0025085586117341518 0.002510487718500134 0.0025123304473512213 0.0025152385038193434 0.0025319382340323227 0.0025344144009259713 0.0025482636599474247 0.002548292452585723 0.002548609171607003 0.0025513444722453362 0.0025516323986283186 0.0025522082513942832 0.0025566423176922124 0.0025570166219900893 0.002559492788883738 0.002562832734926334 0.0025636389287986847 0.0025637253067135797 0.0025646754637774216 0.002572938950969016 0.0025772002614371558 0.0025830163743734004 0.0025865578688840834 0.0025878823302458026 0.002590444875054346 0.002591395032118188 0.0026001192015225544 0.002602566575777905 0.0026027681242459925 0.002607835628586483 0.002609131297309904 0.0026161279084163758 0.0026167613464589375 0.002618258563650446 0.002625024833650532 0.002626090161267567 0.0026287390839910053 0.00262931493675697 0.0026357069024591792 0.002637837557693249 0.0026401985540337046 0.0026448053761614233 0.002646676897650809 0.002653299204459404 0.002653788679310474 0.0026549403848424033 0.0026553146891402806 0.002655832956629649 0.0026594608290552275 0.0026634630057786827 0.0026656512462893485 0.0026793565421193107 0.002680796174034223 0.002683445096757661 0.002683876986332135 0.002686785042800257 0.002686813835438555 0.002687072969183239 0.002687763992502397 0.0026892612096939056 0.002689290002332204 0.0027008934355663944 0.00270227548220471 0.002702390652757903 0.0027024770306727976 0.0027033983950983413 0.0027061049030983756 0.002706277658928165 0.00270636403684306 0.0027146563166729532 0.002716326289694251 0.002718226603821935 0.0027186584933964085 0.0027239563388432846 0.0027248201179922316 0.0027250216664603194 0.0027265188836518277 0.0027283904051412134 0.002728851087353985 0.002729139013736968 0.0027342065180774575 0.0027418077745881933 0.002742527590545649 0.0027447446236946137 0.002751626064247893 0.0027520291611840683 0.002755455485141559 0.00275608892318412 0.0027575573477373306 0.0027593712839501195 0.002760004721992681 0.0027610412569714173 0.0027619914140352593 0.0027640068987161365 0.002766108761311908 0.0027663103097799956 0.002766511858248083 0.0027693047441630122 0.002776330147907783 0.002776819622758853 0.002780332324631238 0.0027915038682909555 0.002792338854801604 0.002793145048673955 0.0027983853088442345 0.0028044317628868652 0.0028076853310145663 0.002808376354333724 0.0028106221801209867 0.0028116587150997237 0.002812666457440162 0.002814077296716775 0.0028181370587168275 0.002819807031738125 0.0028212754562913353 0.0028244138538658435 0.0028317559766318947 0.002832043903014877 0.0028337714613127715 0.002836938651525578 0.0028375145042915427 0.002838666209823472 0.0028403937681213665 0.0028461522957810145 0.0028484557068448736 0.0028545021608875044 0.0028640037315259236 0.002865731289823818 0.0028663071425897827 0.0028688984800366245 0.0028688984800366245 0.002872353596632413 0.0028735053021643427 0.0028749449340792544 0.0028809913881218847 0.0028850223574836383 0.0028930842962071454 0.002898842823866794 0.0029020100140796 0.0029080564681222307 0.0029143908485478433 0.002914966701313808 0.0029152546276967907 0.002953260910250467 0.002953260910250467 0.0029535488366334494 0.002955852247697309 0.0029587315115271328 0.0029852207387615136 0.0029889637817402843 0.002995010235782915 0.002998753278761686 0.002999329131527651 0.003005087659187299 0.0030249545796130844 0.0030612333038688667 0.003062672935783779 0.0030667039051455324 0.0030698710953583385 0.0030776451076988637 0.003081676077060617 0.0030934810587628955 0.003100391291954473 0.0031012550711034203 0.003103270555784297 0.003105286040465174 0.0031061498196141213 0.0031274563719548183 0.003142140617486921 0.003156536936636041 0.0031582644949339355 0.0031663264336574425 0.0031735245932320026 0.003178131415359721 0.003179571047274633 0.0031807227528065627 0.003193391513657788 0.003195406998338665 0.003201165525998313 0.003217289403445327 0.0032227600047219926 0.0032241996366369047 0.0032288064587646234 0.003231685722594447 0.0032515526430202325 0.0032552956859990038 0.0032561594651479508 0.0032564473915309335 0.0032573111706798805 0.003266524814935317 0.0032708437106800533 0.003274874680041807 0.0032783297966375957 0.0032823607659993492 0.0032832245451482967 0.003286967588127068 0.0032921502630207508 0.003299348422595311 0.0033065465821698705 0.0033085620668507477 0.0033094258459996947 0.003310577551531624 0.0033160481528082897 0.0033186394902551316 0.003323534238765832 0.0033258376498296912 0.003336778852383023 0.0033376426315319696 0.003338506410680917 0.003339082263446882 0.003341673600893723 0.0033451287174895124 0.003351463097915125 0.0033563578464258256 0.0033569336991917903 0.0033603888157875796 0.003362116374085474 0.0033638439323833685 0.003364419785149333 0.003370754165574946 0.0033742092821707347 0.0033770885460005584 0.0033785281779154706 0.0033923486442986256 0.003393212423447573 0.0034006985094051155 0.0034009864357880974 0.0034038656996179216 0.0034081845953626575 0.0034084725217456402 0.0034087604481286226 0.0034104880064265166 0.0034116397119584464 0.003411927638341429 0.003413367270256341 0.0034257481047245838 0.003426323957490549 0.0034271877366394963 0.0034312187060012494 0.0034317945587672145 0.003434961748980021 0.003438128939192827 0.00344331161408651 0.003443887466852475 0.0034513735528100176 0.0034513735528100176 0.003456844154086683 0.0034591475651505423 0.0034649060928101903 0.0034649060928101903 0.00346605779834212 0.0034686491357889615 0.0034715283996187853 0.003472680105150715 0.0034729680315336974 0.0034735438842996625 0.003477862780044398 0.0034784386328103626 0.003479878264725275 0.0034836213077040464 0.0034896677617466763 0.0034913953200445707 0.0034925470255765005 0.00349485043664036 0.0034968659213212364 0.003499169332385096 0.003500033111534043 0.0035011848170659727 0.003501472743448955 0.003501472743448955 0.003505791639193691 0.003510686387704392 0.0035118380932363216 0.0035132777251512333 0.003527961970683336 0.0035305533081301773 0.0035363118357898253 0.0035365997621728076 0.0035386152468536844 0.003541782437066491 0.0035437979217473677 0.003547540964726139 0.0035567546089815757 0.0035567546089815757 0.0035596338728113995 0.0035622252102582414 0.0035625131366412233 0.0035625131366412233 0.003563952768556136 0.003565104474088065 0.003566544106002977 0.003570575075364731 0.0035731664128115723 0.0035774853085563086 0.0035780611613222733 0.0035823800570670087 0.003586698952811745 0.0036036866094077066 0.0036059900204715657 0.00360771757876946 0.00360771757876946 0.0036080055051524425 0.003610596842599284 0.003612036474514196 0.003626144867280334 0.003630751689408052 0.0036537858000466445 0.003662999444302081 0.0036678941928127815 0.0036707734566426052 0.0037012936532387396 0.003706188401749441 0.0037133865613240007 0.003725191543026279 0.0037375723774945224 0.003739875788558381 0.0037413154204732936 0.0037551358868564482 0.003764349531111885 0.00377212354345241 0.0037856560834525826 0.0037896870528143366 0.003791414611112231 0.0038337397894106437 0.003838058685155379 0.0038400741698362563 0.0038544704889853765 0.003864259986006778 0.0038795200843048444 0.003881247642602739 0.0038878699494113347 0.0038898854340922114 0.003895643961751859 0.0039051455323902786 0.003908024796220102 0.003909176501752032 0.003923860747284134 0.0039284675694118525 0.003929043422177818 0.003950349974518515 0.00395582057579518 0.0039710806740932475 0.003997569901327629 0.004001600870689382 0.004011678294093766 0.004012254146859731 0.004041046785157971 0.0040439260489877945 0.004073582466434982 0.0041017992519672575 0.004140669313669881 0.004143548577499705 0.004181842786436364 0.0041904805779258356 0.004209195792819692 0.004215530173245305 0.00422100077452197 0.004259007057075647 0.00427628264005459 0.00428348079962915 0.004286360063458975 0.004307090763033708 0.0043191836711189684 0.0043378988860128245 0.004341929855374577 0.00434826423580019 0.004361796775800363 0.004366979450694046 0.004373601757502642 0.004378496506013342 0.004384830886438955 0.004410168408141406 0.004411895966439301 0.004422837168992631 0.004423700948141579 0.004428307770269297 0.004431762886865086 0.0044435678685673646 0.004466889905588939 0.004472360506865604 0.004476103549844376 0.004490499868993496 0.004492515353674373 0.004522747623887524 0.004602791158356631 0.004631007943888907 0.00463503891325066 0.004685713956655562 0.0047018378341025764 0.004706156729847312 0.004725735723890116 0.004767772975805547 0.0047784262519758956 0.004779002104741859 0.004789943307295191 0.004792822571125015 0.0048049154792102755 0.004808946448572029 0.0048296771481467615 0.004856454301764125 0.004864516240487632 0.004880640117934647 0.00488351938176447 0.004892733026019907 0.004907993124317975 0.004912599946445693 0.0049336185724034075 0.004937073688999197 0.004948878670701475 0.0049523337872972644 0.0049621232843186655 0.004968745591127261 0.0049770954562337495 0.00497824716176568 0.004984581542191293 0.004984581542191293 0.004997826155808483 0.0050038726098511135 0.005004160536234095 0.005004448462617078 0.005005024315383043 0.005007327726446902 0.005008767358361814 0.005008767358361814 0.005009919063893743 0.005013662106872515 0.005016829297085321 0.005023451603893917 0.005038135849426018 0.0050438943770856675 0.005046773640915491 0.005051092536660227 0.005053395947724085 0.005054547653256016 0.005066640561341276 0.005068368119639171 0.0050703836043200475 0.005073550794532854 0.005074126647298819 0.005078733469426537 0.005079597248575484 0.005086507481767062 0.005087947113681974 0.005088522966447939 0.005092841862192675 0.005094857346873551 0.005101767580065129 0.005113284635384425 0.005113572561767407 0.005114436340916354 0.005118179383895125 0.005118467310278108 0.005125089617086703 0.0051253775434696855 0.005130560218363369 0.005137470451554947 0.005144668611129507 0.005145820316661436 0.00514754787495933 0.005147835801342313 0.005148987506874242 0.005151290917938102 0.005151866770704067 0.00515359432900196 0.005159928709427574 0.005161656267725467 0.005163383826023362 0.005168566500917045 0.0051725974702787995 0.0051734612494277465 0.0051743250285766935 0.005178931850704413 0.005179219777087394 0.005179507703470376 0.00517979562985336 0.005181235261768271 0.005184978304747042 0.0051858420838959895 0.005186417936661954 0.005188721347725814 0.005190448906023708 0.005192176464321602 0.005202541814108968 0.005207724489002652 0.0052097399736835285 0.005210315826449494 0.005214922648577212 0.005214922648577212 0.0052169381332580885 0.005217226059641071 0.005218953617938966 0.005223272513683702 0.005229606894109314 0.005231910305173173 0.005231910305173173 0.005232198231556156 0.00523277408432212 0.005235653348151945 0.005239684317513698 0.005240548096662645 0.005241123949428611 0.00524227565496054 0.005242851507726505 0.005243139434109487 0.005244003213258434 0.005247746256237205 0.005249761740918082 0.0052543685630458 0.00525552026857773 0.005258975385173519 0.005260990869854396 0.005264158060067202 0.005266173544748079 0.00526876488219492 0.005273083777939656 0.005273371704322639 0.005273947557088604 0.005276538894535445 0.005279418158365269 0.005280281937514216 0.0052808577902801815 0.0052808577902801815 0.00528316120134404 0.005288055949854742 0.0052923748455994775 0.005293814477514389 0.005295829962195266 0.00529755752049316 0.005299285078791054 0.0052995730051740375 0.0053004367843229845 0.005301588489854914 0.005305331532833685 0.005306483238365614 0.005306771164748598 0.005312529692408245 0.0053128176187912275 0.005316272735387016 0.005317424440918947 0.00531800029368491 0.005319727851982805 0.005321743336663682 0.005322319189429646 0.005328365643472277 0.005332396612834031 0.005333836244748943 0.00534189818347245 0.005342761962621397 0.0053430498890043795 0.005347080858366133 0.005347368784749115 0.00534909634304701 0.005359461692834376 0.005360901324749289 0.005364932294111041 0.005367523631557883 0.005372994232834548 0.0053793286132601615 0.005379616539643145 0.0053980438281540175 0.005399195533685947 0.005399195533685947 0.005401498944749806 0.005403226503047701 0.005404954061345595 0.005411864294537173 0.005414455631984014 0.005415319411132961 0.00541877452772875 0.005421653791558574 0.005426260613686293 0.0054274123192182226 0.005432307067728923 0.005444112049431201 0.005444112049431201 0.005444399975814184 0.005445839607729095 0.005446127534112079 0.00544756716602699 0.005453325693686639 0.005457356663048391 0.0054628272643250575 0.005463978969856987 0.005465130675388917 0.005465418601771899 0.0054717529821975116 0.005472040908580494 0.005474632246027336 0.0054824062583678605 0.005485573448580666 0.005485861374963649 0.005490468197091368 0.0054930595345382095 0.005496226724751015 0.00549795428304891 0.005499393914963823 0.005501697326027681 0.0055135023077299596 0.0055152298660278536 0.005516669497942766 0.005517245350708731 0.005517533277091713 0.00552070046730452 0.005524443510283291 0.005528474479645044 0.005531065817091886 0.005531929596240833 0.005535960565602587 0.005546037989006971 0.005547477620921883 0.005554099927730478 0.005557267117943284 0.005561586013688021 0.0055765581856031055 0.005577997817518017 0.005588651093688366 0.005594697547730996 0.0055987285170927496 0.005603335339220468 0.005605350823901345 0.005634143462199585 0.005645948443901864 0.005654298309008353 0.005659768910285018 0.005686258137519399 0.005689713254115188 0.005695471781774836 0.005698926898370625 0.005705837131562202 0.005733478064328512 0.005744707193264826 0.005751329500073421 0.005768893009435347 0.005791063340924992 0.005793654678371834 0.005799989058797447 0.005806899291989025 0.005812081966882707 0.0058126578196486724 0.005818128420925338 0.005829933402627616 0.005835691930287264 0.005844041795393754 0.0058500882494363846 0.0058518158077342786 0.005852967513266209 0.005857286409010945 0.005861893231138663 0.005868515537947257 0.005887806605607078 0.00589154964858585 0.005900475366458304 0.005907385599649881 0.005908825231564794 0.005909113157947776 0.005912568274543565 0.005927252520075667 0.005930995563054438 0.005931859342203385 0.005953741747310048 0.005957196863905837 0.005962667465182502 0.005964682949863379 0.005966122581778291 0.0059796551217784644 0.005989732545182848 0.006004704717097932 0.006016509698800211 0.006024571637523717 0.00602601126943863 0.0060461661162473975 0.006048181600928275 0.006076110460077568 0.006076974239226515 0.006078989723907391 0.006079853503056338 0.006109509920503526 0.006111525405184402 0.0061164201536951035 0.006116708080078086 0.006125921724333522 0.0061305285464612405 0.006145500718376325 0.006152986804333868 0.006171702019227724 0.006180627737100179 0.006184946632844915 0.006192144792419475 0.006198191246462105 0.006199055025611052 0.006200782583908946 0.006200782583908946 0.006201070510291929 0.006202798068589824 0.006202798068589824 0.006204525626887717 0.006205101479653682 0.006209132449015436 0.006211435860079295 0.006215466829441049 0.006217194387738943 0.006220073651568767 0.006222664989015609 0.0062255442528454325 0.006232742412419993 0.006236773381781746 0.006237925087313676 0.006243683614973324 0.006260383345186304 0.006261535050718233 0.006267005651994898 0.006284569161356824 0.006296949995825067 0.0062975258485910325 0.006308754977527345 0.006314801431569976 0.006319408253697694 0.006320559959229624 0.006326606413272254 0.006326894339655237 0.006328333971570149 0.0063312132353999725 0.006344457849017163 0.006348200891995935 0.006349352597527864 0.006368931591570667 0.0063720987817834735 0.006372962560932421 0.006409529211571186 0.006416727371145745 0.006433427101358725 0.0064351546596566195 0.006445232083061003 0.006459340475827141 0.00647488850050819 0.006489572746040292 0.006496770905614852 0.006503393212423448 0.006529018660508881 0.006533337556253617 0.006538808157530282 0.00654197534774309 0.006561842268168875 0.00659725721327571 0.00660935012136097 0.006611653532424829 0.006611941458807812 0.0066367031277442985 0.0066695267354042916 0.0066729818520000804 0.006686802318383235 0.006692560846042884 0.0067458272268946275 0.006765694147320413 0.006769437190299184 0.0067939109328526886 0.006794198859235671 0.006803412503491107 0.006851784135832151 0.006882592258811267 0.0069456481366844125 0.0069856699039189665 0.007022812407323695 0.007037208726472816 0.007038360432004745 0.007121283230303675 0.0071374071077506904 0.007175989243070332 0.007265534348177859 0.007393661588605026 0.007412952656264848 0.007555188289458153 0.007580525811160603 0.007660857272012694 0.0076792845605235666 0.007771133076694952 0.007850888684781076 0.007875362427334581 0.008030554747762094 0.008068273103932787 0.00820417435670048 0.00826550267627573 0.008296886652020812 0.008393917843085881 0.008411193426064823 0.008413496837128684 0.008423574260533067 0.008458989205639903 0.008488357696704108 0.008495267929895686 0.008522620936279013 0.008538456887343044 0.008579630360109529 0.008597481795854437 0.008623971023088818 0.008642398311599691 0.008657658409897758 0.0086602497473446 0.008671190949897932 0.008763039466069317 0.008780027122665277 0.00878031504904826 0.00878377016564405 0.008805940497133694 0.008816017920538077 0.008818321331601937 0.008849417380964036 0.008854024203091755 0.008859206877985438 0.00886208614181526 0.008873603197134558 0.008918807639262795 0.008932340179262968 0.009012383713732074 0.009044055615860138 0.009086380794158551 0.009100201260541705 0.009135040352882576 0.009146269481818889 0.009156634831606256 0.009174774193734147 0.009275836354160969 0.009281019029054653 0.00928562585118237 0.009295415348203773 0.009332845777991485 0.009365669385651478 0.00938870349629007 0.009403675668205155 0.00942123917756708 0.009458093754588828 0.009501282712036187 0.00950732916607882 0.0095436078903346 0.009555412872036878 0.009556852503951791 0.009602632798845993 0.00963603225927195 0.00969476924140036 0.009716651646507023 0.009723273953315618 0.00974774769586912 0.009756097560975611 0.009756385487358594 0.009762431941401223 0.009784026420124903 0.00983758072735963 0.009873859451615412 0.009939794593318382 0.00994324970991417 0.009989317931191352 0.010011776189063981 0.01002588458183012 0.010027036287362047 0.010048918692468711 0.010056692704809236 0.010065906349064672 0.01006936146566046 0.010115429686937646 0.010119460656299399 0.010155163527789217 0.010160634129065883 0.010172727037151141 0.010207854055874994 0.010217931479279378 0.010218795258428327 0.010229736460981657 0.010262847995024632 0.010265439332471475 0.010270909933748141 0.01027925979885463 0.010284442473748313 0.010316690228642341 0.010318993639706201 0.010333965811621286 0.010343467382259705 0.010345482866940581 0.010360167112472686 0.010364198081834438 0.010367365272047244 0.010395294131196537 0.010402780217154078 0.010404507775451974 0.010411993861409516 0.010427541886090566 0.010429557370771442 0.010450000143963191 0.010452591481410034 0.010456910377154769 0.010461229272899508 0.010461517199282488 0.010489733984814764 0.010508161273325638 0.010509312978857566 0.01051334394821932 0.0105398331754537 0.010556244979283697 0.010582446280135096 0.010593675409071409 0.010599146010348075 0.010621028415454738 0.010627938648646315 0.010638591924816664 0.010674294796306482 0.010677461986519287 0.010690418673753496 0.010696177201413144 0.010697904759711038 0.010706830477583492 0.010712301078860158 0.01071748375375384 0.010731304220136998 0.010733031778434892 0.010742821275456293 0.010743972980988222 0.010746852244818045 0.01076297612226506 0.010781979263541899 0.010787161938435583 0.010789465349499441 0.010805013374180491 0.010810196049074175 0.010818833840563645 0.010845610994181009 0.010847338552478903 0.010849354037159779 0.010853097080138551 0.010858567681415215 0.0108637503563089 0.01087469155886223 0.010883329350351703 0.010906075534607313 0.010906363460990295 0.010910394430352048 0.010913849546947837 0.010919320148224502 0.010921911485671345 0.01092968549801187 0.01093342854099064 0.010938899142267306 0.010953583387799408 0.010955598872480285 0.010957902283544145 0.010959917768225021 0.01097402616099116 0.010974889940140106 0.010982951878863613 0.010993317228650979 0.010996772345246769 0.011025277057162025 0.01102700461545992 0.011032475216736585 0.011037945818013251 0.011038521670779216 0.01104629568311974 0.011057812738439038 0.011075376247800963 0.011093515609928854 0.011145630285248669 0.01114822162269551 0.0111516767392913 0.011156571487801999 0.011174422923546909 0.011187379610781116 0.01119025887461094 0.0111925622856748 0.01119976044524936 0.011202351782696202 0.011202639709079185 0.011208110310355849 0.011219051512909181 0.011224234187802865 0.011227401378015669 0.011231432347377425 0.011238054654186019 0.011241509770781807 0.011244676960994614 0.01125849742737777 0.011287002139293028 0.011290169329505833 0.01130888454439969 0.011318098188655127 0.011332206581421264 0.011337677182697929 0.01135092179631512 0.011361575072485468 0.01136186299886845 0.011362726778017399 0.01136646982099617 0.011386624667804936 0.01139295904823055 0.011397277943975286 0.011414841453337212 0.011415705232486159 0.011420024128230894 0.011449968472061065 0.011451120177592995 0.011455151146954747 0.011464940643976148 0.011464940643976148 0.011473002582699657 0.011499491809934037 0.01150582619035965 0.011521950067806664 0.011525405184402452 0.011529724080147189 0.011532891270359995 0.011534906755040871 0.011544120399296308 0.011545560031211221 0.01155016685333894 0.011566290730785954 0.011566578657168937 0.011574352669509461 0.011609767614616295 0.011617829553339802 0.011618693332488751 0.01164374292780822 0.011677718241000144 0.011689235296319439 0.011691250781000315 0.01169787308780891 0.011721195124830485 0.011736455223128552 0.011737606928660481 0.011740486192490306 0.011749123983979776 0.011757185922703285 0.011764096155894863 0.01177244602100135 0.01177244602100135 0.011773885652916264 0.011790585383129243 0.01180958852440608 0.0118141953465338 0.011826576181002042 0.011839820794619234 0.01185133784993853 0.011857960156747125 0.01186227905249186 0.011871204770364314 0.01188041841461975 0.011907195568237114 0.01191381787504571 0.011927062488662899 0.011938579543982196 0.011940595028663074 0.011942898439726932 0.011951824157599386 0.011954703421429212 0.011962765360152717 0.011963917065684648 0.01197514619462096 0.011988966661004116 0.01199069421930201 0.012000483716323411 0.012003650906536219 0.012007106023132007 0.012011136992493761 0.01201718344653639 0.01202179026866411 0.012024669532493933 0.01204712779036656 0.012048567422281473 0.012050007054196385 0.012050870833345332 0.012051158759728314 0.01205432594994112 0.012058068992919892 0.012058068992919892 0.012090892600579885 0.012105576846111986 0.012115942195899353 0.012124579987388825 0.012126019619303739 0.01212889888313356 0.012130338515048474 0.012139264232920928 0.012147326171644436 0.01214905372994233 0.012174391251644781 0.012204335595474949 0.012211821681432491 0.012217004356326175 0.012221899104836877 0.01224032639334775 0.012241478098879679 0.012242917730794592 0.012271710369092833 0.012278044749518444 0.012289273878454758 0.012333614541434047 0.012337069658029836 0.01235060219803001 0.012356360725689658 0.012363846811647199 0.012365574369945094 0.012384577511221932 0.012385153363987897 0.012389472259732632 0.01239868590398807 0.012401853094200875 0.012409051253775435 0.012425463057605432 0.012439283523988588 0.012440723155903501 0.012459726297180338 0.01251040134058524 0.01255099896058576 0.01257633648228821 0.012576624408671192 0.012582958789096805 0.012594763770799083 0.012596779255479959 0.012620965071650482 0.012637952728246443 0.012645438814203986 0.01264946978356574 0.012655228311225387 0.012675671084417138 0.012690931182715205 0.012708782618460113 0.012763200704843786 0.012775005686546064 0.012789114079312202 0.01281157233718483 0.012812148189950794 0.012850730325270437 0.012871173098462186 0.012877507478887799 0.012892767577185866 0.01291004316016481 0.012915801687824458 0.012946321884420593 0.012975114522718833 0.01297597830186778 0.013018879332932156 0.013042201369953732 0.013043353075485662 0.013053142572507063 0.013060628658464605 0.013068402670805128 0.013068978523571095 0.013069842302720042 0.013085102401018109 0.013097771161869335 0.013099786646550211 0.013106984806124771 0.013121381125273892 0.013122244904422837 0.013205167702721768 0.013236551678466851 0.013263040905701231 0.013327536415489288 0.013401245569532783 0.013415929815064885 0.013474378870810313 0.01356421190230082 0.01359156490868415 0.013663258578046766 0.013758562210813941 0.013817587119325332 0.013910299414645664 0.013923831954645837 0.01395751934145478 0.014098315342733172 0.014138337109967725 0.01417864680358526 0.014179510582734207 0.014198225797628063 0.014351114706991717 0.014462254290822924 0.014475786830823097 0.014878595840615473 0.014904797141466869 0.014962670344446335 0.014995493952106328 0.0150188159891279 0.015260962077216098 0.015262689635513993 0.015353386446153448 0.01536432764870678 0.015414426839345716 0.015460782987005884 0.015619430424029185 0.015716173688711272 0.015985096930416835 0.01604757695552401 0.016071474845311552 0.016387618013826225 0.016514881475104447 0.016602123169148112 0.016611048887020568 0.016775166925320537 0.016879972128726127 0.016881987613407007 0.017004356326174527 0.017083824007877668 0.017175096671283085 0.01738297951979638 0.01741551520107339 0.01750909127554267 0.017532413312564245 0.01778406097129086 0.01779586595299314 0.01784164624788734 0.017857482198951374 0.018072851133422208 0.018227179674700774 0.018433910817682135 0.018647264267472093 0.018729323286622076 0.018827218256836094 0.018882500122368716 0.01904834571896658 0.01941458807812019 0.019840143272168174 0.01994034165344605 0.020165212158555303 0.020774176458563075 0.022044795586664404 0.02232897892666803 0.023322900800723273 0.023436055869235355 0.02345217974668237 0.023552666054343228 0.023575124312215857 0.02360334109774813 0.023947125199029116 0.02396814382498683 0.02409684691817996 0.02446510476201445 0.024757062114358602 0.02482760407818929 0.025218320179896406 0.02527504167734394 0.02541439804670742 0.025462769679048463 0.02552006702926196 0.025603277753943873 0.025725646466711393 0.02583102752288295 0.02628854254544198 0.02630149923267619 0.02632885223905952 0.026394499454379508 0.026530688633530183 0.02655199518587088 0.026612171799914198 0.02665046600885086 0.026676667309702255 0.026683577542893834 0.026700565199489795 0.02672129589906453 0.02674317830417119 0.02715318547353813 0.027181690185453387 0.027262021646305475 0.027358189058221596 0.027380647316094225 0.027388421328434748 0.027477678507159292 0.027549948029287875 0.02759515247141611 0.027629415710991017 0.02763488631226768 0.027964562020782527 0.02801638876971936 0.028073398193549873 0.028086354880784082 0.0280909617029118 0.028193751421636517 0.02832706133695737 0.028351823005893857 0.028379176012277182 0.028401922196532793 0.028438200920788574 0.028516228970576804 0.0285326407744068 0.028657312898238183 0.02871115513185589 0.028726127303770974 0.028775362715260964 0.02878112124292061 0.02879551756206973 0.02880991388121885 0.028899171059943395 0.028942360017390756 0.02897403191951882 0.028985548974838116 0.02901722087696618 0.02906040983441354 0.02907480615356266 0.029086323208881954 0.0290920817365416 0.02909784026420125 0.029100719528031074 0.0291755803876065 0.02928499241313981 0.029325302106757347 0.029345456953566114 0.02937137032803453 0.029417438549311715 0.02942319707697136 0.02953260910250467 0.029601711434420447 0.029714002723783585 0.029762950208890585 0.029768708736550235 0.029780225791869536 0.029866603706764253 0.029898275608892317 0.029909792664211614 0.029918430455701084 0.029947223093999324 0.029996170579106335 0.030022083953574745 0.030033601008894045 0.030053755855702812 0.030056635119532635 0.030076789966341406 0.030082548494001052 0.030102703340809823 0.030114220396129116 0.030154530089746653 0.030160288617406304 0.030243787268471194 0.030301372545067675 0.030301372545067675 0.030318648128046622 0.030318648128046622 0.030324406655706265 0.030358957821664156 0.030358957821664156 0.030367595613153626 0.030416543098260633 0.030459732055707994 0.03049140395783606 0.030511558804644824 0.030517317332304474 0.0305201965961343 0.03055186849826236 0.03055186849826236 0.030600815983369372 0.030603695247199192 0.030629608621667612 0.030632487885497432 0.030635367149327263 0.030638246413157082 0.030638246413157082 0.030646884204646552 0.030655521996136022 0.030672797579114973 0.030672797579114973 0.030690073162093913 0.03070734874507286 0.030713107272732503 0.030718865800392153 0.030718865800392153 0.030727503591881623 0.030756296230179864 0.03075917549400969 0.030762054757839514 0.03078796813230793 0.03082539856209564 0.03082539856209564 0.03083115708975529 0.03083403635358511 0.03083403635358511 0.03085131193656406 0.030897380157841242 0.03093768985145878 0.030940569115288603 0.030940569115288603 0.0309520861706079 0.03097512028124649 0.03098087880890614 0.03101830923869385 0.031044222613162264 0.03104998114082191 0.03106725672380086 0.03107589451529033 0.03108741157060962 0.03109029083443945 0.03110180788975874 0.03110756641741839 0.03111908347273769 0.03112196273656751 0.0311680309578447 0.031188185804653462 0.031188185804653462 0.031202582123802582 0.031216978442951702 0.0312400125535903 0.03124289181742012 0.03125728813656924 0.03126016740039906 0.03126304666422889 0.031286080774867484 0.03129759783018678 0.03130911488550607 0.031323511204655194 0.03133502825997449 0.03134942457912361 0.03135806237061308 0.03137821721742185 0.03138109648125167 0.03140413059189026 0.03141276838337974 0.03146459513231657 0.03147323292380604 0.03147611218763586 0.03147611218763586 0.03148187071529551 0.03148762924295516 0.03149626703444463 0.03150778408976393 0.031522180408913046 0.03153081820040252 0.03154521451955164 0.031559610838700757 0.03156536936636041 0.031568248630190233 0.03157112789402006 0.03161143758763759 0.03161719611529724 0.03162583390678671 0.031634471698276184 0.03164310948976566 0.0316488680174253 0.03166326433657442 0.03166326433657442 0.03166902286423407 0.03167478139189372 0.03168629844721302 0.03168917771104284 0.03169205697487266 0.03169781550253231 0.03171221182168143 0.03172372887700073 0.031729487404660375 0.03173524593232002 0.03174100445997967 0.0317438837238095 0.031758280042958616 0.03176979709827791 0.03176979709827791 0.031775555625937556 0.031775555625937556 0.031795710472746326 0.03180722752806562 0.031815865319555096 0.031824503111044566 0.031824503111044566 0.03182738237487439 0.031833140902534036 0.03183602016636386 0.03184753722168316 0.03185617501317263 0.03188496765147087 0.031887846915300694 0.031887846915300694 0.03190800176210946 0.03192815660891823 0.03193391513657788 0.03193967366423753 0.031945432191897175 0.03196558703870594 0.03198862114934454 0.03199437967700418 0.0320087759961533 0.03201453452381295 0.03201741378764278 0.032020293051472595 0.03202605157913225 0.03203756863445154 0.032040447898281366 0.03205484421743049 0.03207499906423926 0.0320807575918989 0.032089395383388376 0.032095153911048016 0.032098033174877846 0.032098033174877846 0.03210091243870767 0.032115308757856786 0.03211818802168662 0.03214410139615503 0.03218441108977257 0.032198807408921684 0.03220168667275151 0.032227600047219924 0.032227600047219924 0.032227600047219924 0.032256392685518165 0.03226215121317782 0.03227942679615676 0.032285185323816405 0.03228806458764623 0.03229094385147606 0.0322967023791357 0.032308219434455 0.032313977962114646 0.032322615753604116 0.032368683974881296 0.032368683974881296 0.03242338998764796 0.03245794115360585 0.032463699681265494 0.03246657894509532 0.032472337472754964 0.032489613055733904 0.032509767902542674 0.0325241642216918 0.0325356812770111 0.03254143980467074 0.03254431906850057 0.032558715387649685 0.03264797256637423 0.03267964446850229 0.03268252373233212 0.03268828225999176 0.032783297966375954 0.032889830728079446 0.03289270999190927 0.032938778213186456 0.0329675708514847 0.03297908790680398 0.03297908790680398 0.03302227686425135 0.03302515612808117 0.03306258655786888 0.033094258459996945 0.033114413306805715 0.03311729257063554 0.033125930362125015 0.033131688889784655 0.033131688889784655 0.033134568153614485 0.03317775711106184 0.03321518754084955 0.03321518754084955 0.03323246312382849 0.033255497234467093 0.033318841038723214 0.033338995885531984 0.03334475441319163 0.033347633677021454 0.03341385674510741 0.03341961527276705 0.03343977011957582 0.03344840791106529 0.03345128717489512 0.03345992496638459 0.033482959077023186 0.03351751024298107 0.03351751024298107 0.03352326877064072 0.03352614803447054 0.033557819936598614 0.03356069920042843 0.033615405213195095 0.033624043004684565 0.03362692226851438 0.03368450754511086 0.03368450754511086 0.033707541655749455 0.03371042091957928 0.033796798834474 0.03380543662596347 0.03380831588979329 0.03382847073660206 0.03383422926426171 0.033860142638730134 0.03387453895787925 0.033935003498305555 0.03394939981745467 0.033952279081284495 0.03398395098341256 0.03398970951107221 0.03399258877490203 0.03402138141320027 0.03403001920468974 0.03404729478766869 0.03406169110681781 0.03409912153660552 0.03409912153660552 0.03411927638341429 0.03416246534086165 0.03416534460469147 0.03423444693660725 0.03426899810256513 0.03429491147703355 0.03430642853235285 0.03432082485150197 0.03432370411533179 0.034404323502566864 0.03441584055788616 0.03442735761320545 0.03442735761320545 0.03445615025150369 0.03454828669405806 0.03455980374937736 0.03462890608129313 0.03462890608129313 0.034686491357889614 0.03471240473235803 0.03473543884299662 0.03488803982597729 0.03489091908980712 0.034905315408956236 0.034925470255765007 0.03493410804725448 0.03496865921321237 0.03500321037917025 0.03504639933661761 0.03506943344725621 0.03510974314087374 0.035141415043001806 0.03525082706853512 0.03535448056640878 0.035561787562156104 0.035881385847266564 0.03598216008131041 0.035996556400459526 0.035999435664289356 0.036120364745141964 0.03613188180046126 0.03618082928556827 0.03627584499195245 0.03633918879620859 0.03640541186429454 0.036477393460040135 0.03657816769408397 0.03659832254089274 0.03668182119195764 0.036722130885575174 0.03685169775791725 0.036903524506854087 0.03718569236217684 0.037211605736645254 0.03723751911111367 0.03732965555366804 0.03733829334515751 0.0373498104004768 0.03746498095366976 0.03753120402175572 0.03776442439197146 0.037891112000483715 0.03832876010261696 0.038662754706876544 0.038815355689857216 0.03887582023028352 0.03917814293241503 0.04034712404732358 0.04123681657073919 0.04211499203883551 0.04220136995373023 0.04422837168992632 0.04780729663039754 0.04818448019210449 0.05078445543043555 0.051224982796398616 0.05162232120491433 0.05211467531981423 0.053099383549614035 0.05325774306025435 0.0535629450262157 0.05370402895387707 0.05372418380068584 0.054014989447498066 0.05441232785601378 0.05461099706027163 0.055322175226238154 0.05562161866453985 0.056859702111364166 0.05688273622200276 0.057585276596479815 0.05967850140076185 0.06197327467313158 0.06271036621356652 0.06965227130727215 0.07124738346899465 0.07664312388608481 0.07673238106480935 0.07739461174566888 0.08030554747762092 0.08034873643506828 0.08065393840102962 0.08099369153294886 0.08135647877550668 0.0815033212308277 0.08158394061806278 0.08178836834998028 0.08222889571594336 0.08236134185211526 0.08268957792871519 0.08276155952446079 0.08295159093722917 0.08299190063084672 0.08312722603084843 0.08357639118830097 0.08368868247766412 0.08372035437979217 0.08377793965638865 0.08420694996703243 0.08467339070746391 0.08496707561810597 0.08562930629896548 0.08603816176280049 0.08624834802237764 0.08653051587770039 0.08720138435004939 0.08743460472026512 0.08790104546069662 0.08918519712879812 0.0895566221628454 0.08956238069050505 0.08959117332880329 0.08964300007774013 0.08976104989476291 0.09082925677562761 0.09226313016287996 0.0975724926650754 0.09826927451189281 0.09837580727359628 0.09838732432891559 0.10006593514170298 0.10016095084808715 0.10036249931617484 0.10081742300128703 0.10106216042682208 0.10117157245235538 0.1026371177417358 0.10266303111620421 0.10280699430769541 0.10289049295876031 0.10324464240982865 0.10392990720132676 0.10495492512474411 0.10507585420559672 0.10532922942262123 0.10553941568219838 0.10561715580560362 0.10565746549922116 0.10591947850773514 0.10613542329497194 0.1063456095545491 0.10635136808220874 0.106478055690721 0.10693585863966301 0.10705390845668579 0.1071028559417928 0.10805589226946455 0.10868933031202582 0.10902044565245558 0.10927670013330991 0.10942642185246076 0.11098410358439555 0.11147645769929544 0.11251011341420226 0.11470987098018778 0.11567730362700865 0.11663033995468039 0.1649990930318936 0.16572178825317946 0.16846860594683152 0.16918266337662788 0.16933814362343838 0.17105418486601348 0.1724131973936904 0.17270688230433245 0.1737549343383884 0.17486920944053028 0.17520608330861967 0.17555447423202838 0.17559190466181607 0.17629732430012296 0.17632035841076155 0.1775613211214157 0.1775642003852455 0.17756707964907534 0.17929463794696973 0.18731338771302955 0.18801304882367678 0.19241256395564785 0.19678040718549084 0.19678040718549084 0.19901183665360442 0.20027295421106733 0.20065877556426376 0.20491432750474362 0.20526847695581196 0.2068808647005134 0.20768130004520446 0.20783965955584477 0.20945492656437603 0.20960464828352687 0.2100019866920426 0.21001350374736188 0.21045403111332495 0.21069301001120036 0.21090895479843716 0.21275456291335434 0.2130511270878262 0.21307128193463498 0.21529119434742927 0.21572020465807307 0.2161348186495677 0.21704754528362188 0.21779615387937615 0.21818197523257257 0.21924154432194778 0.2195208329134407 0.22124551194750527 0.22140099219431578 0.22176665870070345 0.22206034361134547 0.22341071834753293 0.22505477799436244 0.22510084621563958 0.22530527394755712 0.22671323396034104 0.22855308354759857 0.22980556331357202 0.22994664724123337 0.23070965215613673 0.2309659066369911 0.23120776479869629 0.23129126344976117 0.23212912922423998 0.23246600309232937 0.23285758297318543 0.23331826518595727 0.23368969022000458 0.23370696580298353 0.23390275574341154 0.2339891336583063 0.23619464975195145 0.2362954239859953 0.23927546204986314 0.2416422169179784 0.24233899876479584 0.2429321271137396 0.2440751948541797 0.24417884835205336 0.2449389740031269 0.24613386849250385 0.24645922530527398 0.246490897207402 0.24652256910953008 0.24664349819038273 0.24687671856059848 0.2484891063052999 0.2490044945308384 0.25274465824577974 0.25452116402878117 0.2558686595011388 0.2559550374160335 0.257616372645842 0.2580856926501032 0.25813176087138046 0.25978157904586957 0.262131058331006 0.2623786750203708 0.2625341552671813 0.262539913794841 0.26404001025017926 0.26458994964167565 0.2652493010587053 0.2658337916161596 0.2658741013097771 0.2661821825395683 0.268183270901296 0.26851726550555555 0.2695250078459939 0.27006343018217105 0.27040318331409025 0.27042333816089903 0.2721163452928355 0.27273538701624767 0.2733054812545529 0.27353294309710896 0.2736452343864721 0.2738870925481773 0.2747278375864859 0.2751827612715981 0.2758651467992664 0.27809657626738 0.28187129114827925 0.28302875520786847 0.28538975154832413 0.2860663785483328 0.2865875253015309 0.287241118190901 0.28732461684196586 0.28813081071431657 0.2886490782036849 0.28916734569305325 0.28939768679943917 0.29049180705477223 0.2905493923313687 0.29077973343775465 0.2910100745441406 0.2927664254803332 0.2936877899058769 0.2943788132250346 0.29460915433142054 0.2968837727569815 0.29815064884210407 0.2982370267569988 0.298985635352753 0.29921597645913894 0.3032469458208925 0.3039379691400503 0.30431227343792744 0.3070475740762602 0.3115968109273821 0.3125181753529258 0.3161172551402058 0.32222129445943265 0.3291315276510102 0.32959220986378207 0.34050461977881497 0.3548145610130402 0.3646040580344418 0.37165825441751055 0.37424959186435214 0.37543009003458 0.37741678207715856 0.3798641563325089 0.3801232900771931 0.38311772446021003 0.38426942999213964 0.38498924594959566 0.38616974411982347 0.3910069073539278 0.3919282717794714 0.392475331907138 0.3926192950986292 0.39302239203480455 0.398953675524242 0.39904005343913673 0.40828249033287173 0.4367872022481292 0.4427760710141631 0.45351572509940663 0.45584792880156405 0.46811359271661424 0.4749662406315953 0.47761516335503335 0.47833497931248936 0.48164613271678697 0.4836616173976637 0.4851588345891722 0.48596502846152295 0.4868576002487684 0.4872319045466455 0.4880380984189962 0.4894777303339082 0.49094615488711846 0.49267371318501285 0.4933935291424688 0.49411334509992483 0.4982018997382749 0.498691374589345 0.4989793009723274 0.5046802433553789 0.5082793231426589 0.5095174065894832 0.5106403194831145 0.510697904759711 0.5126845968022896 0.5155062753555171 0.5174929673980956 0.5191917330576918 0.521379973568358 0.5215239367598492 0.524863882802445 0.5267066116535324 0.5351428546749167 0.5358626706323727 0.5368128276962146 0.5397784694409333 0.5398072620792316 0.5399512252707228 0.5432335860367221 0.5433775492282134 0.5470917995686863 0.5504893308878785 0.5516698290581064 0.5523608523772642 0.553771691653878 0.5578890389305262 0.5592422929305435 0.5623806905050517 0.5656342586327527 0.5663252819519106 0.5685711077391732 0.5696076427179099 0.5760571936967156 0.5785621532286624 0.5796274808456974 0.5808079790159252 0.5838024133989421 0.5841191324202227 0.5845798146329946 0.5879485533138887 0.589906452718169 0.5929296797394842 0.5933039840373613 0.5934191545905543 0.5951467128884487 0.5956073951012205 0.5961256625905889 0.5969030638246413 0.5996095718246759 0.6028919325906752 0.6049362099098502 0.6060591228034816 0.6061455007183764 0.6082473633141479 0.6171442885483039 0.6247743376973375 0.6249183008888287 0.6280279058250386 0.6351684801230021 0.6354276138676863 0.6363777709315283 0.6412437268039307 0.6425681881656498 0.6593255036552255 0.6654295429744522 0.6695468902511006 0.6728292510170999 0.6806032633576247 0.6929265125492714 0.6973317862089021 0.697446956762095 0.7066030157409353 0.7071212832303037 0.7093671090175664 0.7147801250176354 0.7165076833155298 0.7167668170602141 0.7186095459113014 0.7191853986772662 0.7199627999113186 0.7202219336560028 0.721805528762406 0.7228996490177392 0.7237346355283881 0.7238210134432828 0.7264411435284226 0.7280823239114224 0.7284566282092995 0.7303569423369832 0.7304721128901762 0.731047965656141 0.7313934773157199 0.731998122719983 0.7357699583370524 0.7380445767626134 0.7385628442519816 0.7401464393583849 0.7405495362945602 0.7419027902945775 0.7435151780392789 0.7435727633158754 0.7437455191456648 0.7446956762095067 0.745933759656331 0.7471430504648572 0.7472870136563483 0.7477476958691202 0.7480644148904008 0.7491009498691374 0.7507133376138388 0.7510588492734178 0.7523833106351367 0.7560399756990133 0.7561551462522063 0.7572780591458376 0.7589192395288372 0.7589768248054337 0.7606467978267316 0.7615969548905736 0.7622016002948366 0.762489526677819 0.7640731217842222 0.7646777671884852 0.7655127536991342 0.7668372150608532 0.7700619905502561 0.7702635390183438 0.7719335120396417 0.772682120635396 0.7727109132736941 0.7736322776992378 0.7745824347630798 0.7747551905928692 0.7757629329333076 0.7783830630184474 0.7806576814440084 0.7831626409759552 0.7853220888483232 0.7862434532738669 0.7863874164653581 0.7877694631036737 0.7882877305930419 0.7894682287632698 0.7919156030186202 0.7923474925930938 0.7935855760399181 0.7941902214441812 0.7943341846356723 0.7964936325080403 0.799574444805952 0.8006109797846886 0.8034902436145126 0.8039509258272844 0.8060527884230559 0.8063983000826349 0.8070029454868979 0.808816881699687 0.8155831516997734 0.816734857231703 0.818894305104071 0.8196717063381235 0.8202187664657901 0.8238466388913682 0.8244512842956313 0.8247967959552102 0.825372648721175 0.8277048524233324 0.829691544465911 0.8310447984659283 0.8315630659552965 0.8367457408489797 0.8369472893170674 0.8388763960830494 0.8404311985511544 0.8425618537852242 0.843972693061838 0.8453835323384516 0.8455850808065394 0.8514875716576785 0.8518618759555556 0.8540789091045201 0.857303684593923 0.8573324772322213 0.859463132466291 0.8596934735726769 0.8610179349343959 0.8641275398706059 0.8669492184238334 0.8673235227217105 0.8683888503387454 0.870145201274938 0.8719015522111306 0.8763068258707614 0.8786102369346206 0.8799059056580414 0.8818350124240234 0.8845991057006545 0.8867585535730225 0.8877087106368644 0.8877375032751627 0.8882845634028291 0.8885724897858116 0.8900121217007235 0.8928338002539511 0.8932081045518282 0.8932656898284247 0.8945901511901437 0.8953675524241962 0.8957418567220733 0.8979013045944413 0.8998592039987217 0.9082666543818076 0.90855458076479 0.9164437636585078 0.9178258102968233 0.9184016630627881 0.9203307698287702 0.9208202446798402 0.9277880631480143 0.9315023134884872 0.9325388484672239 0.9325676411055221 0.9358500018715215 0.935907587148118 0.940600787190731 0.9425586865950114 0.9445741712758882 0.9475110203823086 0.9486627259142383 0.9545940094036757 0.9582794671058503 0.9583946376590433 0.9640955800420948 0.9785782771061096 0.994961288297808 1.0

bonr,15 5.945679808586544e-06 2.46868080769109e-05 9.973769906510304e-06 8.531258727768485e-06 1.9550201404504916e-06 1.2616934102288731e-05 9.792376285231395e-06 4.387998076651764e-06 3.486788497916859e-06 2.8792638298239933e-06 2.8792638298239933e-06 1.1413401821422307e-05 0.0005318576146450876 0.00043943324570773745 0.00042017097068621493 2.8792638298239933e-06 0.0005406681619643491 3.838058685155385e-06 0.00047409958221881837 0.001102700461545992

ExpProgressive,40 3.296757085148471e-06 6.363173063911022e-06 2.263101370241657e-06 8.531258727768485e-06 1.8513666425768268e-06 0.0004453069439205784 9.792376285231395e-06 4.387998076651764e-06 3.486788497916859e-06 3.855334268134327e-06 0.000465058693793171 1.465545289380416e-06 2.1879525842832505e-05 0.0004086827080052173 1.7131619787452775e-06 3.311153404297608e-07 0.0005406681619643491 1.465545289380416e-06 2.8792638298239933e-06 0.001102700461545992

rand,15 4.544054176228223e-05 4.544054176228223e-05 4.544054176228223e-05 4.544054176228223e-05 4.544054176228223e-05 4.544054176228223e-05 4.544054176228223e-05 4.544054176228223e-05 4.544054176228223e-05 4.544054176228223e-05 4.544054176228223e-05 4.544054176228223e-05 4.544054176228223e-05 4.544054176228223e-05 4.544054176228223e-05 4.544054176228223e-05 4.544054176228223e-05 4.544054176228223e-05 4.544054176228223e-05 4.544054176228223e-05

