#
 0,                b2,55,  0.05,  0.01, *                   |                   ,  0.04,  0.81
 0,                b2,60,  0.05,  0.01, *                   |                   ,  0.04,  0.81
 0,                b2,50,  0.05,  0.01, *                   |                   ,  0.04,  0.81
 0,         UCB_minus,55,  0.05,  0.01, *                   |                   ,  0.04,  0.81
 0,                EI,55,  0.05,  0.01, *                   |                   ,  0.04,  0.81
 0,          UCB_plus,55,  0.05,  0.01, *                   |                   ,  0.04,  0.81
 0,                PI,55,  0.05,  0.01, *                   |                   ,  0.04,  0.81
 0,                b2,45,  0.05,  0.00, *                   |                   ,  0.04,  0.81
 0,                EI,60,  0.05,  0.01, *                   |                   ,  0.04,  0.81
 0,          UCB_plus,60,  0.05,  0.01, *                   |                   ,  0.04,  0.81
 0,                PI,60,  0.05,  0.01, *                   |                   ,  0.04,  0.81
 0,         UCB_minus,60,  0.05,  0.01, *                   |                   ,  0.04,  0.81
 0,                PI,50,  0.05,  0.01, *                   |                   ,  0.04,  0.81
 0,          UCB_plus,50,  0.05,  0.01, *                   |                   ,  0.04,  0.81
 0,         UCB_minus,50,  0.05,  0.01, *                   |                   ,  0.04,  0.81
 0,                EI,50,  0.05,  0.01, *                   |                   ,  0.04,  0.81
 0,                b2,40,  0.06,  0.00, *                   |                   ,  0.04,  0.81
 0,                b2,35,  0.06,  0.01, *                   |                   ,  0.04,  0.81
 0,                PI,45,  0.06,  0.01, *                   |                   ,  0.04,  0.81
 0,                b2,30,  0.06,  0.01, *                   |                   ,  0.04,  0.81
 0,                EI,45,  0.06,  0.01, *                   |                   ,  0.04,  0.81
 0,         UCB_minus,45,  0.06,  0.01, *                   |                   ,  0.04,  0.81
 0,          UCB_plus,45,  0.06,  0.01, *                   |                   ,  0.04,  0.81
 0,             focus,60,  0.06,  0.06, *--                 |                   ,  0.04,  0.81
 0,             focus,55,  0.06,  0.06, *--                 |                   ,  0.04,  0.81
 0,             focus,50,  0.06,  0.06, *--                 |                   ,  0.04,  0.81
 0,             focus,45,  0.06,  0.06, *--                 |                   ,  0.04,  0.81
 0,                b2,25,  0.06,  0.01, *                   |                   ,  0.04,  0.81
 0,             focus,35,  0.06,  0.06, *--                 |                   ,  0.04,  0.81
#
 1,             focus,40,  0.06,  0.06, *--                 |                   ,  0.04,  0.81
 1,         UCB_minus,35,  0.06,  0.01, *                   |                   ,  0.04,  0.81
 1,              bonr,50,  0.06,  0.01, *                   |                   ,  0.04,  0.81
 1,          UCB_plus,35,  0.06,  0.01, *                   |                   ,  0.04,  0.81
 1,              rand,60,  0.06,  0.01, *                   |                   ,  0.04,  0.81
 1,              bonr,60,  0.06,  0.02, *                   |                   ,  0.04,  0.81
 1,              bonr,55,  0.06,  0.01, *                   |                   ,  0.04,  0.81
 1,                EI,35,  0.06,  0.01, *                   |                   ,  0.04,  0.81
 1,              rand,50,  0.06,  0.01, *                   |                   ,  0.04,  0.81
 1,                PI,35,  0.06,  0.01, *                   |                   ,  0.04,  0.81
 1,              bonr,45,  0.06,  0.01, *                   |                   ,  0.04,  0.81
 1,              rand,55,  0.06,  0.01, *                   |                   ,  0.04,  0.81
 1,                EI,30,  0.06,  0.01, *                   |                   ,  0.04,  0.81
 1,          UCB_plus,30,  0.06,  0.01, *                   |                   ,  0.04,  0.81
 1,              bonr,30,  0.06,  0.02, *                   |                   ,  0.04,  0.81
 1,              bonr,40,  0.06,  0.01, *                   |                   ,  0.04,  0.81
 1,         UCB_minus,30,  0.06,  0.01, *                   |                   ,  0.04,  0.81
 1,                PI,30,  0.06,  0.01, *                   |                   ,  0.04,  0.81
 1,              bonr,35,  0.06,  0.01, *                   |                   ,  0.04,  0.81
 1,              rand,40,  0.06,  0.01, *                   |                   ,  0.04,  0.81
 1,                b2,20,  0.06,  0.01, *                   |                   ,  0.04,  0.81
 1,              rand,45,  0.06,  0.01, *                   |                   ,  0.04,  0.81
 1,              rand,35,  0.06,  0.01, *                   |                   ,  0.04,  0.81
 1,                EI,40,  0.06,  0.01, *                   |                   ,  0.04,  0.81
 1,          UCB_plus,40,  0.06,  0.01, *                   |                   ,  0.04,  0.81
 1,                PI,40,  0.06,  0.01, *                   |                   ,  0.04,  0.81
 1,         UCB_minus,40,  0.06,  0.01, *                   |                   ,  0.04,  0.81
 1,             focus,25,  0.06,  0.07, *---                |                   ,  0.04,  0.81
 1,             focus,30,  0.06,  0.07, *---                |                   ,  0.04,  0.81
 1,              bonr,25,  0.06,  0.02, *                   |                   ,  0.04,  0.81
 1,             focus,20,  0.06,  0.07, *---                |                   ,  0.04,  0.81
 1,                b2,15,  0.06,  0.02, *                   |                   ,  0.04,  0.81
 1,              rand,30,  0.06,  0.02, *                   |                   ,  0.04,  0.81
 1,              rand,25,  0.06,  0.02, *                   |                   ,  0.04,  0.81
 1,              bonr,20,  0.06,  0.02, *                   |                   ,  0.04,  0.81
 1,              bonr,15,  0.06,  0.06, *--                 |                   ,  0.04,  0.81
 1,         UCB_minus,25,  0.06,  0.01, -*                  |                   ,  0.04,  0.81
 1,                PI,25,  0.06,  0.01, -*                  |                   ,  0.04,  0.81
#
 2,          UCB_plus,25,  0.06,  0.01, -*                  |                   ,  0.04,  0.81
 2,                EI,25,  0.06,  0.01, -*                  |                   ,  0.04,  0.81
 2,                b2,10,  0.07,  0.08, -*--                |                   ,  0.04,  0.81
 2,          UCB_plus,15,  0.07,  0.06, -*-                 |                   ,  0.04,  0.81
 2,                EI,15,  0.07,  0.06, -*-                 |                   ,  0.04,  0.81
 2,                PI,15,  0.07,  0.06, -*-                 |                   ,  0.04,  0.81
 2,         UCB_minus,15,  0.07,  0.06, -*-                 |                   ,  0.04,  0.81
 2,              rand,20,  0.07,  0.06, -*-                 |                   ,  0.04,  0.81
 2,              rand,15,  0.07,  0.07, -*--                |                   ,  0.04,  0.81
 2,              rand,10,  0.07,  0.09, -*---               |                   ,  0.04,  0.81
 2,                EI,20,  0.07,  0.02, -*                  |                   ,  0.04,  0.81
 2,                PI,20,  0.07,  0.02, -*                  |                   ,  0.04,  0.81
 2,          UCB_plus,20,  0.07,  0.02, -*                  |                   ,  0.04,  0.81
 2,         UCB_minus,20,  0.07,  0.02, -*                  |                   ,  0.04,  0.81
 2,             focus,15,  0.07,  0.08, -*--                |                   ,  0.04,  0.81
 2,              bonr,10,  0.07,  0.07, -*--                |                   ,  0.04,  0.81
#
 3,             focus,10,  0.07,  0.08, -*--                |                   ,  0.04,  0.81
 3,          UCB_plus,10,  0.14,  0.07,    --*-             |                   ,  0.04,  0.81
 3,                PI,10,  0.14,  0.07,    --*-             |                   ,  0.04,  0.81
 3,         UCB_minus,10,  0.14,  0.07,    --*-             |                   ,  0.04,  0.81
 3,                EI,10,  0.14,  0.07,    --*-             |                   ,  0.04,  0.81
#
 4,        baseline,2736,  0.44,  0.36,        -------------*-----              ,  0.04,  0.81
