#
 0,              bonr,60,  0.02,  0.02, *                   |                   ,  0.00,  0.97
 0,              bonr,55,  0.02,  0.02, *                   |                   ,  0.00,  0.97
 0,              bonr,50,  0.03,  0.04, -*                  |                   ,  0.00,  0.97
 0,             focus,60,  0.03,  0.01, -*                  |                   ,  0.00,  0.97
 0,             focus,55,  0.03,  0.02, -*                  |                   ,  0.00,  0.97
 0,             focus,50,  0.03,  0.02,  *                  |                   ,  0.00,  0.97
 0,              bonr,45,  0.03,  0.04, -*                  |                   ,  0.00,  0.97
#
 1,             focus,40,  0.04,  0.03, -*                  |                   ,  0.00,  0.97
 1,             focus,45,  0.04,  0.02, -*                  |                   ,  0.00,  0.97
 1,                b2,60,  0.04,  0.03, -*                  |                   ,  0.00,  0.97
#
 2,                b2,55,  0.04,  0.03, -*                  |                   ,  0.00,  0.97
 2,              bonr,40,  0.04,  0.04,  *                  |                   ,  0.00,  0.97
 2,                b2,50,  0.05,  0.03,  *                  |                   ,  0.00,  0.97
 2,                b2,45,  0.05,  0.03,  *                  |                   ,  0.00,  0.97
 2,                b2,40,  0.05,  0.03,  -*                 |                   ,  0.00,  0.97
 2,                EI,60,  0.05,  0.02,  -*                 |                   ,  0.00,  0.97
 2,                PI,60,  0.05,  0.02,  -*                 |                   ,  0.00,  0.97
 2,         UCB_minus,60,  0.05,  0.02,  -*                 |                   ,  0.00,  0.97
 2,          UCB_plus,60,  0.05,  0.02,  -*                 |                   ,  0.00,  0.97
 2,                b2,35,  0.05,  0.03,  -*                 |                   ,  0.00,  0.97
#
 3,             focus,35,  0.05,  0.03,  -*                 |                   ,  0.00,  0.97
 3,                b2,30,  0.05,  0.04,  -*                 |                   ,  0.00,  0.97
 3,                EI,55,  0.06,  0.02,  -*                 |                   ,  0.00,  0.97
 3,              rand,60,  0.06,  0.03,  -*                 |                   ,  0.00,  0.97
 3,              rand,55,  0.06,  0.03,  -*                 |                   ,  0.00,  0.97
 3,         UCB_minus,55,  0.06,  0.02,  -*                 |                   ,  0.00,  0.97
 3,                PI,55,  0.06,  0.02,  -*                 |                   ,  0.00,  0.97
 3,          UCB_plus,55,  0.06,  0.02,  -*                 |                   ,  0.00,  0.97
 3,              bonr,35,  0.06,  0.05,  -*                 |                   ,  0.00,  0.97
 3,              rand,50,  0.06,  0.03,   *                 |                   ,  0.00,  0.97
 3,              rand,45,  0.06,  0.04,   *                 |                   ,  0.00,  0.97
 3,              bonr,30,  0.06,  0.05,  -*                 |                   ,  0.00,  0.97
#
 4,          UCB_plus,50,  0.06,  0.03,   *                 |                   ,  0.00,  0.97
 4,                PI,50,  0.06,  0.03,   *                 |                   ,  0.00,  0.97
 4,         UCB_minus,50,  0.06,  0.03,   *                 |                   ,  0.00,  0.97
 4,                EI,50,  0.06,  0.03,   *                 |                   ,  0.00,  0.97
 4,             focus,30,  0.06,  0.04,  -*                 |                   ,  0.00,  0.97
 4,                b2,25,  0.06,  0.04,   *                 |                   ,  0.00,  0.97
 4,                PI,35,  0.07,  0.04,   *                 |                   ,  0.00,  0.97
 4,          UCB_plus,35,  0.07,  0.04,   *                 |                   ,  0.00,  0.97
 4,                EI,35,  0.07,  0.04,   *                 |                   ,  0.00,  0.97
 4,         UCB_minus,35,  0.07,  0.04,   *                 |                   ,  0.00,  0.97
 4,              bonr,25,  0.07,  0.07,   *--               |                   ,  0.00,  0.97
 4,                b2,20,  0.07,  0.04,   *                 |                   ,  0.00,  0.97
 4,              bonr,20,  0.07,  0.08,   *--               |                   ,  0.00,  0.97
 4,              rand,40,  0.07,  0.04,   *                 |                   ,  0.00,  0.97
 4,              rand,35,  0.07,  0.04,   *                 |                   ,  0.00,  0.97
 4,                EI,45,  0.07,  0.04,   -*                |                   ,  0.00,  0.97
 4,                PI,45,  0.07,  0.04,   -*                |                   ,  0.00,  0.97
 4,          UCB_plus,45,  0.07,  0.04,   -*                |                   ,  0.00,  0.97
 4,         UCB_minus,45,  0.07,  0.04,   -*                |                   ,  0.00,  0.97
 4,             focus,25,  0.07,  0.06,   -*                |                   ,  0.00,  0.97
 4,                b2,15,  0.07,  0.06,   -*                |                   ,  0.00,  0.97
 4,                PI,25,  0.07,  0.02,   -*                |                   ,  0.00,  0.97
 4,                EI,25,  0.07,  0.02,   -*                |                   ,  0.00,  0.97
 4,          UCB_plus,25,  0.07,  0.02,   -*                |                   ,  0.00,  0.97
 4,         UCB_minus,25,  0.07,  0.02,   -*                |                   ,  0.00,  0.97
 4,          UCB_plus,40,  0.08,  0.05,  --*                |                   ,  0.00,  0.97
 4,                EI,40,  0.08,  0.05,  --*                |                   ,  0.00,  0.97
 4,                PI,40,  0.08,  0.05,  --*                |                   ,  0.00,  0.97
 4,         UCB_minus,40,  0.08,  0.05,  --*                |                   ,  0.00,  0.97
 4,              rand,30,  0.08,  0.04,   -*                |                   ,  0.00,  0.97
 4,              rand,25,  0.08,  0.04,   -*                |                   ,  0.00,  0.97
 4,                EI,20,  0.08,  0.07,  --*                |                   ,  0.00,  0.97
 4,                EI,30,  0.08,  0.04,   -*                |                   ,  0.00,  0.97
 4,                PI,20,  0.08,  0.07,  --*                |                   ,  0.00,  0.97
 4,          UCB_plus,30,  0.08,  0.04,   -*                |                   ,  0.00,  0.97
 4,                PI,30,  0.08,  0.04,   -*                |                   ,  0.00,  0.97
 4,         UCB_minus,20,  0.08,  0.07,  --*                |                   ,  0.00,  0.97
 4,          UCB_plus,20,  0.08,  0.07,  --*                |                   ,  0.00,  0.97
 4,         UCB_minus,30,  0.08,  0.04,   -*                |                   ,  0.00,  0.97
 4,          UCB_plus,15,  0.09,  0.04,   -*                |                   ,  0.00,  0.97
#
 5,                PI,15,  0.09,  0.04,   -*                |                   ,  0.00,  0.97
 5,                EI,15,  0.09,  0.04,   -*                |                   ,  0.00,  0.97
 5,         UCB_minus,15,  0.09,  0.04,   -*                |                   ,  0.00,  0.97
 5,              rand,20,  0.09,  0.06,   -*-               |                   ,  0.00,  0.97
 5,                PI,10,  0.10,  0.04,    -*               |                   ,  0.00,  0.97
 5,         UCB_minus,10,  0.10,  0.04,    -*               |                   ,  0.00,  0.97
 5,                EI,10,  0.10,  0.04,    -*               |                   ,  0.00,  0.97
 5,          UCB_plus,10,  0.10,  0.04,    -*               |                   ,  0.00,  0.97
 5,                b2,10,  0.10,  0.06,   --*               |                   ,  0.00,  0.97
 5,             focus,20,  0.11,  0.07,    -*-              |                   ,  0.00,  0.97
 5,             focus,15,  0.11,  0.08,   --*               |                   ,  0.00,  0.97
 5,              rand,15,  0.11,  0.05,    -*               |                   ,  0.00,  0.97
#
 6,              rand,10,  0.12,  0.05,    -*-              |                   ,  0.00,  0.97
 6,              bonr,15,  0.12,  0.05,    -*               |                   ,  0.00,  0.97
 6,             focus,10,  0.12,  0.06,     -*              |                   ,  0.00,  0.97
 6,              bonr,10,  0.13,  0.06,     -*-             |                   ,  0.00,  0.97
#
 7,       baseline,10000,  0.24,  0.14,        ---*--       |                   ,  0.00,  0.97
